Date,County,State,Vehicle Primary Use,Battery Electric Vehicles (BEVs),Plug-In Hybrid Electric Vehicles (PHEVs),Electric Vehicle (EV) Total,Non-Electric Vehicle Total,Total Vehicles,Percent Electric Vehicles
January 31 2017,NULL,NULL,Passenger,9,4,13,2597,2610,0.50
January 31 2017,NULL,WA,Truck,0,0,0,1,1,0.00
January 31 2017,NULL,CA,Passenger,1,0,1,469,470,0.21
January 31 2017,Adams,WA,Truck,0,0,0,5283,5283,0.00
January 31 2017,Adams,WA,Passenger,2,1,3,12501,12504,0.02
January 31 2017,Allegheny,PA,Passenger,1,0,1,89,90,1.11
January 31 2017,Anne Arundel,MD,Passenger,0,2,2,516,518,0.39
January 31 2017,Alameda,CA,Passenger,6,1,7,389,396,1.77
January 31 2017,Alexandria City,VA,Passenger,1,0,1,186,187,0.53
January 31 2017,Asotin,WA,Passenger,4,4,8,12412,12420,0.06
January 31 2017,Asotin,WA,Truck,0,0,0,6647,6647,0.00
January 31 2017,Arlington,VA,Passenger,1,1,2,176,178,1.12
January 31 2017,Benton,WA,Truck,0,0,0,40975,40975,0.00
January 31 2017,Benton,WA,Passenger,129,133,262,129559,129821,0.20
January 31 2017,Bexar,TX,Passenger,1,4,5,1114,1119,0.45
January 31 2017,Columbia,WA,Passenger,0,1,1,2363,2364,0.04
January 31 2017,Brown,WI,Passenger,1,0,1,23,24,4.17
January 31 2017,Cascade,MT,Passenger,0,1,1,58,59,1.69
January 31 2017,Charles,MD,Passenger,0,1,1,89,90,1.11
January 31 2017,Clackamas,OR,Passenger,1,2,3,422,425,0.71
January 31 2017,Canyon,ID,Passenger,0,1,1,105,106,0.94
January 31 2017,Chelan,WA,Truck,0,0,0,21863,21863,0.00
January 31 2017,Clallam,WA,Passenger,74,68,142,48746,48888,0.29
January 31 2017,Clallam,WA,Truck,0,0,0,21566,21566,0.00
January 31 2017,Ferry,WA,Passenger,2,1,3,4527,4530,0.07
January 31 2017,Clark,NV,Passenger,1,3,4,888,892,0.45
January 31 2017,Clark,WA,Passenger,681,450,1131,301465,302596,0.37
January 31 2017,Chelan,WA,Passenger,54,28,82,52807,52889,0.16
January 31 2017,Cumberland,NC,Passenger,1,0,1,657,658,0.15
January 31 2017,Columbia,WA,Truck,0,0,0,1607,1607,0.00
January 31 2017,Dakota,MN,Passenger,0,1,1,42,43,2.33
January 31 2017,Contra Costa,CA,Passenger,1,0,1,254,255,0.39
January 31 2017,District Of Columbia,DC,Passenger,0,3,3,236,239,1.26
January 31 2017,Cobb,GA,Passenger,0,1,1,75,76,1.32
January 31 2017,Gwinnett,GA,Passenger,0,1,1,91,92,1.09
January 31 2017,Clark,WA,Truck,0,0,0,79525,79525,0.00
January 31 2017,Collier,FL,Passenger,0,1,1,20,21,4.76
January 31 2017,Duval,FL,Passenger,1,1,2,367,369,0.54
January 31 2017,Dane,WI,Passenger,1,0,1,184,185,0.54
January 31 2017,Cowlitz,WA,Truck,0,0,0,28702,28702,0.00
January 31 2017,Douglas,WA,Passenger,29,19,48,27071,27119,0.18
January 31 2017,Deschutes,OR,Passenger,1,1,2,234,236,0.85
January 31 2017,Ferry,WA,Truck,0,0,0,3772,3772,0.00
January 31 2017,Fairfax City,VA,Passenger,1,0,1,6,7,14.29
January 31 2017,Dekalb,GA,Passenger,1,0,1,87,88,1.14
January 31 2017,Cowlitz,WA,Passenger,51,51,102,70074,70176,0.15
January 31 2017,Dale,AL,Passenger,0,1,1,68,69,1.45
January 31 2017,Garfield,WA,Truck,0,0,0,965,965,0.00
January 31 2017,Franklin,OH,Passenger,1,0,1,116,117,0.85
January 31 2017,Douglas,WA,Truck,0,0,0,11744,11744,0.00
January 31 2017,Glacier,MT,Passenger,0,1,1,4,5,20.00
January 31 2017,Dekalb,IN,Passenger,1,0,1,1,2,50.00
January 31 2017,Hamilton,IN,Passenger,1,0,1,67,68,1.47
January 31 2017,El Paso,CO,Passenger,1,1,2,878,880,0.23
January 31 2017,Jefferson,WA,Truck,0,0,0,9697,9697,0.00
January 31 2017,Harnett,NC,Passenger,1,0,1,271,272,0.37
January 31 2017,Juneau,AK,Passenger,0,1,1,51,52,1.92
January 31 2017,Franklin,WA,Truck,0,0,0,18439,18439,0.00
January 31 2017,Howard,MD,Passenger,0,1,1,97,98,1.02
January 31 2017,El Paso,TX,Passenger,0,1,1,595,596,0.17
January 31 2017,Fulton,GA,Passenger,1,2,3,127,130,2.31
January 31 2017,Franklin,WA,Passenger,26,43,69,56236,56305,0.12
January 31 2017,Garfield,WA,Passenger,0,0,0,1316,1316,0.00
January 31 2017,Island,WA,Passenger,102,127,229,60301,60530,0.38
January 31 2017,Jefferson,WA,Passenger,88,56,144,23953,24097,0.60
January 31 2017,Jefferson,NY,Passenger,1,1,2,266,268,0.75
January 31 2017,Lane,OR,Passenger,0,1,1,289,290,0.34
January 31 2017,Fairfax,VA,Passenger,0,3,3,861,864,0.35
January 31 2017,Kitsap,WA,Passenger,562,277,839,174640,175479,0.48
January 31 2017,Gallatin,MT,Passenger,0,1,1,77,78,1.28
January 31 2017,Kitsap,WA,Truck,1,0,1,53683,53684,0.00
January 31 2017,Lewis,NY,Passenger,0,1,1,9,10,10.00
January 31 2017,Kittitas,WA,Truck,0,0,0,13868,13868,0.00
January 31 2017,Kittitas,WA,Passenger,16,16,32,27742,27774,0.12
January 31 2017,Klickitat,WA,Passenger,21,24,45,15084,15129,0.30
January 31 2017,Lincoln,WA,Passenger,2,4,6,7718,7724,0.08
January 31 2017,Grant,WA,Passenger,16,26,42,61779,61821,0.07
January 31 2017,Grant,WA,Truck,0,0,0,26046,26046,0.00
January 31 2017,Island,WA,Truck,1,0,1,21021,21022,0.00
January 31 2017,Grays Harbor,WA,Passenger,26,27,53,44961,45014,0.12
January 31 2017,Jackson,MO,Passenger,1,0,1,71,72,1.39
January 31 2017,Maricopa,AZ,Passenger,2,0,2,1806,1808,0.11
January 31 2017,Grays Harbor,WA,Truck,0,0,0,20424,20424,0.00
January 31 2017,Guilford,NC,Passenger,1,0,1,34,35,2.86
January 31 2017,Marion,OR,Passenger,1,0,1,210,211,0.47
January 31 2017,Maui,HI,Passenger,1,0,1,84,85,1.18
January 31 2017,Hamilton,TN,Passenger,1,0,1,24,25,4.00
January 31 2017,King,WA,Truck,8,1,9,195045,195054,0.00
January 31 2017,Hardin,KY,Passenger,0,1,1,128,129,0.78
January 31 2017,Honolulu,HI,Passenger,4,1,5,655,660,0.76
January 31 2017,Montgomery,MD,Passenger,1,2,3,308,311,0.96
January 31 2017,Lake,IL,Passenger,1,0,1,191,192,0.52
January 31 2017,Latah,ID,Passenger,0,1,1,130,131,0.76
January 31 2017,Okanogan,NULL,Passenger,3,11,14,19667,19681,0.07
January 31 2017,Hidalgo,TX,Passenger,0,1,1,102,103,0.97
January 31 2017,Los Angeles,CA,Passenger,2,1,3,1434,1437,0.21
January 31 2017,Orleans,LA,Passenger,0,1,1,52,53,1.89
January 31 2017,Lewis,WA,Passenger,43,41,84,55774,55858,0.15
January 31 2017,Hood River,OR,Passenger,1,0,1,41,42,2.38
January 31 2017,Lewis,WA,Truck,0,0,0,25702,25702,0.00
January 31 2017,Pend Oreille,WA,Passenger,1,4,5,9626,9631,0.05
January 31 2017,Madison,ID,Passenger,1,0,1,45,46,2.17
January 31 2017,Pend Oreille,WA,Truck,0,0,0,5856,5856,0.00
January 31 2017,King,WA,Passenger,8825,4004,12829,1393850,1406679,0.91
January 31 2017,Pacific,WA,Passenger,5,7,12,15233,15245,0.08
January 31 2017,Loudoun,VA,Passenger,0,1,1,85,86,1.16
January 31 2017,Marin,CA,Passenger,1,0,1,54,55,1.82
January 31 2017,Klickitat,WA,Truck,0,0,0,8231,8231,0.00
January 31 2017,Prince William,VA,Passenger,0,3,3,270,273,1.10
January 31 2017,Pierce,WA,Passenger,829,807,1636,533685,535321,0.31
January 31 2017,Mason,WA,Passenger,50,60,110,43587,43697,0.25
January 31 2017,Manassas City,VA,Passenger,0,1,1,8,9,11.11
January 31 2017,Manatee,FL,Passenger,1,0,1,51,52,1.92
January 31 2017,Miami-Dade,FL,Passenger,0,1,1,131,132,0.76
January 31 2017,Riley,KS,Passenger,1,0,1,97,98,1.02
January 31 2017,San Mateo,CA,Passenger,0,1,1,170,171,0.58
January 31 2017,Santa Barbara,CA,Passenger,0,1,1,134,135,0.74
January 31 2017,Russell,AL,Passenger,1,0,1,55,56,1.79
January 31 2017,Lincoln,WA,Truck,0,0,0,4593,4593,0.00
January 31 2017,Monroe,NY,Passenger,1,0,1,28,29,3.45
January 31 2017,Moore,NC,Passenger,0,1,1,215,216,0.46
January 31 2017,Skagit,WA,Truck,1,0,1,32283,32284,0.00
January 31 2017,Skagit,WA,Passenger,107,97,204,88666,88870,0.23
January 31 2017,Salt Lake,UT,Passenger,0,1,1,336,337,0.30
January 31 2017,Snohomish,WA,Truck,1,0,1,126098,126099,0.00
January 31 2017,Snohomish,WA,Passenger,1553,889,2442,519700,522142,0.47
January 31 2017,Multnomah,OR,Passenger,0,3,3,1271,1274,0.24
January 31 2017,Larimer,CO,Passenger,0,1,1,92,93,1.08
January 31 2017,Stevens,WA,Passenger,6,23,29,32306,32335,0.09
January 31 2017,Pacific,WA,Truck,0,0,0,7699,7699,0.00
January 31 2017,Santa Fe,NM,Passenger,0,1,1,41,42,2.38
January 31 2017,Stevens,WA,Truck,0,0,0,19092,19092,0.00
January 31 2017,Saratoga,NY,Passenger,0,1,1,78,79,1.27
January 31 2017,Marion,FL,Passenger,1,0,1,24,25,4.00
January 31 2017,Tarrant,TX,Passenger,0,2,2,321,323,0.62
January 31 2017,Okanogan,WA,Passenger,0,4,4,6763,6767,0.06
January 31 2017,Skamania,WA,Passenger,7,7,14,8740,8754,0.16
January 31 2017,Sumter,FL,Passenger,0,1,1,9,10,10.00
January 31 2017,Okanogan,WA,Truck,0,0,0,4620,4620,0.00
January 31 2017,Mason,WA,Truck,0,0,0,19810,19810,0.00
January 31 2017,Pima,AZ,Passenger,0,2,2,444,446,0.45
January 31 2017,Polk,FL,Passenger,1,0,1,66,67,1.49
January 31 2017,Travis,TX,Passenger,0,1,1,202,203,0.49
January 31 2017,Pierce,WA,Truck,0,0,0,142299,142299,0.00
January 31 2017,Montgomery,TN,Passenger,1,0,1,300,301,0.33
January 31 2017,Wahkiakum,WA,Passenger,0,1,1,2908,2909,0.03
January 31 2017,Utah,UT,Passenger,0,1,1,187,188,0.53
January 31 2017,Walla Walla,WA,Passenger,16,21,37,35447,35484,0.10
January 31 2017,Virginia Beach City,VA,Passenger,1,1,2,644,646,0.31
January 31 2017,Yakima,WA,Truck,0,0,0,59611,59611,0.00
January 31 2017,Yakima,WA,Passenger,35,53,88,163236,163324,0.05
January 31 2017,Wayne,MI,Passenger,0,2,2,78,80,2.50
January 31 2017,Norfolk City,VA,Passenger,2,1,3,318,321,0.93
January 31 2017,Riverside,CA,Passenger,0,1,1,875,876,0.11
January 31 2017,Whatcom,WA,Passenger,388,159,547,143429,143976,0.38
January 31 2017,Northampton,PA,Passenger,2,0,2,258,260,0.77
January 31 2017,Whitman,WA,Truck,0,0,0,8593,8593,0.00
January 31 2017,Whitman,WA,Passenger,8,21,29,22169,22198,0.13
January 31 2017,Orange,CA,Passenger,2,1,3,715,718,0.42
January 31 2017,Saint Marys,MD,Passenger,0,1,1,201,202,0.50
January 31 2017,Yavapai,AZ,Passenger,1,0,1,78,79,1.27
February 28 2017,Anne Arundel,MD,Passenger,0,2,2,513,515,0.39
January 31 2017,San Juan,WA,Passenger,84,33,117,13667,13784,0.85
February 28 2017,Asotin,WA,Passenger,4,4,8,12468,12476,0.06
January 31 2017,Monterey,CA,Passenger,0,1,1,235,236,0.42
February 28 2017,Asotin,WA,Truck,0,0,0,6653,6653,0.00
February 28 2017,NULL,NULL,Passenger,9,4,13,2520,2533,0.51
January 31 2017,Santa Clara,CA,Passenger,5,3,8,452,460,1.74
February 28 2017,Alameda,CA,Passenger,3,1,4,379,383,1.04
February 28 2017,Adams,WA,Truck,0,0,0,5287,5287,0.00
February 28 2017,Alexandria City,VA,Passenger,1,0,1,184,185,0.54
February 28 2017,Bexar,TX,Passenger,1,3,4,1056,1060,0.38
January 31 2017,Walla Walla,WA,Truck,0,0,0,13603,13603,0.00
February 28 2017,Canyon,ID,Passenger,0,1,1,96,97,1.03
January 31 2017,Okaloosa,FL,Passenger,1,0,1,185,186,0.54
January 31 2017,Thurston,WA,Truck,0,0,0,54738,54738,0.00
February 28 2017,Chelan,WA,Truck,0,0,0,21880,21880,0.00
February 28 2017,Cascade,MT,Passenger,0,1,1,56,57,1.75
January 31 2017,Oklahoma,OK,Passenger,0,1,1,208,209,0.48
February 28 2017,NULL,CA,Passenger,1,0,1,457,458,0.22
February 28 2017,NULL,WA,Truck,0,0,0,1,1,0.00
February 28 2017,Clackamas,OR,Passenger,1,2,3,359,362,0.83
January 31 2017,Orange,FL,Passenger,0,1,1,151,152,0.66
January 31 2017,Volusia,FL,Passenger,0,1,1,49,50,2.00
January 31 2017,Ozaukee,WI,Passenger,0,1,1,4,5,20.00
February 28 2017,Cowlitz,WA,Truck,0,0,0,28667,28667,0.00
February 28 2017,Arlington,VA,Passenger,1,1,2,170,172,1.16
January 31 2017,San Diego,CA,Passenger,4,3,7,2878,2885,0.24
February 28 2017,Dane,WI,Passenger,1,0,1,161,162,0.62
January 31 2017,Pinal,AZ,Passenger,2,1,3,250,253,1.19
February 28 2017,Benton,WA,Truck,0,0,0,40971,40971,0.00
February 28 2017,District Of Columbia,DC,Passenger,0,3,3,229,232,1.29
February 28 2017,Contra Costa,CA,Passenger,1,0,1,239,240,0.42
February 28 2017,Deschutes,OR,Passenger,1,0,1,199,200,0.50
February 28 2017,Duval,FL,Passenger,1,1,2,360,362,0.55
February 28 2017,Ferry,WA,Passenger,2,1,3,4545,4548,0.07
February 28 2017,Ferry,WA,Truck,0,0,0,3764,3764,0.00
January 31 2017,Skamania,WA,Truck,0,0,0,4083,4083,0.00
February 28 2017,Franklin,OH,Passenger,0,1,1,111,112,0.89
February 28 2017,Franklin,WA,Truck,0,0,0,18477,18477,0.00
February 28 2017,Garfield,WA,Truck,0,0,0,962,962,0.00
February 28 2017,Franklin,WA,Passenger,26,43,69,56201,56270,0.12
February 28 2017,Gallatin,MT,Passenger,0,1,1,70,71,1.41
February 28 2017,Charles,MD,Passenger,0,1,1,91,92,1.09
February 28 2017,El Paso,CO,Passenger,1,1,2,843,845,0.24
February 28 2017,Fulton,GA,Passenger,1,1,2,120,122,1.64
January 31 2017,Spokane,WA,Passenger,226,232,458,298756,299214,0.15
February 28 2017,Garfield,WA,Passenger,0,0,0,1323,1323,0.00
February 28 2017,Clallam,WA,Truck,0,0,0,21572,21572,0.00
January 31 2017,Saint Lucie,FL,Passenger,1,0,1,31,32,3.12
February 28 2017,Grant,WA,Truck,0,0,0,26050,26050,0.00
February 28 2017,Grays Harbor,WA,Truck,0,0,0,20408,20408,0.00
January 31 2017,San Juan,WA,Truck,0,0,0,5782,5782,0.00
February 28 2017,Cumberland,NC,Passenger,1,0,1,650,651,0.15
February 28 2017,Guilford,NC,Passenger,1,0,1,32,33,3.03
February 28 2017,Jackson,MO,Passenger,1,0,1,67,68,1.47
January 31 2017,Tulare,CA,Passenger,1,0,1,205,206,0.49
February 28 2017,Honolulu,HI,Passenger,4,1,5,615,620,0.81
January 31 2017,Ventura,CA,Passenger,0,2,2,389,391,0.51
February 28 2017,Clark,WA,Passenger,704,461,1165,302137,303302,0.38
February 28 2017,Kitsap,WA,Passenger,572,296,868,174711,175579,0.49
January 31 2017,Shelby,TN,Passenger,0,1,1,118,119,0.84
January 31 2017,Wahkiakum,WA,Truck,0,0,0,1676,1676,0.00
February 28 2017,Fairfax City,VA,Passenger,1,0,1,6,7,14.29
February 28 2017,King,WA,Truck,8,1,9,194706,194715,0.00
February 28 2017,Columbia,WA,Passenger,0,1,1,2371,2372,0.04
January 31 2017,Spokane,WA,Truck,1,1,2,92933,92935,0.00
February 28 2017,Lane,OR,Passenger,0,1,1,258,259,0.39
February 28 2017,Lewis,WA,Passenger,47,42,89,55907,55996,0.16
February 28 2017,Glacier,MT,Passenger,0,1,1,3,4,25.00
February 28 2017,Lewis,WA,Truck,0,0,0,25715,25715,0.00
January 31 2017,Whatcom,WA,Truck,2,0,2,42397,42399,0.00
February 28 2017,Lincoln,WA,Passenger,2,4,6,7708,7714,0.08
February 28 2017,Grays Harbor,WA,Passenger,26,27,53,44997,45050,0.12
February 28 2017,Madison,ID,Passenger,1,0,1,42,43,2.33
January 31 2017,Thurston,WA,Passenger,336,322,658,187155,187813,0.35
February 28 2017,Hamilton,TN,Passenger,1,0,1,23,24,4.17
February 28 2017,Latah,ID,Passenger,0,1,1,121,122,0.82
February 28 2017,Manassas City,VA,Passenger,0,1,1,8,9,11.11
February 28 2017,Maricopa,AZ,Passenger,2,0,2,1708,1710,0.12
February 28 2017,Adams,WA,Passenger,3,2,5,12471,12476,0.04
February 28 2017,Hardin,KY,Passenger,0,1,1,129,130,0.77
February 28 2017,Mason,WA,Truck,0,0,0,19851,19851,0.00
February 28 2017,Harnett,NC,Passenger,1,0,1,266,267,0.37
February 28 2017,Monroe,NY,Passenger,1,0,1,29,30,3.33
February 28 2017,Missoula,MT,Passenger,1,0,1,73,74,1.35
February 28 2017,Hidalgo,TX,Passenger,0,1,1,98,99,1.01
February 28 2017,Hamilton,IN,Passenger,1,0,1,62,63,1.59
February 28 2017,Monterey,CA,Passenger,0,1,1,229,230,0.43
February 28 2017,Mason,WA,Passenger,50,63,113,43644,43757,0.26
February 28 2017,Moore,NC,Passenger,0,1,1,214,215,0.47
February 28 2017,Jefferson,NY,Passenger,1,1,2,272,274,0.73
February 28 2017,Miami-Dade,FL,Passenger,0,1,1,128,129,0.78
February 28 2017,Okanogan,WA,Passenger,0,4,4,6698,6702,0.06
February 28 2017,Orange,CA,Passenger,2,1,3,695,698,0.43
February 28 2017,Nueces,TX,Passenger,0,1,1,97,98,1.02
February 28 2017,Kittitas,WA,Truck,0,0,0,13864,13864,0.00
February 28 2017,Klickitat,WA,Truck,0,0,0,8240,8240,0.00
February 28 2017,Jefferson,WA,Passenger,90,59,149,23993,24142,0.62
February 28 2017,Benton,WA,Passenger,134,138,272,129669,129941,0.21
February 28 2017,Montgomery,TN,Passenger,1,0,1,288,289,0.35
February 28 2017,Larimer,CO,Passenger,0,1,1,79,80,1.25
February 28 2017,Pierce,WA,Passenger,871,834,1705,533533,535238,0.32
February 28 2017,Lewis,NY,Passenger,0,1,1,9,10,10.00
February 28 2017,Norfolk City,VA,Passenger,2,1,3,321,324,0.93
February 28 2017,King,WA,Passenger,9136,4104,13240,1394982,1408222,0.94
February 28 2017,Kittitas,WA,Passenger,16,15,31,27707,27738,0.11
February 28 2017,Okanogan,WA,Truck,0,0,0,4586,4586,0.00
February 28 2017,Klickitat,WA,Passenger,21,24,45,15070,15115,0.30
February 28 2017,Allegheny,PA,Passenger,1,0,1,85,86,1.16
February 28 2017,Riley,KS,Passenger,1,0,1,96,97,1.03
February 28 2017,Pinal,AZ,Passenger,2,1,3,232,235,1.28
February 28 2017,Salt Lake,UT,Passenger,0,1,1,309,310,0.32
February 28 2017,Snohomish,WA,Passenger,1607,913,2520,519878,522398,0.48
February 28 2017,San Juan,WA,Passenger,88,33,121,13735,13856,0.87
February 28 2017,Spokane,WA,Truck,1,1,2,92990,92992,0.00
February 28 2017,San Mateo,CA,Passenger,0,1,1,159,160,0.62
February 28 2017,Santa Fe,NM,Passenger,0,1,1,41,42,2.38
February 28 2017,Stevens,WA,Passenger,6,23,29,32186,32215,0.09
February 28 2017,Clallam,WA,Passenger,77,68,145,48797,48942,0.30
February 28 2017,Maui,HI,Passenger,1,0,1,73,74,1.35
February 28 2017,Okaloosa,FL,Passenger,1,0,1,186,187,0.53
February 28 2017,Clark,NV,Passenger,1,2,3,838,841,0.36
February 28 2017,Thurston,WA,Passenger,355,332,687,187464,188151,0.37
February 28 2017,Oklahoma,OK,Passenger,0,1,1,185,186,0.54
February 28 2017,Columbia,WA,Truck,0,0,0,1596,1596,0.00
February 28 2017,Ozaukee,WI,Passenger,0,1,1,4,5,20.00
February 28 2017,San Diego,CA,Passenger,4,2,6,2817,2823,0.21
February 28 2017,Pend Oreille,WA,Passenger,1,4,5,9605,9610,0.05
February 28 2017,Thurston,WA,Truck,0,0,0,54793,54793,0.00
February 28 2017,Northampton,PA,Passenger,2,0,2,232,234,0.85
February 28 2017,Okanogan,NULL,Passenger,3,11,14,19656,19670,0.07
February 28 2017,Shelby,TN,Passenger,0,1,1,113,114,0.88
February 28 2017,Dakota,MN,Passenger,0,1,1,38,39,2.56
February 28 2017,Utah,UT,Passenger,0,1,1,163,164,0.61
February 28 2017,Dale,AL,Passenger,0,1,1,67,68,1.47
February 28 2017,Pacific,WA,Passenger,6,7,13,15225,15238,0.09
March 31 2017,Adams,WA,Truck,0,0,0,5301,5301,0.00
February 28 2017,Pend Oreille,WA,Truck,0,0,0,5847,5847,0.00
February 28 2017,Dekalb,IN,Passenger,1,0,1,1,2,50.00
February 28 2017,Chelan,WA,Passenger,55,29,84,52788,52872,0.16
February 28 2017,Yakima,WA,Passenger,35,54,89,162806,162895,0.05
February 28 2017,Prince William,VA,Passenger,0,3,3,269,272,1.10
March 31 2017,Benton,WA,Passenger,142,145,287,130172,130459,0.22
March 31 2017,Bexar,TX,Passenger,1,3,4,1003,1007,0.40
March 31 2017,NULL,WA,Truck,0,0,0,1,1,0.00
February 28 2017,Clark,WA,Truck,0,0,0,79659,79659,0.00
February 28 2017,Russell,AL,Passenger,1,0,1,54,55,1.82
February 28 2017,Sumter,FL,Passenger,0,1,1,9,10,10.00
March 31 2017,NULL,CA,Passenger,1,0,1,446,447,0.22
February 28 2017,Cobb,GA,Passenger,0,1,1,73,74,1.35
March 31 2017,Allegheny,PA,Passenger,1,0,1,85,86,1.16
February 28 2017,Travis,TX,Passenger,0,1,1,188,189,0.53
February 28 2017,Skagit,WA,Passenger,114,101,215,88668,88883,0.24
March 31 2017,Benton,WA,Truck,0,0,0,41113,41113,0.00
February 28 2017,Skagit,WA,Truck,1,0,1,32328,32329,0.00
February 28 2017,Skamania,WA,Truck,0,0,0,4065,4065,0.00
February 28 2017,Cowlitz,WA,Passenger,50,54,104,70165,70269,0.15
February 28 2017,Ventura,CA,Passenger,0,2,2,377,379,0.53
March 31 2017,Chelan,WA,Passenger,55,31,86,52826,52912,0.16
February 28 2017,Snohomish,WA,Truck,1,0,1,125987,125988,0.00
February 28 2017,Wahkiakum,WA,Passenger,0,1,1,2898,2899,0.03
March 31 2017,Clallam,WA,Passenger,80,70,150,48966,49116,0.31
February 28 2017,Stevens,WA,Truck,0,0,0,19101,19101,0.00
February 28 2017,Tarrant,TX,Passenger,0,2,2,294,296,0.68
March 31 2017,Cobb,GA,Passenger,0,1,1,72,73,1.37
February 28 2017,Dekalb,GA,Passenger,1,0,1,81,82,1.22
March 31 2017,Charles,MD,Passenger,0,1,1,91,92,1.09
March 31 2017,Clark,WA,Truck,0,0,0,79806,79806,0.00
February 28 2017,Yakima,WA,Truck,0,0,0,59588,59588,0.00
February 28 2017,Howard,MD,Passenger,0,1,1,96,97,1.03
February 28 2017,Virginia Beach City,VA,Passenger,1,1,2,637,639,0.31
February 28 2017,Douglas,WA,Passenger,30,19,49,27077,27126,0.18
March 31 2017,Cowlitz,WA,Passenger,52,58,110,70544,70654,0.16
March 31 2017,Alexandria City,VA,Passenger,2,0,2,185,187,1.07
February 28 2017,Wahkiakum,WA,Truck,0,0,0,1683,1683,0.00
February 28 2017,Douglas,WA,Truck,0,0,0,11734,11734,0.00
March 31 2017,Cumberland,NC,Passenger,1,0,1,652,653,0.15
March 31 2017,Dakota,MN,Passenger,0,1,1,38,39,2.56
March 31 2017,Clallam,WA,Truck,0,0,0,21612,21612,0.00
March 31 2017,Clark,WA,Passenger,730,481,1211,302953,304164,0.40
March 31 2017,Clackamas,OR,Passenger,1,2,3,337,340,0.88
March 31 2017,Douglas,WA,Truck,0,0,0,11798,11798,0.00
February 28 2017,Whatcom,WA,Truck,2,0,2,42441,42443,0.00
February 28 2017,Fairfax,VA,Passenger,0,3,3,861,864,0.35
February 28 2017,Whitman,WA,Truck,0,0,0,8619,8619,0.00
March 31 2017,Fulton,GA,Passenger,1,1,2,115,117,1.71
March 31 2017,Fairfax,VA,Passenger,0,3,3,856,859,0.35
March 31 2017,Douglas,WA,Passenger,29,19,48,27163,27211,0.18
March 31 2017,NULL,NULL,Passenger,9,4,13,2492,2505,0.52
March 31 2017,Adams,WA,Passenger,3,4,7,12477,12484,0.06
March 31 2017,Fairfax City,VA,Passenger,1,0,1,6,7,14.29
March 31 2017,Anne Arundel,MD,Passenger,0,2,2,512,514,0.39
March 31 2017,District Of Columbia,DC,Passenger,0,3,3,225,228,1.32
March 31 2017,Chelan,WA,Truck,0,0,0,21888,21888,0.00
March 31 2017,Franklin,OH,Passenger,0,1,1,111,112,0.89
March 31 2017,Hamilton,IN,Passenger,1,0,1,60,61,1.64
March 31 2017,Arlington,VA,Passenger,1,1,2,168,170,1.18
March 31 2017,Grant,WA,Passenger,18,26,44,61956,62000,0.07
March 31 2017,Grays Harbor,WA,Passenger,28,30,58,45271,45329,0.13
March 31 2017,Asotin,WA,Passenger,5,3,8,12521,12529,0.06
February 28 2017,Grant,WA,Passenger,17,26,43,61714,61757,0.07
March 31 2017,Glacier,MT,Passenger,0,1,1,3,4,25.00
March 31 2017,Guilford,NC,Passenger,1,0,1,31,32,3.12
February 28 2017,Gwinnett,GA,Passenger,0,1,1,85,86,1.16
March 31 2017,Gwinnett,GA,Passenger,0,1,1,83,84,1.19
March 31 2017,Columbia,WA,Passenger,0,1,1,2392,2393,0.04
March 31 2017,Harnett,NC,Passenger,1,0,1,264,265,0.38
March 31 2017,Howard,MD,Passenger,0,1,1,97,98,1.02
February 28 2017,Manatee,FL,Passenger,1,0,1,47,48,2.08
March 31 2017,Island,WA,Passenger,106,139,245,60741,60986,0.40
March 31 2017,Island,WA,Truck,0,0,0,21067,21067,0.00
March 31 2017,Garfield,WA,Truck,0,0,0,971,971,0.00
February 28 2017,Marion,OR,Passenger,1,0,1,177,178,0.56
March 31 2017,Jefferson,NY,Passenger,1,1,2,276,278,0.72
March 31 2017,Canyon,ID,Passenger,0,1,1,94,95,1.05
March 31 2017,Jefferson,WA,Truck,0,0,0,9700,9700,0.00
February 28 2017,Island,WA,Passenger,99,132,231,60433,60664,0.38
March 31 2017,Juneau,AK,Passenger,0,1,1,46,47,2.13
March 31 2017,Kittitas,WA,Passenger,18,16,34,27823,27857,0.12
February 28 2017,Island,WA,Truck,0,0,0,21030,21030,0.00
March 31 2017,Klickitat,WA,Passenger,22,25,47,15117,15164,0.31
March 31 2017,Klickitat,WA,Truck,0,0,0,8251,8251,0.00
March 31 2017,Lincoln,WA,Passenger,2,5,7,7715,7722,0.09
March 31 2017,Lincoln,WA,Truck,0,0,0,4618,4618,0.00
February 28 2017,Multnomah,OR,Passenger,0,3,3,1140,1143,0.26
March 31 2017,Jefferson,WA,Passenger,96,61,157,24075,24232,0.65
March 31 2017,Lewis,NY,Passenger,0,1,1,9,10,10.00
March 31 2017,Dallas,TX,Passenger,0,1,1,191,192,0.52
February 28 2017,Nassau,NY,Passenger,0,1,1,35,36,2.78
February 28 2017,Jefferson,WA,Truck,0,0,0,9713,9713,0.00
March 31 2017,Marion,OR,Passenger,1,0,1,174,175,0.57
March 31 2017,Kitsap,WA,Passenger,592,305,897,175407,176304,0.51
March 31 2017,Kitsap,WA,Truck,1,0,1,53759,53760,0.00
March 31 2017,Kittitas,WA,Truck,0,0,0,13933,13933,0.00
March 31 2017,Mason,WA,Passenger,54,65,119,43854,43973,0.27
February 28 2017,Juneau,AK,Passenger,0,1,1,49,50,2.00
March 31 2017,Nassau,NY,Passenger,0,1,1,36,37,2.70
February 28 2017,Orange,FL,Passenger,1,1,2,147,149,1.34
March 31 2017,Miami-Dade,FL,Passenger,0,1,1,127,128,0.78
March 31 2017,Northampton,PA,Passenger,2,0,2,214,216,0.93
February 28 2017,Orleans,LA,Passenger,0,1,1,51,52,1.92
March 31 2017,Montgomery,MD,Passenger,1,2,3,304,307,0.98
February 28 2017,Kitsap,WA,Truck,1,0,1,53730,53731,0.00
March 31 2017,Franklin,WA,Passenger,27,48,75,56417,56492,0.13
March 31 2017,Pacific,WA,Truck,0,0,0,7693,7693,0.00
March 31 2017,Gallatin,MT,Passenger,0,1,1,67,68,1.47
March 31 2017,Pend Oreille,WA,Passenger,1,4,5,9626,9631,0.05
March 31 2017,King,WA,Passenger,9393,4188,13581,1395732,1409313,0.96
March 31 2017,Pend Oreille,WA,Truck,0,0,0,5866,5866,0.00
February 28 2017,Pierce,WA,Truck,0,0,0,142283,142283,0.00
March 31 2017,Maui,HI,Passenger,1,0,1,73,74,1.35
March 31 2017,Oklahoma,OK,Passenger,0,1,1,167,168,0.60
March 31 2017,Orleans,LA,Passenger,0,1,1,51,52,1.92
March 31 2017,Hamilton,TN,Passenger,1,0,1,23,24,4.17
March 31 2017,Lane,OR,Passenger,0,1,1,255,256,0.39
March 31 2017,Hardin,KY,Passenger,0,1,1,127,128,0.78
March 31 2017,Hidalgo,TX,Passenger,0,1,1,100,101,0.99
March 31 2017,Pima,AZ,Passenger,0,2,2,427,429,0.47
March 31 2017,Lewis,WA,Passenger,48,45,93,56169,56262,0.17
March 31 2017,Riley,KS,Passenger,1,0,1,96,97,1.03
March 31 2017,Honolulu,HI,Passenger,5,1,6,600,606,0.99
March 31 2017,Polk,FL,Passenger,1,0,1,67,68,1.47
February 28 2017,Lincoln,WA,Truck,0,0,0,4602,4602,0.00
March 31 2017,Russell,AL,Passenger,1,0,1,56,57,1.75
March 31 2017,Prince William,VA,Passenger,0,3,3,266,269,1.12
February 28 2017,Los Angeles,CA,Passenger,2,1,3,1353,1356,0.22
February 28 2017,Riverside,CA,Passenger,0,1,1,833,834,0.12
March 31 2017,Maricopa,AZ,Passenger,2,0,2,1681,1683,0.12
March 31 2017,King,WA,Truck,8,1,9,194289,194298,0.00
March 31 2017,Santa Fe,NM,Passenger,0,1,1,42,43,2.33
February 28 2017,Marin,CA,Passenger,1,0,1,55,56,1.79
February 28 2017,Saint Lucie,FL,Passenger,1,0,1,29,30,3.33
March 31 2017,Saratoga,NY,Passenger,0,1,1,76,77,1.30
March 31 2017,Mason,WA,Truck,0,0,0,19915,19915,0.00
March 31 2017,Skamania,WA,Passenger,8,8,16,8748,8764,0.18
February 28 2017,San Juan,WA,Truck,0,0,0,5770,5770,0.00
March 31 2017,Larimer,CO,Passenger,0,1,1,76,77,1.30
March 31 2017,Latah,ID,Passenger,0,1,1,114,115,0.87
February 28 2017,Santa Clara,CA,Passenger,5,3,8,417,425,1.88
March 31 2017,Spokane,WA,Passenger,241,237,478,300040,300518,0.16
March 31 2017,Tarrant,TX,Passenger,0,2,2,279,281,0.71
March 31 2017,Lewis,WA,Truck,0,0,0,25784,25784,0.00
February 28 2017,Montgomery,MD,Passenger,1,2,3,303,306,0.98
March 31 2017,Thurston,WA,Passenger,376,337,713,188359,189072,0.38
March 31 2017,Montgomery,TN,Passenger,1,0,1,283,284,0.35
March 31 2017,Skagit,WA,Passenger,122,106,228,89129,89357,0.26
March 31 2017,Wahkiakum,WA,Passenger,0,2,2,2903,2905,0.07
March 31 2017,Snohomish,WA,Passenger,1670,938,2608,520289,522897,0.50
March 31 2017,Snohomish,WA,Truck,1,0,1,125896,125897,0.00
March 31 2017,Walla Walla,WA,Passenger,20,22,42,35547,35589,0.12
March 31 2017,Madison,ID,Passenger,1,0,1,41,42,2.38
March 31 2017,Stevens,WA,Passenger,6,22,28,32227,32255,0.09
March 31 2017,Walla Walla,WA,Truck,0,0,0,13655,13655,0.00
March 31 2017,Tulare,CA,Passenger,1,0,1,198,199,0.50
March 31 2017,Norfolk City,VA,Passenger,2,1,3,323,326,0.92
March 31 2017,Stevens,WA,Truck,0,0,0,19120,19120,0.00
March 31 2017,Manatee,FL,Passenger,1,0,1,44,45,2.22
March 31 2017,Utah,UT,Passenger,0,1,1,161,162,0.62
March 31 2017,Orange,CA,Passenger,2,1,3,685,688,0.44
March 31 2017,Ventura,CA,Passenger,0,2,2,374,376,0.53
March 31 2017,Sumter,FL,Passenger,0,1,1,9,10,10.00
March 31 2017,Whatcom,WA,Passenger,425,174,599,144385,144984,0.41
February 28 2017,Pacific,WA,Truck,0,0,0,7688,7688,0.00
March 31 2017,Whitman,WA,Truck,0,0,0,8637,8637,0.00
March 31 2017,Pacific,WA,Passenger,7,9,16,15338,15354,0.10
April 30 2017,NULL,CA,Passenger,1,0,1,424,425,0.24
February 28 2017,Pima,AZ,Passenger,0,2,2,420,422,0.47
March 31 2017,Travis,TX,Passenger,0,1,1,185,186,0.54
March 31 2017,Pierce,WA,Passenger,901,847,1748,534297,536045,0.33
March 31 2017,Wayne,MI,Passenger,0,1,1,72,73,1.37
April 30 2017,Allegheny,PA,Passenger,1,0,1,85,86,1.16
March 31 2017,Whitman,WA,Passenger,9,20,29,22300,22329,0.13
February 28 2017,Polk,FL,Passenger,1,0,1,67,68,1.47
March 31 2017,Virginia Beach City,VA,Passenger,1,1,2,641,643,0.31
March 31 2017,Monroe,NY,Passenger,1,0,1,30,31,3.23
April 30 2017,Asotin,WA,Truck,0,0,0,6714,6714,0.00
March 31 2017,Yakima,WA,Truck,0,0,0,59683,59683,0.00
March 31 2017,Monterey,CA,Passenger,0,1,1,225,226,0.44
March 31 2017,Montgomery,PA,Passenger,1,0,1,38,39,2.56
February 28 2017,Volusia,FL,Passenger,0,1,1,47,48,2.08
April 30 2017,NULL,NULL,Passenger,9,4,13,2476,2489,0.52
April 30 2017,Adams,WA,Passenger,3,3,6,12515,12521,0.05
March 31 2017,Multnomah,OR,Passenger,0,3,3,1098,1101,0.27
April 30 2017,Anne Arundel,MD,Passenger,0,2,2,513,515,0.39
April 30 2017,Asotin,WA,Passenger,6,3,9,12558,12567,0.07
April 30 2017,NULL,WA,Truck,0,0,0,1,1,0.00
March 31 2017,Salt Lake,UT,Passenger,0,1,1,290,291,0.34
March 31 2017,Okaloosa,FL,Passenger,1,0,1,187,188,0.53
March 31 2017,Okanogan,WA,Truck,0,0,0,4585,4585,0.00
April 30 2017,Alexandria City,VA,Passenger,2,0,2,184,186,1.08
March 31 2017,Ozaukee,WI,Passenger,0,1,1,3,4,25.00
April 30 2017,Benton,WA,Passenger,146,146,292,130535,130827,0.22
April 30 2017,Clackamas,OR,Passenger,1,1,2,321,323,0.62
March 31 2017,Skamania,WA,Truck,0,0,0,4079,4079,0.00
April 30 2017,Cascade,MT,Passenger,0,1,1,58,59,1.69
March 31 2017,Pierce,WA,Truck,0,0,0,142093,142093,0.00
March 31 2017,Pinal,AZ,Passenger,2,1,3,230,233,1.29
April 30 2017,Canyon,ID,Passenger,0,1,1,92,93,1.08
February 28 2017,Saratoga,NY,Passenger,0,1,1,77,78,1.28
April 30 2017,Cumberland,NC,Passenger,1,0,1,645,646,0.15
March 31 2017,Wahkiakum,WA,Truck,0,0,0,1695,1695,0.00
March 31 2017,Asotin,WA,Truck,0,0,0,6695,6695,0.00
April 30 2017,Clallam,WA,Passenger,84,73,157,49094,49251,0.32
February 28 2017,Skamania,WA,Passenger,7,7,14,8745,8759,0.16
April 30 2017,Dekalb,GA,Passenger,1,0,1,83,84,1.19
April 30 2017,Duval,FL,Passenger,1,1,2,365,367,0.54
February 28 2017,Spokane,WA,Passenger,233,232,465,298770,299235,0.16
March 31 2017,Whatcom,WA,Truck,2,0,2,42562,42564,0.00
April 30 2017,Dakota,MN,Passenger,0,1,1,37,38,2.63
April 30 2017,Ferry,WA,Truck,0,0,0,3765,3765,0.00
April 30 2017,Douglas,WA,Passenger,31,21,52,27215,27267,0.19
March 31 2017,Santa Clara,CA,Passenger,6,2,8,413,421,1.90
April 30 2017,Alameda,CA,Passenger,2,1,3,373,376,0.80
April 30 2017,Garfield,WA,Passenger,0,0,0,1315,1315,0.00
April 30 2017,Franklin,WA,Truck,0,0,0,18606,18606,0.00
April 30 2017,Fairfax,VA,Passenger,0,3,3,854,857,0.35
April 30 2017,Gallatin,MT,Passenger,0,1,1,65,66,1.52
February 28 2017,Tulare,CA,Passenger,1,0,1,202,203,0.49
April 30 2017,Garfield,WA,Truck,0,0,0,971,971,0.00
April 30 2017,Harnett,NC,Passenger,1,0,1,264,265,0.38
April 30 2017,Franklin,WA,Passenger,28,48,76,56556,56632,0.13
April 30 2017,Fairfax City,VA,Passenger,1,0,1,6,7,14.29
April 30 2017,Hamilton,TN,Passenger,1,0,1,23,24,4.17
February 28 2017,Walla Walla,WA,Passenger,17,21,38,35433,35471,0.11
April 30 2017,Glacier,MT,Passenger,0,1,1,3,4,25.00
February 28 2017,Walla Walla,WA,Truck,0,0,0,13614,13614,0.00
March 31 2017,Columbia,WA,Truck,0,0,0,1596,1596,0.00
April 30 2017,Gwinnett,GA,Passenger,0,1,1,85,86,1.16
March 31 2017,Volusia,FL,Passenger,0,1,1,46,47,2.13
April 30 2017,Guilford,NC,Passenger,1,0,1,31,32,3.12
April 30 2017,Jackson,MO,Passenger,1,0,1,65,66,1.52
April 30 2017,Jefferson,WA,Passenger,101,60,161,24209,24370,0.66
April 30 2017,Honolulu,HI,Passenger,5,1,6,589,595,1.01
February 28 2017,Wayne,MI,Passenger,0,2,2,71,73,2.74
April 30 2017,Howard,MD,Passenger,0,1,1,99,100,1.00
April 30 2017,Kitsap,WA,Passenger,621,315,936,175845,176781,0.53
March 31 2017,Dekalb,GA,Passenger,1,0,1,81,82,1.22
April 30 2017,Island,WA,Passenger,113,138,251,61009,61260,0.41
February 28 2017,Whatcom,WA,Passenger,409,164,573,143718,144291,0.40
April 30 2017,Kittitas,WA,Truck,0,0,0,13991,13991,0.00
April 30 2017,Clark,NV,Passenger,1,2,3,819,822,0.36
February 28 2017,Whitman,WA,Passenger,8,20,28,22232,22260,0.13
April 30 2017,King,WA,Truck,8,1,9,193659,193668,0.00
April 30 2017,Kitsap,WA,Truck,1,0,1,53802,53803,0.00
March 31 2017,Duval,FL,Passenger,1,1,2,360,362,0.55
April 30 2017,Knox,TN,Passenger,1,0,1,40,41,2.44
April 30 2017,Madison,ID,Passenger,1,0,1,40,41,2.44
April 30 2017,Cowlitz,WA,Truck,0,0,0,28762,28762,0.00
April 30 2017,Marin,CA,Passenger,1,0,1,57,58,1.72
April 30 2017,Dale,AL,Passenger,0,1,1,69,70,1.43
April 30 2017,Dekalb,IN,Passenger,1,0,1,1,2,50.00
March 31 2017,Ferry,WA,Truck,0,0,0,3764,3764,0.00
March 31 2017,Alameda,CA,Passenger,3,1,4,376,380,1.05
April 30 2017,Lewis,WA,Truck,0,0,0,25794,25794,0.00
April 30 2017,District Of Columbia,DC,Passenger,0,3,3,227,230,1.30
April 30 2017,Missoula,MT,Passenger,1,0,1,70,71,1.41
March 31 2017,Franklin,WA,Truck,0,0,0,18556,18556,0.00
April 30 2017,Lincoln,WA,Truck,0,0,0,4623,4623,0.00
April 30 2017,Mason,WA,Passenger,57,64,121,44008,44129,0.27
April 30 2017,Monterey,CA,Passenger,0,1,1,221,222,0.45
April 30 2017,Moore,NC,Passenger,0,1,1,210,211,0.47
March 31 2017,Garfield,WA,Passenger,0,0,0,1318,1318,0.00
April 30 2017,Mason,WA,Truck,0,0,0,19949,19949,0.00
April 30 2017,Clark,WA,Truck,0,0,0,79874,79874,0.00
April 30 2017,Ferry,WA,Passenger,2,1,3,4577,4580,0.07
April 30 2017,Miami-Dade,FL,Passenger,0,1,1,129,130,0.77
April 30 2017,Manatee,FL,Passenger,1,0,1,41,42,2.38
April 30 2017,Marion,OR,Passenger,1,0,1,162,163,0.61
April 30 2017,Nueces,TX,Passenger,0,1,1,98,99,1.01
April 30 2017,Palm Beach,FL,Passenger,0,1,1,88,89,1.12
April 30 2017,Columbia,WA,Truck,0,0,0,1601,1601,0.00
April 30 2017,Grant,WA,Truck,0,0,0,26187,26187,0.00
April 30 2017,Montgomery,TN,Passenger,1,0,1,286,287,0.35
April 30 2017,Monroe,NY,Passenger,1,0,1,28,29,3.45
April 30 2017,Grays Harbor,WA,Truck,0,0,0,20467,20467,0.00
April 30 2017,Montgomery,PA,Passenger,1,0,1,36,37,2.70
April 30 2017,Cowlitz,WA,Passenger,54,58,112,70664,70776,0.16
April 30 2017,Nassau,NY,Passenger,0,1,1,36,37,2.70
April 30 2017,Norfolk City,VA,Passenger,2,1,3,320,323,0.93
April 30 2017,Okanogan,WA,Truck,0,0,0,4556,4556,0.00
April 30 2017,Orange,CA,Passenger,2,1,3,672,675,0.44
April 30 2017,Orleans,LA,Passenger,0,1,1,51,52,1.92
April 30 2017,San Juan,WA,Passenger,98,37,135,13835,13970,0.97
April 30 2017,San Mateo,CA,Passenger,0,1,1,156,157,0.64
April 30 2017,Pierce,WA,Truck,0,0,0,141927,141927,0.00
April 30 2017,Pend Oreille,WA,Passenger,2,4,6,9670,9676,0.06
April 30 2017,Snohomish,WA,Truck,1,0,1,125834,125835,0.00
April 30 2017,Salt Lake,UT,Passenger,0,1,1,271,272,0.37
March 31 2017,Cascade,MT,Passenger,0,1,1,57,58,1.72
April 30 2017,Stevens,WA,Truck,0,0,0,19122,19122,0.00
April 30 2017,Grant,WA,Passenger,19,26,45,62210,62255,0.07
April 30 2017,Sumter,FL,Passenger,0,1,1,9,10,10.00
April 30 2017,Santa Fe,NM,Passenger,0,1,1,42,43,2.33
March 31 2017,Charlottesville City,VA,Passenger,0,1,1,9,10,10.00
April 30 2017,Grays Harbor,WA,Passenger,31,34,65,45436,45501,0.14
April 30 2017,Kittitas,WA,Passenger,22,17,39,27937,27976,0.14
April 30 2017,Thurston,WA,Truck,0,0,0,54862,54862,0.00
April 30 2017,Lane,OR,Passenger,0,1,1,245,246,0.41
April 30 2017,Hamilton,IN,Passenger,1,0,1,56,57,1.75
April 30 2017,Travis,TX,Passenger,0,1,1,188,189,0.53
April 30 2017,Hardin,KY,Passenger,0,1,1,124,125,0.80
March 31 2017,Clark,NV,Passenger,1,2,3,829,832,0.36
April 30 2017,Santa Rosa,FL,Passenger,1,0,1,102,103,0.97
April 30 2017,Santa Clara,CA,Passenger,6,2,8,409,417,1.92
April 30 2017,Saratoga,NY,Passenger,0,1,1,73,74,1.35
April 30 2017,Maricopa,AZ,Passenger,2,0,2,1661,1663,0.12
April 30 2017,Stevens,WA,Passenger,8,24,32,32257,32289,0.10
April 30 2017,Maui,HI,Passenger,1,0,1,74,75,1.33
April 30 2017,Jefferson,WA,Truck,0,0,0,9701,9701,0.00
April 30 2017,Juneau,AK,Passenger,0,1,1,46,47,2.13
May 31 2017,NULL,WA,Truck,0,0,0,1,1,0.00
March 31 2017,Cowlitz,WA,Truck,0,0,0,28756,28756,0.00
April 30 2017,Utah,UT,Passenger,0,1,1,158,159,0.63
March 31 2017,Los Angeles,CA,Passenger,2,1,3,1350,1353,0.22
April 30 2017,Northampton,PA,Passenger,2,0,2,197,199,1.01
April 30 2017,Kent,MI,Passenger,0,1,1,35,36,2.78
April 30 2017,Klickitat,WA,Truck,0,0,0,8267,8267,0.00
May 31 2017,Benton,WA,Truck,0,0,0,41294,41294,0.00
March 31 2017,Dale,AL,Passenger,0,1,1,67,68,1.47
April 30 2017,Orange,FL,Passenger,1,1,2,146,148,1.35
April 30 2017,Walla Walla,WA,Passenger,22,24,46,35588,35634,0.13
April 30 2017,Larimer,CO,Passenger,0,1,1,74,75,1.33
March 31 2017,Dane,WI,Passenger,1,0,1,148,149,0.67
April 30 2017,Pend Oreille,WA,Truck,0,0,0,5884,5884,0.00
March 31 2017,Dekalb,IN,Passenger,1,0,1,1,2,50.00
March 31 2017,Marin,CA,Passenger,1,0,1,56,57,1.75
April 30 2017,Yakima,WA,Passenger,41,59,100,163507,163607,0.06
April 30 2017,Whitman,WA,Passenger,9,21,30,22379,22409,0.13
April 30 2017,Yakima,WA,Truck,0,0,0,59679,59679,0.00
March 31 2017,Deschutes,OR,Passenger,1,0,1,198,199,0.50
April 30 2017,Lewis,NY,Passenger,0,1,1,9,10,10.00
May 31 2017,Allegheny,PA,Passenger,1,0,1,84,85,1.18
March 31 2017,El Paso,CO,Passenger,1,1,2,833,835,0.24
March 31 2017,Missoula,MT,Passenger,1,0,1,73,74,1.35
May 31 2017,Charles,MD,Passenger,0,1,1,89,90,1.11
May 31 2017,Alameda,CA,Passenger,1,1,2,366,368,0.54
May 31 2017,Chelan,WA,Truck,0,0,0,21954,21954,0.00
April 30 2017,San Diego,CA,Passenger,4,2,6,2799,2805,0.21
April 30 2017,San Juan,WA,Truck,0,0,0,5773,5773,0.00
March 31 2017,Moore,NC,Passenger,0,1,1,213,214,0.47
May 31 2017,Clallam,WA,Truck,0,0,0,21575,21575,0.00
March 31 2017,Ferry,WA,Passenger,2,1,3,4551,4554,0.07
May 31 2017,Bexar,TX,Passenger,1,1,2,931,933,0.21
April 30 2017,Shelby,TN,Passenger,0,1,1,114,115,0.87
April 30 2017,Montgomery,MD,Passenger,1,2,3,309,312,0.96
April 30 2017,Skagit,WA,Passenger,129,112,241,89346,89587,0.27
March 31 2017,Nueces,TX,Passenger,0,1,1,98,99,1.01
April 30 2017,Snohomish,WA,Passenger,1738,949,2687,520547,523234,0.51
May 31 2017,Camden,GA,Passenger,0,1,1,184,185,0.54
March 31 2017,Okanogan,NULL,Passenger,3,12,15,19757,19772,0.08
April 30 2017,Multnomah,OR,Passenger,0,3,3,1063,1066,0.28
May 31 2017,Chelan,WA,Passenger,60,36,96,53157,53253,0.18
April 30 2017,Okanogan,NULL,Passenger,3,12,15,19804,19819,0.08
March 31 2017,Grant,WA,Truck,0,0,0,26121,26121,0.00
May 31 2017,Clark,WA,Passenger,796,520,1316,304247,305563,0.43
April 30 2017,Virginia Beach City,VA,Passenger,1,1,2,638,640,0.31
May 31 2017,Clark,WA,Truck,0,0,0,79983,79983,0.00
March 31 2017,Grays Harbor,WA,Truck,0,0,0,20464,20464,0.00
May 31 2017,Clark,NV,Passenger,1,1,2,811,813,0.25
April 30 2017,Wahkiakum,WA,Truck,0,0,0,1692,1692,0.00
May 31 2017,Fairfax City,VA,Passenger,1,0,1,6,7,14.29
May 31 2017,Columbia,WA,Passenger,0,1,1,2408,2409,0.04
May 31 2017,Cobb,GA,Passenger,0,1,1,70,71,1.41
May 31 2017,Franklin,OH,Passenger,0,1,1,119,120,0.83
May 31 2017,Cowlitz,WA,Truck,0,0,0,28792,28792,0.00
May 31 2017,Dekalb,GA,Passenger,1,0,1,83,84,1.19
May 31 2017,Glacier,MT,Passenger,0,1,1,3,4,25.00
May 31 2017,Cowlitz,WA,Passenger,56,60,116,70947,71063,0.16
April 30 2017,Prince William,VA,Passenger,0,3,3,266,269,1.12
May 31 2017,Dale,AL,Passenger,0,1,1,68,69,1.45
May 31 2017,Dekalb,IN,Passenger,1,0,1,1,2,50.00
March 31 2017,Riverside,CA,Passenger,0,1,1,825,826,0.12
May 31 2017,Grays Harbor,WA,Passenger,34,34,68,45529,45597,0.15
May 31 2017,Adams,WA,Passenger,3,3,6,12599,12605,0.05
April 30 2017,Riverside,CA,Passenger,0,1,1,825,826,0.12
May 31 2017,Douglas,WA,Passenger,32,23,55,27320,27375,0.20
May 31 2017,Douglas,WA,Truck,0,0,0,11859,11859,0.00
May 31 2017,District Of Columbia,DC,Passenger,0,3,3,225,228,1.32
May 31 2017,Hamilton,TN,Passenger,1,0,1,21,22,4.55
May 31 2017,Fairfax,VA,Passenger,0,3,3,855,858,0.35
May 31 2017,Benton,WA,Passenger,150,148,298,130918,131216,0.23
May 31 2017,Hardin,KY,Passenger,0,1,1,123,124,0.81
March 31 2017,Saint Lucie,FL,Passenger,1,0,1,29,30,3.33
March 31 2017,Jackson,MO,Passenger,1,0,1,65,66,1.52
March 31 2017,San Mateo,CA,Passenger,0,1,1,155,156,0.64
May 31 2017,Canyon,ID,Passenger,0,1,1,93,94,1.06
May 31 2017,Jackson,MO,Passenger,1,0,1,61,62,1.61
May 31 2017,Fulton,GA,Passenger,1,1,2,110,112,1.79
May 31 2017,Grant,WA,Passenger,21,30,51,62473,62524,0.08
April 30 2017,Skagit,WA,Truck,1,0,1,32370,32371,0.00
May 31 2017,Garfield,WA,Passenger,0,0,0,1324,1324,0.00
May 31 2017,Gwinnett,GA,Passenger,0,1,1,84,85,1.18
May 31 2017,Jefferson,NY,Passenger,1,1,2,271,273,0.73
May 31 2017,Hamilton,IN,Passenger,1,0,1,57,58,1.72
April 30 2017,Spokane,WA,Passenger,248,244,492,301024,301516,0.16
May 31 2017,Clallam,WA,Passenger,88,80,168,49204,49372,0.34
May 31 2017,Grant,WA,Truck,0,0,0,26311,26311,0.00
May 31 2017,Grays Harbor,WA,Truck,0,0,0,20530,20530,0.00
May 31 2017,Columbia,WA,Truck,0,0,0,1601,1601,0.00
May 31 2017,Klickitat,WA,Truck,0,0,0,8281,8281,0.00
April 30 2017,Tarrant,TX,Passenger,0,2,2,269,271,0.74
May 31 2017,Island,WA,Passenger,119,139,258,61235,61493,0.42
May 31 2017,Island,WA,Truck,0,0,0,21136,21136,0.00
May 31 2017,Larimer,CO,Passenger,0,1,1,72,73,1.37
March 31 2017,Skagit,WA,Truck,1,0,1,32382,32383,0.00
May 31 2017,Dakota,MN,Passenger,0,1,1,37,38,2.63
April 30 2017,Tulare,CA,Passenger,1,0,1,198,199,0.50
May 31 2017,Lewis,WA,Passenger,53,43,96,56619,56715,0.17
May 31 2017,Lincoln,WA,Passenger,2,6,8,7740,7748,0.10
May 31 2017,Jefferson,WA,Passenger,107,63,170,24309,24479,0.69
April 30 2017,Ventura,CA,Passenger,0,1,1,361,362,0.28
May 31 2017,Jefferson,WA,Truck,0,0,0,9706,9706,0.00
April 30 2017,Volusia,FL,Passenger,0,1,1,47,48,2.08
May 31 2017,Juneau,AK,Passenger,0,1,1,42,43,2.33
May 31 2017,King,WA,Passenger,9955,4374,14329,1395552,1409881,1.02
May 31 2017,Duval,FL,Passenger,1,1,2,368,370,0.54
May 31 2017,Kent,DE,Passenger,0,1,1,73,74,1.35
May 31 2017,Kittitas,WA,Passenger,25,17,42,28121,28163,0.15
May 31 2017,Mason,WA,Truck,0,0,0,19985,19985,0.00
May 31 2017,Klickitat,WA,Passenger,24,26,50,15171,15221,0.33
May 31 2017,Kitsap,WA,Truck,1,0,1,53901,53902,0.00
May 31 2017,Flathead,MT,Passenger,1,0,1,62,63,1.59
May 31 2017,Franklin,WA,Passenger,30,45,75,56748,56823,0.13
May 31 2017,Knox,TN,Passenger,1,0,1,39,40,2.50
March 31 2017,Manassas City,VA,Passenger,0,1,1,9,10,10.00
May 31 2017,Lincoln,WA,Truck,0,0,0,4627,4627,0.00
April 30 2017,Wayne,MI,Passenger,0,1,1,70,71,1.41
May 31 2017,Orange,CA,Passenger,3,1,4,670,674,0.59
May 31 2017,Maui,HI,Passenger,1,0,1,75,76,1.32
May 31 2017,Adams,WA,Truck,0,0,0,5325,5325,0.00
May 31 2017,Howard,MD,Passenger,0,1,1,99,100,1.00
May 31 2017,Alexandria City,VA,Passenger,2,0,2,186,188,1.06
May 31 2017,Pend Oreille,WA,Passenger,3,4,7,9692,9699,0.07
May 31 2017,Los Angeles,CA,Passenger,2,1,3,1319,1322,0.23
May 31 2017,Marin,CA,Passenger,1,0,1,55,56,1.79
May 31 2017,Asotin,WA,Truck,0,0,0,6720,6720,0.00
May 31 2017,Northampton,PA,Passenger,1,0,1,172,173,0.58
March 31 2017,Okanogan,WA,Passenger,0,4,4,6644,6648,0.06
May 31 2017,Kent,MI,Passenger,0,1,1,34,35,2.86
May 31 2017,Orange,FL,Passenger,1,1,2,141,143,1.40
May 31 2017,King,WA,Truck,8,1,9,193153,193162,0.00
March 31 2017,Orange,FL,Passenger,1,1,2,147,149,1.34
May 31 2017,Pacific,WA,Truck,0,0,0,7698,7698,0.00
May 31 2017,Pend Oreille,WA,Truck,0,0,0,5874,5874,0.00
May 31 2017,Montgomery,MD,Passenger,1,2,3,305,308,0.97
May 31 2017,Riley,KS,Passenger,1,0,1,91,92,1.09
March 31 2017,Yakima,WA,Passenger,36,55,91,163226,163317,0.06
May 31 2017,Pima,AZ,Passenger,0,2,2,427,429,0.47
May 31 2017,Polk,FL,Passenger,1,0,1,66,67,1.49
April 30 2017,Adams,WA,Truck,0,0,0,5312,5312,0.00
May 31 2017,Okanogan,NULL,Passenger,3,12,15,19926,19941,0.08
May 31 2017,Santa Rosa,FL,Passenger,1,0,1,102,103,0.97
May 31 2017,Lewis,WA,Truck,0,0,0,25813,25813,0.00
May 31 2017,Prince William,VA,Passenger,0,3,3,268,271,1.11
May 31 2017,Pacific,WA,Passenger,13,8,21,15436,15457,0.14
May 31 2017,Saint Lucie,FL,Passenger,1,0,1,29,30,3.33
May 31 2017,Palm Beach,FL,Passenger,0,1,1,87,88,1.14
May 31 2017,San Juan,WA,Truck,0,0,0,5770,5770,0.00
May 31 2017,Manatee,FL,Passenger,1,0,1,41,42,2.38
April 30 2017,Arlington,VA,Passenger,1,1,2,168,170,1.18
May 31 2017,Marion,OR,Passenger,1,0,1,154,155,0.65
May 31 2017,Ramsey,MN,Passenger,1,0,1,38,39,2.56
May 31 2017,Russell,AL,Passenger,1,0,1,56,57,1.75
May 31 2017,Thurston,WA,Truck,0,0,0,54873,54873,0.00
May 31 2017,Snohomish,WA,Passenger,1780,954,2734,521121,523855,0.52
April 30 2017,Benton,WA,Truck,0,0,0,41186,41186,0.00
May 31 2017,Spokane,WA,Truck,1,0,1,93548,93549,0.00
May 31 2017,Ventura,CA,Passenger,0,1,1,361,362,0.28
May 31 2017,Monroe,NY,Passenger,1,0,1,27,28,3.57
May 31 2017,Skamania,WA,Passenger,9,7,16,8774,8790,0.18
May 31 2017,Montgomery,PA,Passenger,1,0,1,35,36,2.78
May 31 2017,Wahkiakum,WA,Passenger,1,2,3,2903,2906,0.10
May 31 2017,Saratoga,NY,Passenger,0,1,1,71,72,1.39
March 31 2017,San Diego,CA,Passenger,4,2,6,2817,2823,0.21
May 31 2017,Skamania,WA,Truck,0,0,0,4067,4067,0.00
May 31 2017,Stevens,WA,Passenger,8,25,33,32355,32388,0.10
May 31 2017,Skagit,WA,Passenger,141,117,258,89688,89946,0.29
May 31 2017,Multnomah,OR,Passenger,1,3,4,1033,1037,0.39
May 31 2017,Spokane,WA,Passenger,260,249,509,302205,302714,0.17
May 31 2017,Skagit,WA,Truck,1,0,1,32410,32411,0.00
May 31 2017,Snohomish,WA,Truck,1,0,1,125813,125814,0.00
March 31 2017,San Juan,WA,Passenger,88,36,124,13759,13883,0.89
May 31 2017,Thurston,WA,Passenger,417,358,775,189451,190226,0.41
May 31 2017,Nassau,NY,Passenger,0,1,1,35,36,2.78
March 31 2017,San Juan,WA,Truck,0,0,0,5787,5787,0.00
May 31 2017,Stevens,WA,Truck,0,0,0,19128,19128,0.00
May 31 2017,Orleans,LA,Passenger,0,1,1,51,52,1.92
May 31 2017,Ferry,WA,Passenger,2,1,3,4590,4593,0.07
May 31 2017,Tulare,CA,Passenger,1,0,1,198,199,0.50
March 31 2017,Shelby,TN,Passenger,0,1,1,114,115,0.87
May 31 2017,Franklin,WA,Truck,0,0,0,18718,18718,0.00
May 31 2017,Wahkiakum,WA,Truck,0,0,0,1705,1705,0.00
May 31 2017,Twin Falls,ID,Passenger,0,1,1,22,23,4.35
April 30 2017,Charles,MD,Passenger,0,1,1,90,91,1.10
May 31 2017,Walla Walla,WA,Passenger,23,24,47,35663,35710,0.13
May 31 2017,Virginia Beach City,VA,Passenger,1,1,2,650,652,0.31
May 31 2017,Gallatin,MT,Passenger,0,1,1,62,63,1.59
May 31 2017,Walla Walla,WA,Truck,0,0,0,13675,13675,0.00
May 31 2017,Pierce,WA,Truck,0,0,0,141937,141937,0.00
April 30 2017,Charlottesville City,VA,Passenger,0,1,1,9,10,10.00
March 31 2017,Spokane,WA,Truck,1,1,2,93205,93207,0.00
June 30 2017,Adams,WA,Truck,0,0,0,5353,5353,0.00
May 31 2017,Whatcom,WA,Passenger,469,185,654,145244,145898,0.45
May 31 2017,Whatcom,WA,Truck,2,0,2,42713,42715,0.00
May 31 2017,Wayne,MI,Passenger,0,1,1,68,69,1.45
May 31 2017,Whitman,WA,Truck,0,0,0,8662,8662,0.00
June 30 2017,Asotin,WA,Truck,0,0,0,6736,6736,0.00
May 31 2017,Riverside,CA,Passenger,0,1,1,817,818,0.12
June 30 2017,Camden,GA,Passenger,0,1,1,186,187,0.53
April 30 2017,Clallam,WA,Truck,0,0,0,21561,21561,0.00
May 31 2017,Whitman,WA,Passenger,10,22,32,22434,22466,0.14
March 31 2017,Thurston,WA,Truck,0,0,0,54829,54829,0.00
April 30 2017,Clark,WA,Passenger,775,498,1273,303578,304851,0.42
June 30 2017,Bexar,TX,Passenger,1,1,2,911,913,0.22
June 30 2017,NULL,CA,Passenger,1,0,1,404,405,0.25
June 30 2017,NULL,WA,Truck,0,0,0,1,1,0.00
May 31 2017,Santa Clara,CA,Passenger,5,2,7,403,410,1.71
June 30 2017,Allegheny,PA,Passenger,1,0,1,85,86,1.16
June 30 2017,Columbia,WA,Passenger,1,1,2,2403,2405,0.08
June 30 2017,Benton,WA,Truck,0,0,0,41417,41417,0.00
June 30 2017,Chelan,WA,Passenger,67,37,104,53371,53475,0.19
April 30 2017,Dallas,TX,Passenger,0,1,1,188,189,0.53
April 30 2017,Dane,WI,Passenger,1,0,1,133,134,0.75
June 30 2017,Ferry,WA,Passenger,2,1,3,4576,4579,0.07
May 31 2017,Lane,OR,Passenger,0,1,1,242,243,0.41
May 31 2017,Volusia,FL,Passenger,0,1,1,45,46,2.17
June 30 2017,Cobb,GA,Passenger,0,1,1,69,70,1.43
May 31 2017,Latah,ID,Passenger,0,1,1,107,108,0.93
June 30 2017,Charles,MD,Passenger,0,1,1,88,89,1.12
April 30 2017,El Paso,CO,Passenger,1,1,2,836,838,0.24
June 30 2017,Clackamas,OR,Passenger,0,1,1,287,288,0.35
June 30 2017,Gwinnett,GA,Passenger,0,1,1,85,86,1.16
June 30 2017,Clallam,WA,Passenger,96,81,177,49390,49567,0.36
May 31 2017,Madison,ID,Passenger,1,0,1,40,41,2.44
June 30 2017,Clallam,WA,Truck,0,0,0,21623,21623,0.00
June 30 2017,Dekalb,GA,Passenger,1,0,1,85,86,1.16
May 31 2017,Maricopa,AZ,Passenger,2,0,2,1650,1652,0.12
June 30 2017,Cumberland,NC,Passenger,1,0,1,620,621,0.16
April 30 2017,Franklin,OH,Passenger,0,1,1,122,123,0.81
June 30 2017,Dakota,MN,Passenger,0,1,1,35,36,2.78
May 31 2017,Mason,WA,Passenger,59,68,127,44328,44455,0.29
June 30 2017,Douglas,WA,Truck,0,0,0,11907,11907,0.00
May 31 2017,Miami-Dade,FL,Passenger,0,1,1,128,129,0.78
June 30 2017,Benton,WA,Passenger,155,149,304,131267,131571,0.23
June 30 2017,District Of Columbia,DC,Passenger,0,3,3,224,227,1.32
April 30 2017,Bexar,TX,Passenger,1,1,2,967,969,0.21
June 30 2017,Douglas,WA,Passenger,34,26,60,27366,27426,0.22
June 30 2017,Duval,FL,Passenger,1,1,2,376,378,0.53
June 30 2017,Franklin,WA,Truck,0,0,0,18763,18763,0.00
June 30 2017,Jefferson,WA,Truck,0,0,0,9696,9696,0.00
May 31 2017,Missoula,MT,Passenger,1,0,1,67,68,1.47
June 30 2017,Fairfax City,VA,Passenger,1,0,1,6,7,14.29
June 30 2017,Fulton,GA,Passenger,1,1,2,109,111,1.80
June 30 2017,Juneau,AK,Passenger,0,1,1,39,40,2.50
May 31 2017,Monterey,CA,Passenger,0,1,1,221,222,0.45
June 30 2017,Flathead,MT,Passenger,1,0,1,61,62,1.61
June 30 2017,Cascade,MT,Passenger,0,1,1,56,57,1.75
June 30 2017,Gallatin,MT,Passenger,0,1,1,62,63,1.59
June 30 2017,Franklin,OH,Passenger,0,1,1,119,120,0.83
June 30 2017,Garfield,WA,Passenger,0,0,0,1334,1334,0.00
May 31 2017,Montgomery,TN,Passenger,1,0,1,274,275,0.36
June 30 2017,Glacier,MT,Passenger,0,1,1,3,4,25.00
June 30 2017,Garfield,WA,Truck,0,0,0,976,976,0.00
June 30 2017,Knox,TN,Passenger,1,0,1,39,40,2.50
May 31 2017,Moore,NC,Passenger,0,1,1,208,209,0.48
April 30 2017,Hidalgo,TX,Passenger,0,1,1,102,103,0.97
June 30 2017,Clark,WA,Passenger,825,536,1361,305305,306666,0.44
June 30 2017,Lane,OR,Passenger,0,1,1,235,236,0.42
May 31 2017,New Castle,DE,Passenger,1,0,1,24,25,4.00
May 31 2017,Norfolk City,VA,Passenger,2,1,3,325,328,0.91
June 30 2017,Howard,MD,Passenger,0,1,1,102,103,0.97
June 30 2017,Harnett,NC,Passenger,1,0,1,268,269,0.37
April 30 2017,Chelan,WA,Passenger,55,31,86,52917,53003,0.16
April 30 2017,Chelan,WA,Truck,0,0,0,21913,21913,0.00
June 30 2017,Jefferson,NY,Passenger,1,1,2,266,268,0.75
June 30 2017,Island,WA,Truck,0,0,0,21142,21142,0.00
June 30 2017,Lumpkin,GA,Passenger,1,0,1,10,11,9.09
April 30 2017,Jefferson,NY,Passenger,1,1,2,272,274,0.73
May 31 2017,Pinal,AZ,Passenger,2,1,3,220,223,1.35
June 30 2017,Jefferson,WA,Passenger,108,65,173,24359,24532,0.71
June 30 2017,Maricopa,AZ,Passenger,2,0,2,1623,1625,0.12
June 30 2017,Kittitas,WA,Passenger,24,17,41,28364,28405,0.14
June 30 2017,Ferry,WA,Truck,0,0,0,3750,3750,0.00
June 30 2017,Kent,DE,Passenger,0,1,1,71,72,1.39
June 30 2017,Kitsap,WA,Passenger,651,334,985,176991,177976,0.55
June 30 2017,Lincoln,WA,Passenger,2,6,8,7769,7777,0.10
June 30 2017,Kitsap,WA,Truck,1,0,1,54078,54079,0.00
April 30 2017,Cobb,GA,Passenger,0,1,1,70,71,1.41
April 30 2017,Klickitat,WA,Passenger,24,25,49,15135,15184,0.32
June 30 2017,Kittitas,WA,Truck,0,0,0,14071,14071,0.00
June 30 2017,Hamilton,IN,Passenger,1,0,1,54,55,1.82
June 30 2017,Montgomery,MD,Passenger,1,2,3,309,312,0.96
June 30 2017,Latah,ID,Passenger,0,1,1,101,102,0.98
April 30 2017,Columbia,WA,Passenger,0,1,1,2402,2403,0.04
June 30 2017,Marion,OR,Passenger,1,0,1,146,147,0.68
June 30 2017,Mason,WA,Truck,0,0,0,19999,19999,0.00
May 31 2017,Salt Lake,UT,Passenger,0,1,1,259,260,0.38
May 31 2017,San Diego,CA,Passenger,4,2,6,2790,2796,0.21
June 30 2017,Los Angeles,CA,Passenger,2,1,3,1294,1297,0.23
April 30 2017,Latah,ID,Passenger,0,1,1,115,116,0.86
June 30 2017,Madison,ID,Passenger,1,0,1,38,39,2.56
June 30 2017,Maui,HI,Passenger,1,0,1,72,73,1.37
June 30 2017,Pacific,WA,Passenger,16,8,24,15447,15471,0.16
June 30 2017,Marin,CA,Passenger,1,0,1,56,57,1.75
June 30 2017,Nassau,NY,Passenger,0,1,1,36,37,2.70
April 30 2017,Deschutes,OR,Passenger,1,0,1,192,193,0.52
April 30 2017,Lincoln,WA,Passenger,2,5,7,7701,7708,0.09
May 31 2017,Shelby,TN,Passenger,0,1,1,114,115,0.87
June 30 2017,Mason,WA,Passenger,64,70,134,44526,44660,0.30
June 30 2017,Orange,CA,Passenger,3,1,4,654,658,0.61
June 30 2017,Kent,MI,Passenger,0,1,1,37,38,2.63
June 30 2017,Orleans,LA,Passenger,0,1,1,48,49,2.04
June 30 2017,Miami-Dade,FL,Passenger,0,1,1,126,127,0.79
June 30 2017,Klickitat,WA,Passenger,27,26,53,15196,15249,0.35
June 30 2017,Missoula,MT,Passenger,1,0,1,66,67,1.49
April 30 2017,Douglas,WA,Truck,0,0,0,11827,11827,0.00
June 30 2017,Pend Oreille,WA,Passenger,4,4,8,9706,9714,0.08
June 30 2017,Pend Oreille,WA,Truck,0,0,0,5885,5885,0.00
June 30 2017,Monterey,CA,Passenger,0,1,1,217,218,0.46
June 30 2017,Moore,NC,Passenger,0,1,1,204,205,0.49
June 30 2017,Salt Lake,UT,Passenger,0,1,1,253,254,0.39
June 30 2017,Santa Fe,NM,Passenger,0,1,1,43,44,2.27
June 30 2017,Saratoga,NY,Passenger,0,1,1,73,74,1.35
June 30 2017,Riley,KS,Passenger,1,0,1,90,91,1.10
June 30 2017,Pacific,WA,Truck,0,0,0,7703,7703,0.00
June 30 2017,Palm Beach,FL,Passenger,0,1,1,87,88,1.14
June 30 2017,Skagit,WA,Passenger,150,118,268,89986,90254,0.30
June 30 2017,Santa Rosa,FL,Passenger,1,0,1,105,106,0.94
June 30 2017,Pima,AZ,Passenger,0,2,2,418,420,0.48
April 30 2017,Fulton,GA,Passenger,1,1,2,111,113,1.77
June 30 2017,Pinal,AZ,Passenger,2,1,3,212,215,1.40
June 30 2017,Alameda,CA,Passenger,1,1,2,359,361,0.55
June 30 2017,Nueces,TX,Passenger,0,1,1,98,99,1.01
June 30 2017,Polk,FL,Passenger,1,0,1,65,66,1.52
June 30 2017,Okanogan,NULL,Passenger,4,12,16,19966,19982,0.08
June 30 2017,Skamania,WA,Passenger,9,7,16,8817,8833,0.18
June 30 2017,Arlington,VA,Passenger,1,1,2,166,168,1.19
April 30 2017,Okaloosa,FL,Passenger,1,0,1,187,188,0.53
April 30 2017,Okanogan,WA,Passenger,0,4,4,6602,6606,0.06
June 30 2017,Twin Falls,ID,Passenger,0,1,1,23,24,4.17
June 30 2017,Snohomish,WA,Passenger,1856,994,2850,522231,525081,0.54
June 30 2017,Utah,UT,Passenger,0,1,1,151,152,0.66
June 30 2017,Stevens,WA,Passenger,9,25,34,32440,32474,0.10
June 30 2017,Stevens,WA,Truck,0,0,0,19147,19147,0.00
June 30 2017,Virginia Beach City,VA,Passenger,1,1,2,647,649,0.31
April 30 2017,Ozaukee,WI,Passenger,0,1,1,3,4,25.00
June 30 2017,Prince William,VA,Passenger,0,3,3,267,270,1.11
June 30 2017,Sumter,FL,Passenger,0,1,1,9,10,10.00
April 30 2017,Pacific,WA,Truck,0,0,0,7689,7689,0.00
June 30 2017,Ramsey,MN,Passenger,1,0,1,37,38,2.63
June 30 2017,Wahkiakum,WA,Passenger,1,2,3,2895,2898,0.10
June 30 2017,Walla Walla,WA,Passenger,25,26,51,35671,35722,0.14
June 30 2017,Wayne,MI,Passenger,0,1,1,69,70,1.43
June 30 2017,Travis,TX,Passenger,0,1,1,185,186,0.54
June 30 2017,Tuolumne,CA,Passenger,0,1,1,12,13,7.69
June 30 2017,Whitman,WA,Passenger,10,22,32,22517,22549,0.14
June 30 2017,Whatcom,WA,Passenger,482,194,676,145799,146475,0.46
June 30 2017,Russell,AL,Passenger,1,0,1,57,58,1.72
April 30 2017,Pinal,AZ,Passenger,2,1,3,222,225,1.33
April 30 2017,Island,WA,Truck,0,0,0,21112,21112,0.00
April 30 2017,Polk,FL,Passenger,1,0,1,68,69,1.45
June 30 2017,San Mateo,CA,Passenger,0,1,1,151,152,0.66
July 31 2017,Alameda,CA,Passenger,1,1,2,352,354,0.56
June 30 2017,Clark,NV,Passenger,1,1,2,794,796,0.25
July 31 2017,Anne Arundel,MD,Passenger,0,2,2,515,517,0.39
July 31 2017,Asotin,WA,Passenger,8,5,13,12737,12750,0.10
June 30 2017,Skagit,WA,Truck,1,0,1,32484,32485,0.00
June 30 2017,Yakima,WA,Truck,0,0,0,59916,59916,0.00
June 30 2017,Snohomish,WA,Truck,1,0,1,125922,125923,0.00
June 30 2017,Walla Walla,WA,Truck,0,0,0,13690,13690,0.00
June 30 2017,Cowlitz,WA,Truck,0,0,0,28846,28846,0.00
June 30 2017,Tarrant,TX,Passenger,1,0,1,247,248,0.40
April 30 2017,Riley,KS,Passenger,1,0,1,93,94,1.06
June 30 2017,Dale,AL,Passenger,0,1,1,68,69,1.45
April 30 2017,King,WA,Passenger,9667,4270,13937,1394385,1408322,0.99
June 30 2017,Dallas,TX,Passenger,0,1,1,180,181,0.55
June 30 2017,Dekalb,IN,Passenger,1,0,1,1,2,50.00
July 31 2017,Bexar,TX,Passenger,2,1,3,874,877,0.34
July 31 2017,Canyon,ID,Passenger,0,1,1,89,90,1.11
April 30 2017,Russell,AL,Passenger,1,0,1,56,57,1.75
July 31 2017,Charlottesville City,VA,Passenger,0,1,1,9,10,10.00
June 30 2017,Washoe,NV,Passenger,1,0,1,127,128,0.78
July 31 2017,Columbia,WA,Passenger,1,1,2,2400,2402,0.08
June 30 2017,Whitman,WA,Truck,0,0,0,8705,8705,0.00
July 31 2017,Columbia,WA,Truck,0,0,0,1598,1598,0.00
July 31 2017,Cowlitz,WA,Truck,0,0,0,28892,28892,0.00
April 30 2017,Lewis,WA,Passenger,51,44,95,56356,56451,0.17
July 31 2017,Chelan,WA,Passenger,69,36,105,53481,53586,0.20
July 31 2017,Dallas,TX,Passenger,0,1,1,176,177,0.56
July 31 2017,Chelan,WA,Truck,0,0,0,22066,22066,0.00
June 30 2017,Yakima,WA,Passenger,50,65,115,164093,164208,0.07
June 30 2017,Grant,WA,Truck,0,0,0,26340,26340,0.00
July 31 2017,NULL,CA,Passenger,1,0,1,386,387,0.26
July 31 2017,Adams,WA,Truck,0,0,0,5373,5373,0.00
July 31 2017,Deschutes,OR,Passenger,1,0,1,186,187,0.53
June 30 2017,Grays Harbor,WA,Passenger,38,35,73,45835,45908,0.16
July 31 2017,Douglas,WA,Passenger,35,26,61,27421,27482,0.22
June 30 2017,Grays Harbor,WA,Truck,0,0,0,20536,20536,0.00
July 31 2017,Clark,WA,Truck,0,0,0,80140,80140,0.00
July 31 2017,Allegheny,PA,Passenger,1,0,1,83,84,1.19
July 31 2017,Fairfax,VA,Passenger,0,3,3,847,850,0.35
April 30 2017,Skamania,WA,Passenger,9,8,17,8753,8770,0.19
June 30 2017,Hamilton,TN,Passenger,1,0,1,18,19,5.26
July 31 2017,Arlington,VA,Passenger,1,1,2,166,168,1.19
June 30 2017,Hardin,KY,Passenger,0,1,1,123,124,0.81
July 31 2017,Ferry,WA,Passenger,2,1,3,4585,4588,0.07
April 30 2017,Los Angeles,CA,Passenger,2,1,3,1334,1337,0.22
July 31 2017,Franklin,WA,Passenger,30,48,78,57133,57211,0.14
July 31 2017,Cowlitz,WA,Passenger,57,71,128,71282,71410,0.18
July 31 2017,Clark,WA,Passenger,836,549,1385,305914,307299,0.45
July 31 2017,Benton,WA,Truck,0,0,0,41517,41517,0.00
April 30 2017,Manassas City,VA,Passenger,0,1,1,10,11,9.09
July 31 2017,Grant,WA,Truck,0,0,0,26404,26404,0.00
July 31 2017,Grays Harbor,WA,Truck,0,0,0,20543,20543,0.00
July 31 2017,Douglas,WA,Truck,0,0,0,11907,11907,0.00
July 31 2017,Dane,WI,Passenger,1,0,1,87,88,1.14
July 31 2017,Howard,MD,Passenger,0,1,1,101,102,0.98
June 30 2017,Klickitat,WA,Truck,0,0,0,8285,8285,0.00
July 31 2017,Island,WA,Passenger,131,152,283,61700,61983,0.46
July 31 2017,Jefferson,WA,Truck,0,0,0,9703,9703,0.00
July 31 2017,Fulton,GA,Passenger,1,1,2,106,108,1.85
July 31 2017,El Paso,CO,Passenger,2,0,2,808,810,0.25
April 30 2017,Wahkiakum,WA,Passenger,1,2,3,2906,2909,0.10
July 31 2017,Charles,MD,Passenger,0,1,1,86,87,1.15
July 31 2017,Juneau,AK,Passenger,0,1,1,40,41,2.44
June 30 2017,Larimer,CO,Passenger,0,1,1,71,72,1.39
July 31 2017,Grant,WA,Passenger,21,35,56,62868,62924,0.09
July 31 2017,Clallam,WA,Truck,0,0,0,21671,21671,0.00
July 31 2017,Franklin,OH,Passenger,0,1,1,118,119,0.84
July 31 2017,Grays Harbor,WA,Passenger,40,39,79,45945,46024,0.17
July 31 2017,Cobb,GA,Passenger,0,1,1,68,69,1.45
July 31 2017,King,WA,Truck,8,1,9,192422,192431,0.00
July 31 2017,Kittitas,WA,Passenger,27,19,46,28483,28529,0.16
July 31 2017,Garfield,WA,Truck,0,0,0,961,961,0.00
July 31 2017,Hamilton,IN,Passenger,1,0,1,54,55,1.82
April 30 2017,Whatcom,WA,Passenger,456,177,633,144831,145464,0.44
July 31 2017,Lane,OR,Passenger,0,1,1,226,227,0.44
July 31 2017,Hardin,KY,Passenger,0,1,1,124,125,0.80
July 31 2017,Lewis,WA,Truck,0,0,0,25899,25899,0.00
April 30 2017,Whitman,WA,Truck,0,0,0,8629,8629,0.00
July 31 2017,Dekalb,GA,Passenger,1,0,1,83,84,1.19
July 31 2017,Lincoln,WA,Truck,0,0,0,4631,4631,0.00
April 30 2017,Pacific,WA,Passenger,12,9,21,15363,15384,0.14
May 31 2017,NULL,CA,Passenger,1,0,1,409,410,0.24
July 31 2017,Island,WA,Truck,0,0,0,21154,21154,0.00
July 31 2017,Maricopa,AZ,Passenger,2,0,2,1587,1589,0.13
July 31 2017,Marion,OR,Passenger,1,0,1,146,147,0.68
July 31 2017,Jackson,MO,Passenger,1,0,1,55,56,1.79
July 31 2017,Jefferson,WA,Passenger,111,66,177,24424,24601,0.72
April 30 2017,Pierce,WA,Passenger,969,872,1841,534581,536422,0.34
July 31 2017,Manassas City,VA,Passenger,0,1,1,9,10,10.00
July 31 2017,Kent,MI,Passenger,0,1,1,37,38,2.63
July 31 2017,Franklin,WA,Truck,0,0,0,18839,18839,0.00
April 30 2017,Pima,AZ,Passenger,0,2,2,425,427,0.47
July 31 2017,Frederick,MD,Passenger,0,1,1,85,86,1.16
July 31 2017,Montgomery,PA,Passenger,1,0,1,34,35,2.86
May 31 2017,Arlington,VA,Passenger,1,1,2,169,171,1.17
July 31 2017,King,WA,Passenger,10518,4506,15024,1395584,1410608,1.07
June 30 2017,New Castle,DE,Passenger,1,0,1,25,26,3.85
July 31 2017,Gallatin,MT,Passenger,0,1,1,64,65,1.54
July 31 2017,Klickitat,WA,Passenger,27,26,53,15214,15267,0.35
July 31 2017,Klickitat,WA,Truck,0,0,0,8268,8268,0.00
July 31 2017,Nassau,NY,Passenger,1,1,2,36,38,5.26
June 30 2017,Okaloosa,FL,Passenger,1,0,1,179,180,0.56
July 31 2017,New Castle,DE,Passenger,1,0,1,25,26,3.85
July 31 2017,Larimer,CO,Passenger,0,1,1,68,69,1.45
July 31 2017,Hamilton,TN,Passenger,1,0,1,16,17,5.88
June 30 2017,Orange,FL,Passenger,1,1,2,134,136,1.47
July 31 2017,Montgomery,MD,Passenger,1,2,3,311,314,0.96
July 31 2017,Lincoln,WA,Passenger,3,6,9,7769,7778,0.12
June 30 2017,Ozaukee,WI,Passenger,0,1,1,3,4,25.00
July 31 2017,Multnomah,OR,Passenger,1,3,4,960,964,0.41
July 31 2017,Lewis,WA,Passenger,57,46,103,56935,57038,0.18
July 31 2017,Pend Oreille,WA,Truck,0,0,0,5900,5900,0.00
July 31 2017,Okanogan,NULL,Passenger,4,13,17,19971,19988,0.09
April 30 2017,Saint Lucie,FL,Passenger,1,0,1,29,30,3.33
July 31 2017,Jefferson,NY,Passenger,1,1,2,263,265,0.75
July 31 2017,Pacific,WA,Passenger,16,10,26,15505,15531,0.17
July 31 2017,Okanogan,WA,Passenger,0,5,5,6541,6546,0.08
July 31 2017,Kent,DE,Passenger,0,1,1,70,71,1.41
June 30 2017,Saint Lucie,FL,Passenger,1,0,1,30,31,3.23
July 31 2017,Pierce,WA,Passenger,1101,925,2026,535275,537301,0.38
July 31 2017,Kittitas,WA,Truck,0,0,0,14109,14109,0.00
June 30 2017,San Juan,WA,Truck,0,0,0,5765,5765,0.00
June 30 2017,Sangamon,IL,Passenger,1,0,1,11,12,8.33
July 31 2017,Ramsey,MN,Passenger,1,0,1,35,36,2.78
July 31 2017,Latah,ID,Passenger,0,1,1,94,95,1.05
July 31 2017,Riverside,CA,Passenger,0,1,1,788,789,0.13
July 31 2017,Riley,KS,Passenger,1,0,1,91,92,1.09
June 30 2017,Shelby,TN,Passenger,0,1,1,115,116,0.86
May 31 2017,Charlottesville City,VA,Passenger,0,1,1,9,10,10.00
April 30 2017,Skamania,WA,Truck,0,0,0,4073,4073,0.00
July 31 2017,Russell,AL,Passenger,1,0,1,55,56,1.79
July 31 2017,Saint Lucie,FL,Passenger,1,0,1,29,30,3.33
April 30 2017,Spokane,WA,Truck,1,1,2,93352,93354,0.00
July 31 2017,Los Angeles,CA,Passenger,2,1,3,1281,1284,0.23
June 30 2017,Spokane,WA,Truck,1,0,1,93898,93899,0.00
July 31 2017,Pima,AZ,Passenger,0,2,2,412,414,0.48
July 31 2017,Wahkiakum,WA,Truck,0,0,0,1721,1721,0.00
July 31 2017,San Juan,WA,Passenger,112,42,154,13957,14111,1.09
July 31 2017,Madison,ID,Passenger,1,0,1,39,40,2.50
May 31 2017,Clackamas,OR,Passenger,1,1,2,302,304,0.66
July 31 2017,Walla Walla,WA,Passenger,27,26,53,35723,35776,0.15
July 31 2017,San Mateo,CA,Passenger,0,1,1,151,152,0.66
July 31 2017,Prince William,VA,Passenger,0,3,3,268,271,1.11
July 31 2017,Marin,CA,Passenger,1,0,1,56,57,1.75
June 30 2017,Thurston,WA,Passenger,435,362,797,190235,191032,0.42
April 30 2017,Thurston,WA,Passenger,407,343,750,188942,189692,0.40
July 31 2017,Skagit,WA,Truck,1,0,1,32521,32522,0.00
July 31 2017,Snohomish,WA,Truck,1,0,1,125859,125860,0.00
June 30 2017,Ventura,CA,Passenger,0,1,1,357,358,0.28
July 31 2017,Stevens,WA,Truck,0,0,0,19114,19114,0.00
April 30 2017,Walla Walla,WA,Truck,0,0,0,13662,13662,0.00
May 31 2017,Cumberland,NC,Passenger,1,0,1,627,628,0.16
July 31 2017,Twin Falls,ID,Passenger,0,1,1,23,24,4.17
July 31 2017,Sangamon,IL,Passenger,1,0,1,11,12,8.33
August 31 2017,Adams,WA,Passenger,4,3,7,12639,12646,0.06
May 31 2017,Dallas,TX,Passenger,0,1,1,182,183,0.55
July 31 2017,Monterey,CA,Passenger,0,2,2,211,213,0.94
May 31 2017,Dane,WI,Passenger,1,0,1,116,117,0.85
July 31 2017,Volusia,FL,Passenger,0,1,1,45,46,2.17
July 31 2017,Thurston,WA,Truck,0,0,0,55006,55006,0.00
July 31 2017,Skamania,WA,Truck,0,0,0,4081,4081,0.00
July 31 2017,Spokane,WA,Passenger,286,254,540,303261,303801,0.18
July 31 2017,Spokane,WA,Truck,1,0,1,94097,94098,0.00
May 31 2017,Deschutes,OR,Passenger,1,0,1,188,189,0.53
April 30 2017,Whatcom,WA,Truck,2,0,2,42628,42630,0.00
July 31 2017,Okaloosa,FL,Passenger,1,0,1,180,181,0.55
July 31 2017,Washoe,NV,Passenger,1,0,1,125,126,0.79
August 31 2017,Benton,WA,Passenger,167,154,321,132019,132340,0.24
July 31 2017,Tarrant,TX,Passenger,1,0,1,237,238,0.42
July 31 2017,Alexandria City,VA,Passenger,2,0,2,189,191,1.05
July 31 2017,Ozaukee,WI,Passenger,0,1,1,3,4,25.00
July 31 2017,Wayne,MI,Passenger,0,1,1,69,70,1.43
July 31 2017,Pacific,WA,Truck,0,0,0,7718,7718,0.00
July 31 2017,Thurston,WA,Passenger,460,376,836,190813,191649,0.44
July 31 2017,Palm Beach,FL,Passenger,0,1,1,86,87,1.15
July 31 2017,Whitman,WA,Truck,0,0,0,8715,8715,0.00
July 31 2017,Pinal,AZ,Passenger,2,1,3,205,208,1.44
July 31 2017,Tulare,CA,Passenger,1,0,1,200,201,0.50
May 31 2017,NULL,NULL,Passenger,9,4,13,2459,2472,0.53
July 31 2017,Benton,WA,Passenger,161,154,315,131539,131854,0.24
July 31 2017,Polk,FL,Passenger,1,0,1,64,65,1.54
July 31 2017,Walla Walla,WA,Truck,0,0,0,13672,13672,0.00
August 31 2017,NULL,CA,Passenger,1,0,1,356,357,0.28
August 31 2017,NULL,WA,Truck,0,0,0,1,1,0.00
July 31 2017,Whatcom,WA,Truck,2,0,2,42894,42896,0.00
May 31 2017,Garfield,WA,Truck,0,0,0,967,967,0.00
May 31 2017,Anne Arundel,MD,Passenger,0,2,2,514,516,0.39
August 31 2017,Arlington,VA,Passenger,1,2,3,165,168,1.79
August 31 2017,Anne Arundel,MD,Passenger,0,2,2,514,516,0.39
August 31 2017,Clallam,WA,Passenger,104,84,188,49620,49808,0.38
May 31 2017,Asotin,WA,Passenger,6,4,10,12628,12638,0.08
August 31 2017,Clark,NV,Passenger,1,1,2,765,767,0.26
August 31 2017,Asotin,WA,Passenger,8,6,14,12762,12776,0.11
August 31 2017,Asotin,WA,Truck,0,0,0,6767,6767,0.00
August 31 2017,NULL,NULL,Passenger,9,4,13,2400,2413,0.54
August 31 2017,Benton,WA,Truck,0,0,0,41582,41582,0.00
August 31 2017,Columbia,WA,Truck,0,0,0,1612,1612,0.00
July 31 2017,Clallam,WA,Passenger,100,82,182,49479,49661,0.37
August 31 2017,Adams,WA,Truck,0,0,0,5358,5358,0.00
August 31 2017,Alexandria City,VA,Passenger,2,0,2,183,185,1.08
August 31 2017,Dakota,MN,Passenger,0,1,1,34,35,2.86
May 31 2017,Harnett,NC,Passenger,1,0,1,269,270,0.37
August 31 2017,Dale,AL,Passenger,0,1,1,68,69,1.45
August 31 2017,Dekalb,IN,Passenger,1,0,1,1,2,50.00
July 31 2017,Skamania,WA,Passenger,9,7,16,8799,8815,0.18
July 31 2017,Dakota,MN,Passenger,0,1,1,34,35,2.86
August 31 2017,Charles,MD,Passenger,0,1,1,85,86,1.16
July 31 2017,Sumter,FL,Passenger,0,1,1,9,10,10.00
May 31 2017,Hidalgo,TX,Passenger,0,1,1,103,104,0.96
August 31 2017,Clallam,WA,Truck,0,0,0,21682,21682,0.00
July 31 2017,Travis,TX,Passenger,0,1,1,184,185,0.54
July 31 2017,Duval,FL,Passenger,1,1,2,372,374,0.53
July 31 2017,Wahkiakum,WA,Passenger,1,2,3,2901,2904,0.10
May 31 2017,Cascade,MT,Passenger,0,1,1,58,59,1.69
July 31 2017,Ferry,WA,Truck,0,0,0,3738,3738,0.00
May 31 2017,Kitsap,WA,Passenger,641,318,959,176250,177209,0.54
August 31 2017,Columbia,GA,Passenger,1,0,1,175,176,0.57
August 31 2017,Dallas,TX,Passenger,0,1,1,174,175,0.57
May 31 2017,Kittitas,WA,Truck,0,0,0,14039,14039,0.00
July 31 2017,Whatcom,WA,Passenger,498,196,694,146038,146732,0.47
August 31 2017,Howard,MD,Passenger,0,1,1,99,100,1.00
August 31 2017,Ferry,WA,Passenger,2,1,3,4583,4586,0.07
August 31 2017,Ferry,WA,Truck,0,0,0,3752,3752,0.00
August 31 2017,Fairfax City,VA,Passenger,1,0,1,6,7,14.29
August 31 2017,Franklin,WA,Truck,0,0,0,18914,18914,0.00
August 31 2017,Gallatin,MT,Passenger,0,1,1,66,67,1.49
August 31 2017,El Paso,CO,Passenger,2,0,2,795,797,0.25
August 31 2017,Glacier,MT,Passenger,0,1,1,3,4,25.00
August 31 2017,Grays Harbor,WA,Passenger,43,41,84,46085,46169,0.18
August 31 2017,Frederick,MD,Passenger,0,1,1,86,87,1.15
August 31 2017,Hamilton,TN,Passenger,1,0,1,17,18,5.56
August 31 2017,Charlottesville City,VA,Passenger,0,1,1,9,10,10.00
August 31 2017,Manatee,FL,Passenger,1,0,1,37,38,2.63
August 31 2017,Chelan,WA,Truck,0,0,0,22116,22116,0.00
August 31 2017,Hardin,KY,Passenger,0,1,1,126,127,0.79
May 31 2017,Manassas City,VA,Passenger,0,1,1,9,10,10.00
August 31 2017,Marion,OR,Passenger,1,0,1,137,138,0.72
July 31 2017,Kitsap,WA,Passenger,673,340,1013,177138,178151,0.57
May 31 2017,El Paso,CO,Passenger,2,1,3,826,829,0.36
August 31 2017,Honolulu,HI,Passenger,4,1,5,548,553,0.90
August 31 2017,Multnomah,OR,Passenger,1,3,4,943,947,0.42
August 31 2017,Jefferson,NY,Passenger,1,0,1,262,263,0.38
August 31 2017,Nassau,NY,Passenger,1,1,2,36,38,5.26
August 31 2017,Kittitas,WA,Truck,0,0,0,14133,14133,0.00
July 31 2017,Lumpkin,GA,Passenger,1,0,1,10,11,9.09
May 31 2017,Ferry,WA,Truck,0,0,0,3759,3759,0.00
August 31 2017,Klickitat,WA,Truck,0,0,0,8279,8279,0.00
August 31 2017,Lane,OR,Passenger,0,1,1,223,224,0.45
August 31 2017,Orange,FL,Passenger,1,1,2,145,147,1.36
August 31 2017,Deschutes,OR,Passenger,1,0,1,184,185,0.54
August 31 2017,Larimer,CO,Passenger,0,1,1,68,69,1.45
July 31 2017,Mason,WA,Truck,0,0,0,20009,20009,0.00
August 31 2017,Orleans,LA,Passenger,0,1,1,47,48,2.08
August 31 2017,Pierce,WA,Truck,0,0,0,141705,141705,0.00
August 31 2017,Madison,ID,Passenger,1,0,1,37,38,2.63
August 31 2017,Franklin,OH,Passenger,0,1,1,114,115,0.87
August 31 2017,Latah,ID,Passenger,0,1,1,89,90,1.11
May 31 2017,Okaloosa,FL,Passenger,1,0,1,182,183,0.55
August 31 2017,Maricopa,AZ,Passenger,2,0,2,1573,1575,0.13
August 31 2017,Garfield,WA,Truck,0,0,0,964,964,0.00
August 31 2017,Riverside,CA,Passenger,0,2,2,776,778,0.26
July 31 2017,Montgomery,TN,Passenger,1,0,1,271,272,0.37
May 31 2017,Okanogan,WA,Passenger,0,4,4,6587,6591,0.06
August 31 2017,Sacramento,CA,Passenger,1,0,1,354,355,0.28
August 31 2017,Saint Lucie,FL,Passenger,1,0,1,26,27,3.70
July 31 2017,Norfolk City,VA,Passenger,2,1,3,334,337,0.89
August 31 2017,San Juan,WA,Truck,0,0,0,5784,5784,0.00
May 31 2017,Ozaukee,WI,Passenger,0,1,1,3,4,25.00
August 31 2017,Missoula,MT,Passenger,1,0,1,64,65,1.54
July 31 2017,Nueces,TX,Passenger,0,1,1,99,100,1.00
July 31 2017,Orange,CA,Passenger,3,1,4,655,659,0.61
August 31 2017,Mason,WA,Passenger,74,76,150,45040,45190,0.33
August 31 2017,Santa Clara,CA,Passenger,5,2,7,391,398,1.76
August 31 2017,Monterey,CA,Passenger,0,2,2,207,209,0.96
August 31 2017,Okaloosa,FL,Passenger,1,0,1,181,182,0.55
July 31 2017,Orleans,LA,Passenger,0,1,1,49,50,2.00
August 31 2017,Miami-Dade,FL,Passenger,0,1,1,126,127,0.79
May 31 2017,Honolulu,HI,Passenger,4,1,5,588,593,0.84
August 31 2017,Moore,NC,Passenger,0,1,1,207,208,0.48
August 31 2017,Jackson,MO,Passenger,1,0,1,55,56,1.79
August 31 2017,New Castle,DE,Passenger,1,0,1,23,24,4.17
May 31 2017,Pierce,WA,Passenger,996,888,1884,534815,536699,0.35
August 31 2017,Ozaukee,WI,Passenger,0,1,1,3,4,25.00
August 31 2017,Montgomery,TN,Passenger,1,0,1,268,269,0.37
August 31 2017,Pend Oreille,WA,Passenger,4,4,8,9774,9782,0.08
August 31 2017,Nueces,TX,Passenger,0,1,1,98,99,1.01
August 31 2017,Kitsap,WA,Passenger,695,353,1048,177683,178731,0.59
August 31 2017,Norfolk City,VA,Passenger,2,1,3,332,335,0.90
August 31 2017,Okanogan,WA,Truck,0,0,0,4456,4456,0.00
August 31 2017,Volusia,FL,Passenger,0,1,1,44,45,2.22
August 31 2017,Lewis,WA,Passenger,60,48,108,57220,57328,0.19
August 31 2017,Lincoln,WA,Passenger,3,6,9,7825,7834,0.11
August 31 2017,Pinal,AZ,Passenger,2,1,3,201,204,1.47
August 31 2017,Lumpkin,GA,Passenger,1,0,1,10,11,9.09
July 31 2017,Santa Rosa,FL,Passenger,1,0,1,104,105,0.95
August 31 2017,Manassas City,VA,Passenger,0,1,1,9,10,10.00
August 31 2017,San Juan,WA,Passenger,113,42,155,14044,14199,1.09
August 31 2017,San Mateo,CA,Passenger,0,1,1,150,151,0.66
September 30 2017,Asotin,WA,Truck,0,0,0,6762,6762,0.00
August 31 2017,Mason,WA,Truck,0,0,0,20079,20079,0.00
August 31 2017,Santa Fe,NM,Passenger,0,1,1,41,42,2.38
August 31 2017,Sumter,FL,Passenger,0,1,1,9,10,10.00
September 30 2017,Bexar,TX,Passenger,2,1,3,830,833,0.36
August 31 2017,Travis,TX,Passenger,0,1,1,189,190,0.53
August 31 2017,San Diego,CA,Passenger,5,3,8,2726,2734,0.29
August 31 2017,Wahkiakum,WA,Passenger,2,2,4,2894,2898,0.14
August 31 2017,Shelby,TN,Passenger,0,1,1,111,112,0.89
August 31 2017,Okanogan,WA,Passenger,0,4,4,6501,6505,0.06
August 31 2017,Orange,CA,Passenger,3,1,4,637,641,0.62
September 30 2017,Chelan,WA,Passenger,75,38,113,53903,54016,0.21
May 31 2017,Sumter,FL,Passenger,0,1,1,9,10,10.00
August 31 2017,Utah,UT,Passenger,0,1,1,141,142,0.70
August 31 2017,Yakima,WA,Truck,0,0,0,60243,60243,0.00
September 30 2017,Clark,WA,Passenger,876,577,1453,307749,309202,0.47
May 31 2017,Travis,TX,Passenger,0,1,1,186,187,0.53
August 31 2017,Pierce,WA,Passenger,1147,935,2082,536002,538084,0.39
September 30 2017,Clay,FL,Passenger,0,1,1,109,110,0.91
September 30 2017,Cobb,GA,Passenger,0,1,1,61,62,1.61
July 31 2017,Yakima,WA,Passenger,56,69,125,164481,164606,0.08
August 31 2017,Yakima,WA,Passenger,63,74,137,165048,165185,0.08
August 31 2017,Allegheny,PA,Passenger,1,0,1,83,84,1.19
September 30 2017,NULL,NULL,Passenger,9,2,11,2381,2392,0.46
May 31 2017,Nueces,TX,Passenger,0,1,1,99,100,1.00
May 31 2017,Okanogan,WA,Truck,0,0,0,4522,4522,0.00
August 31 2017,Riley,KS,Passenger,1,0,1,94,95,1.05
September 30 2017,Douglas,WA,Truck,0,0,0,11980,11980,0.00
September 30 2017,Adams,WA,Passenger,4,3,7,12717,12724,0.06
September 30 2017,Alameda,CA,Passenger,0,1,1,348,349,0.29
September 30 2017,Anne Arundel,MD,Passenger,0,2,2,510,512,0.39
September 30 2017,Arlington,VA,Passenger,1,2,3,162,165,1.82
September 30 2017,Asotin,WA,Passenger,7,6,13,12792,12805,0.10
September 30 2017,Ferry,WA,Truck,0,0,0,3752,3752,0.00
August 31 2017,Santa Rosa,FL,Passenger,1,0,1,101,102,0.98
September 30 2017,Franklin,WA,Truck,0,0,0,18945,18945,0.00
September 30 2017,Fulton,GA,Passenger,1,1,2,103,105,1.90
September 30 2017,Gallatin,MT,Passenger,0,1,1,62,63,1.59
May 31 2017,Yakima,WA,Truck,0,0,0,59778,59778,0.00
September 30 2017,Garfield,WA,Passenger,1,0,1,1337,1338,0.07
September 30 2017,Clark,WA,Truck,0,0,0,80371,80371,0.00
August 31 2017,Thurston,WA,Truck,0,0,0,55139,55139,0.00
June 30 2017,NULL,NULL,Passenger,9,4,13,2443,2456,0.53
August 31 2017,Chelan,WA,Passenger,72,37,109,53671,53780,0.20
September 30 2017,Canyon,ID,Passenger,0,1,1,85,86,1.16
September 30 2017,Cowlitz,WA,Passenger,61,74,135,71816,71951,0.19
September 30 2017,Hamilton,IN,Passenger,1,0,1,54,55,1.82
September 30 2017,Charlottesville City,VA,Passenger,0,1,1,9,10,10.00
June 30 2017,Alexandria City,VA,Passenger,2,0,2,189,191,1.05
August 31 2017,Clark,WA,Truck,0,0,0,80356,80356,0.00
September 30 2017,Chelan,WA,Truck,0,0,0,22162,22162,0.00
September 30 2017,Clark,NV,Passenger,1,1,2,745,747,0.27
September 30 2017,Columbia,GA,Passenger,1,0,1,173,174,0.57
August 31 2017,Cobb,GA,Passenger,0,1,1,64,65,1.54
September 30 2017,Island,WA,Truck,0,0,0,21262,21262,0.00
September 30 2017,Columbia,WA,Truck,0,0,0,1629,1629,0.00
September 30 2017,Fairfax,VA,Passenger,0,3,3,842,845,0.36
August 31 2017,Cowlitz,WA,Passenger,56,72,128,71543,71671,0.18
May 31 2017,San Juan,WA,Passenger,105,41,146,13869,14015,1.04
August 31 2017,Dekalb,GA,Passenger,1,0,1,84,85,1.18
September 30 2017,Alexandria City,VA,Passenger,2,0,2,178,180,1.11
September 30 2017,Dale,AL,Passenger,0,1,1,69,70,1.43
May 31 2017,San Mateo,CA,Passenger,0,1,1,154,155,0.65
September 30 2017,Cowlitz,WA,Truck,0,0,0,28999,28999,0.00
September 30 2017,Dallas,TX,Passenger,0,1,1,172,173,0.58
September 30 2017,Grant,WA,Passenger,22,38,60,63414,63474,0.09
September 30 2017,Kent,MI,Passenger,0,1,1,35,36,2.78
September 30 2017,Dekalb,IN,Passenger,1,0,1,1,2,50.00
September 30 2017,Klickitat,WA,Passenger,27,28,55,15192,15247,0.36
May 31 2017,Santa Fe,NM,Passenger,0,1,1,43,44,2.27
August 31 2017,Douglas,WA,Passenger,35,27,62,27507,27569,0.22
September 30 2017,Deschutes,OR,Passenger,1,0,1,183,184,0.54
September 30 2017,Gwinnett,GA,Passenger,0,1,1,87,88,1.14
August 31 2017,Douglas,WA,Truck,0,0,0,11962,11962,0.00
September 30 2017,El Paso,TX,Passenger,1,0,1,564,565,0.18
September 30 2017,El Paso,CO,Passenger,2,0,2,791,793,0.25
September 30 2017,Honolulu,HI,Passenger,3,1,4,549,553,0.72
August 31 2017,Fairfax,VA,Passenger,0,3,3,840,843,0.36
September 30 2017,Madison,ID,Passenger,1,0,1,37,38,2.63
September 30 2017,Island,WA,Passenger,142,160,302,62312,62614,0.48
September 30 2017,Jefferson,WA,Truck,0,0,0,9706,9706,0.00
September 30 2017,Franklin,WA,Passenger,37,50,87,57660,57747,0.15
September 30 2017,Juneau,AK,Passenger,0,1,1,39,40,2.50
August 31 2017,Grant,WA,Passenger,21,37,58,63128,63186,0.09
September 30 2017,Missoula,MT,Passenger,1,0,1,64,65,1.54
August 31 2017,Gwinnett,GA,Passenger,0,1,1,88,89,1.12
September 30 2017,Klickitat,WA,Truck,0,0,0,8294,8294,0.00
September 30 2017,Monterey,CA,Passenger,0,2,2,208,210,0.95
September 30 2017,Grant,WA,Truck,0,0,0,26574,26574,0.00
September 30 2017,Knox,TN,Passenger,1,0,1,40,41,2.44
September 30 2017,Grays Harbor,WA,Passenger,45,43,88,46267,46355,0.19
September 30 2017,Moore,NC,Passenger,0,1,1,208,209,0.48
September 30 2017,Columbia,WA,Passenger,1,1,2,2437,2439,0.08
September 30 2017,Grays Harbor,WA,Truck,0,0,0,20617,20617,0.00
June 30 2017,Clark,WA,Truck,0,0,0,80052,80052,0.00
September 30 2017,Nueces,TX,Passenger,0,1,1,99,100,1.00
September 30 2017,Lincoln,WA,Truck,0,0,0,4660,4660,0.00
August 31 2017,Island,WA,Passenger,136,160,296,62014,62310,0.48
May 31 2017,Utah,UT,Passenger,0,1,1,157,158,0.63
August 31 2017,Island,WA,Truck,0,0,0,21194,21194,0.00
September 30 2017,Hamilton,TN,Passenger,1,0,1,19,20,5.00
September 30 2017,Hardin,KY,Passenger,0,1,1,121,122,0.82
September 30 2017,Pacific,WA,Truck,0,0,0,7738,7738,0.00
September 30 2017,Pima,AZ,Passenger,0,1,1,404,405,0.25
June 30 2017,Cowlitz,WA,Passenger,54,69,123,71132,71255,0.17
August 31 2017,Jefferson,WA,Truck,0,0,0,9719,9719,0.00
September 30 2017,Polk,FL,Passenger,1,0,1,64,65,1.54
September 30 2017,Ferry,WA,Passenger,2,1,3,4565,4568,0.07
August 31 2017,Juneau,AK,Passenger,0,1,1,38,39,2.56
September 30 2017,Prince William,VA,Passenger,0,3,3,265,268,1.12
September 30 2017,Montgomery,MD,Passenger,1,3,4,310,314,1.27
August 31 2017,Kent,DE,Passenger,0,1,1,69,70,1.43
September 30 2017,Liberty,GA,Passenger,1,0,1,161,162,0.62
August 31 2017,Kitsap,WA,Truck,1,0,1,54185,54186,0.00
September 30 2017,King,WA,Truck,8,1,9,191805,191814,0.00
August 31 2017,Knox,TN,Passenger,1,0,1,39,40,2.50
May 31 2017,Yakima,WA,Passenger,46,63,109,163814,163923,0.07
September 30 2017,San Mateo,CA,Passenger,0,1,1,148,149,0.67
September 30 2017,Manassas City,VA,Passenger,0,1,1,9,10,10.00
September 30 2017,Okanogan,WA,Truck,0,0,0,4438,4438,0.00
September 30 2017,Larimer,CO,Passenger,0,1,1,65,66,1.52
September 30 2017,Manatee,FL,Passenger,1,0,1,37,38,2.63
June 30 2017,Adams,WA,Passenger,3,3,6,12634,12640,0.05
June 30 2017,Fairfax,VA,Passenger,0,3,3,855,858,0.35
August 31 2017,Lincoln,WA,Truck,0,0,0,4640,4640,0.00
September 30 2017,Lewis,WA,Passenger,58,48,106,57454,57560,0.18
September 30 2017,Lewis,WA,Truck,0,0,0,26121,26121,0.00
June 30 2017,Anne Arundel,MD,Passenger,0,2,2,511,513,0.39
August 31 2017,Los Angeles,CA,Passenger,2,2,4,1264,1268,0.32
September 30 2017,Tarrant,TX,Passenger,1,0,1,227,228,0.44
June 30 2017,Asotin,WA,Passenger,6,4,10,12706,12716,0.08
September 30 2017,Multnomah,OR,Passenger,1,3,4,931,935,0.43
June 30 2017,Grant,WA,Passenger,22,32,54,62672,62726,0.09
August 31 2017,Marin,CA,Passenger,1,0,1,57,58,1.72
September 30 2017,Walla Walla,WA,Truck,0,0,0,13747,13747,0.00
September 30 2017,Okaloosa,FL,Passenger,1,0,1,183,184,0.54
August 31 2017,Montgomery,MD,Passenger,1,3,4,312,316,1.27
September 30 2017,Yakima,WA,Passenger,67,76,143,165544,165687,0.09
September 30 2017,Okanogan,WA,Passenger,0,4,4,6493,6497,0.06
September 30 2017,Montgomery,PA,Passenger,1,0,1,33,34,2.94
September 30 2017,Santa Fe,NM,Passenger,0,1,1,40,41,2.44
October 31 2017,Adams,WA,Truck,0,0,0,5385,5385,0.00
September 30 2017,Orange,FL,Passenger,1,1,2,143,145,1.38
September 30 2017,Saratoga,NY,Passenger,0,1,1,69,70,1.43
June 30 2017,Honolulu,HI,Passenger,4,1,5,575,580,0.86
September 30 2017,New Castle,DE,Passenger,1,0,1,23,24,4.17
September 30 2017,Ozaukee,WI,Passenger,0,1,1,2,3,33.33
June 30 2017,Canyon,ID,Passenger,0,1,1,92,93,1.08
August 31 2017,Pacific,WA,Truck,0,0,0,7740,7740,0.00
September 30 2017,King,WA,Passenger,10989,4671,15660,1396827,1412487,1.11
September 30 2017,Oklahoma,OK,Passenger,0,1,1,134,135,0.74
October 31 2017,Arlington,VA,Passenger,1,2,3,166,169,1.78
August 31 2017,Palm Beach,FL,Passenger,0,1,1,88,89,1.12
August 31 2017,Pima,AZ,Passenger,0,2,2,406,408,0.49
June 30 2017,Charlottesville City,VA,Passenger,0,1,1,9,10,10.00
June 30 2017,Island,WA,Passenger,125,147,272,61483,61755,0.44
October 31 2017,Benton,WA,Truck,0,0,0,41834,41834,0.00
June 30 2017,Chelan,WA,Truck,0,0,0,22026,22026,0.00
September 30 2017,Spokane,WA,Passenger,306,268,574,305201,305775,0.19
September 30 2017,Pierce,WA,Passenger,1172,970,2142,536502,538644,0.40
September 30 2017,Lane,OR,Passenger,0,1,1,220,221,0.45
August 31 2017,Polk,FL,Passenger,1,0,1,65,66,1.52
September 30 2017,Pierce,WA,Truck,0,0,0,141574,141574,0.00
June 30 2017,King,WA,Passenger,10240,4440,14680,1396024,1410704,1.04
September 30 2017,Tulare,CA,Passenger,1,0,1,203,204,0.49
September 30 2017,Saint Clair,IL,Passenger,0,1,1,173,174,0.57
October 31 2017,Charles,MD,Passenger,0,1,1,84,85,1.18
June 30 2017,Columbia,WA,Truck,0,0,0,1598,1598,0.00
September 30 2017,Utah,UT,Passenger,0,1,1,139,140,0.71
September 30 2017,San Juan,WA,Passenger,117,45,162,14088,14250,1.14
September 30 2017,Sangamon,IL,Passenger,1,0,1,11,12,8.33
September 30 2017,Riverside,CA,Passenger,0,2,2,758,760,0.26
September 30 2017,Lumpkin,GA,Passenger,1,0,1,10,11,9.09
August 31 2017,Saratoga,NY,Passenger,0,1,1,70,71,1.41
September 30 2017,Wayne,MI,Passenger,0,1,1,67,68,1.47
September 30 2017,Maricopa,AZ,Passenger,2,0,2,1534,1536,0.13
June 30 2017,Lincoln,WA,Truck,0,0,0,4611,4611,0.00
September 30 2017,Spokane,WA,Truck,1,0,1,94596,94597,0.00
October 31 2017,Clallam,WA,Truck,0,0,0,21778,21778,0.00
September 30 2017,Whitman,WA,Passenger,12,25,37,22763,22800,0.16
June 30 2017,Dane,WI,Passenger,1,0,1,98,99,1.01
October 31 2017,Clark,WA,Passenger,904,592,1496,308677,310173,0.48
September 30 2017,Saint Lucie,FL,Passenger,1,0,1,25,26,3.85
August 31 2017,Skamania,WA,Passenger,11,7,18,8825,8843,0.20
June 30 2017,Deschutes,OR,Passenger,1,0,1,188,189,0.53
September 30 2017,Thurston,WA,Passenger,491,391,882,192238,193120,0.46
September 30 2017,Thurston,WA,Truck,0,0,0,55206,55206,0.00
August 31 2017,Spokane,WA,Passenger,298,260,558,304266,304824,0.18
October 31 2017,Alameda,CA,Passenger,0,1,1,350,351,0.28
September 30 2017,San Juan,WA,Truck,0,0,0,5799,5799,0.00
September 30 2017,Santa Clara,CA,Passenger,5,2,7,384,391,1.79
August 31 2017,Tulare,CA,Passenger,1,0,1,203,204,0.49
October 31 2017,El Paso,CO,Passenger,2,0,2,786,788,0.25
September 30 2017,Montgomery,TN,Passenger,1,0,1,264,265,0.38
June 30 2017,El Paso,CO,Passenger,2,1,3,823,826,0.36
September 30 2017,Shelby,TN,Passenger,0,1,1,112,113,0.88
August 31 2017,Walla Walla,WA,Passenger,27,27,54,35832,35886,0.15
October 31 2017,Franklin,OH,Passenger,0,1,1,113,114,0.88
June 30 2017,Montgomery,TN,Passenger,1,0,1,272,273,0.37
October 31 2017,Frederick,MD,Passenger,0,1,1,87,88,1.14
August 31 2017,Walla Walla,WA,Truck,0,0,0,13691,13691,0.00
October 31 2017,NULL,WA,Truck,0,0,0,1,1,0.00
September 30 2017,Norfolk City,VA,Passenger,2,1,3,333,336,0.89
September 30 2017,Northampton,PA,Passenger,0,1,1,89,90,1.11
October 31 2017,Alexandria City,VA,Passenger,2,0,2,175,177,1.13
June 30 2017,Norfolk City,VA,Passenger,2,1,3,335,338,0.89
June 30 2017,Franklin,WA,Passenger,28,46,74,56966,57040,0.13
June 30 2017,Northampton,PA,Passenger,1,0,1,153,154,0.65
August 31 2017,Wayne,MI,Passenger,0,1,1,66,67,1.49
September 30 2017,Orange,CA,Passenger,3,1,4,633,637,0.63
August 31 2017,Whatcom,WA,Passenger,509,199,708,146498,147206,0.48
August 31 2017,Whitman,WA,Passenger,11,24,35,22682,22717,0.15
October 31 2017,Benton,WA,Passenger,173,163,336,132501,132837,0.25
October 31 2017,Camden,GA,Passenger,0,1,1,180,181,0.55
June 30 2017,Okanogan,WA,Truck,0,0,0,4511,4511,0.00
September 30 2017,Pacific,WA,Passenger,19,10,29,15585,15614,0.19
October 31 2017,Jefferson,NY,Passenger,1,0,1,258,259,0.39
September 30 2017,Volusia,FL,Passenger,0,1,1,41,42,2.38
September 30 2017,NULL,CA,Passenger,1,1,2,333,335,0.60
September 30 2017,NULL,WA,Truck,0,0,0,1,1,0.00
September 30 2017,Allegheny,PA,Passenger,1,0,1,82,83,1.20
October 31 2017,Columbia,GA,Passenger,1,0,1,172,173,0.58
October 31 2017,Clallam,WA,Passenger,104,91,195,49803,49998,0.39
October 31 2017,Klickitat,WA,Passenger,27,29,56,15237,15293,0.37
October 31 2017,Dale,AL,Passenger,0,1,1,68,69,1.45
October 31 2017,Latah,ID,Passenger,0,1,1,82,83,1.20
September 30 2017,Benton,WA,Truck,0,0,0,41705,41705,0.00
October 31 2017,Dekalb,IN,Passenger,1,0,1,1,2,50.00
October 31 2017,Dakota,MN,Passenger,0,1,1,35,36,2.78
October 31 2017,Liberty,GA,Passenger,1,0,1,161,162,0.62
October 31 2017,District Of Columbia,DC,Passenger,0,4,4,213,217,1.84
June 30 2017,Jackson,MO,Passenger,1,0,1,58,59,1.69
October 31 2017,Lincoln,WA,Passenger,4,6,10,7838,7848,0.13
October 31 2017,Ferry,WA,Passenger,2,1,3,4579,4582,0.07
September 30 2017,San Diego,CA,Passenger,5,3,8,2710,2718,0.29
October 31 2017,Asotin,WA,Truck,0,0,0,6780,6780,0.00
October 31 2017,Mason,WA,Passenger,77,78,155,45591,45746,0.34
September 30 2017,Charles,MD,Passenger,0,1,1,84,85,1.18
October 31 2017,Fairfax City,VA,Passenger,1,0,1,8,9,11.11
June 30 2017,San Diego,CA,Passenger,4,2,6,2776,2782,0.22
June 30 2017,King,WA,Truck,8,1,9,192796,192805,0.00
September 30 2017,Clallam,WA,Passenger,103,88,191,49694,49885,0.38
October 31 2017,Grays Harbor,WA,Truck,0,0,0,20662,20662,0.00
October 31 2017,Glacier,MT,Passenger,0,1,1,3,4,25.00
September 30 2017,Clallam,WA,Truck,0,0,0,21714,21714,0.00
September 30 2017,Skagit,WA,Passenger,167,136,303,90734,91037,0.33
September 30 2017,Skamania,WA,Truck,0,0,0,4084,4084,0.00
October 31 2017,Okaloosa,FL,Passenger,1,0,1,183,184,0.54
September 30 2017,Dakota,MN,Passenger,0,1,1,34,35,2.86
June 30 2017,Skamania,WA,Truck,0,0,0,4092,4092,0.00
October 31 2017,Ozaukee,WI,Passenger,0,1,1,2,3,33.33
October 31 2017,Pacific,WA,Truck,0,0,0,7745,7745,0.00
October 31 2017,Pima,AZ,Passenger,0,1,1,400,401,0.25
September 30 2017,Twin Falls,ID,Passenger,0,1,1,22,23,4.35
June 30 2017,Spokane,WA,Passenger,272,248,520,303020,303540,0.17
October 31 2017,Pinal,AZ,Passenger,2,0,2,198,200,1.00
June 30 2017,Lewis,WA,Passenger,56,45,101,56850,56951,0.18
June 30 2017,Lewis,WA,Truck,0,0,0,25839,25839,0.00
September 30 2017,Virginia Beach City,VA,Passenger,1,1,2,653,655,0.31
September 30 2017,Douglas,WA,Passenger,35,29,64,27610,27674,0.23
October 31 2017,Polk,FL,Passenger,1,0,1,64,65,1.54
September 30 2017,Wahkiakum,WA,Truck,0,0,0,1728,1728,0.00
September 30 2017,Duval,FL,Passenger,1,1,2,367,369,0.54
October 31 2017,Kittitas,WA,Passenger,37,23,60,28942,29002,0.21
September 30 2017,Fairfax City,VA,Passenger,1,0,1,8,9,11.11
October 31 2017,Lane,OR,Passenger,0,1,1,216,217,0.46
June 30 2017,Tulare,CA,Passenger,1,0,1,202,203,0.49
October 31 2017,Riley,KS,Passenger,1,0,1,92,93,1.08
September 30 2017,Flathead,MT,Passenger,1,0,1,58,59,1.69
September 30 2017,Whatcom,WA,Truck,2,0,2,43088,43090,0.00
June 30 2017,Wahkiakum,WA,Truck,0,0,0,1708,1708,0.00
October 31 2017,Mason,WA,Truck,0,0,0,20217,20217,0.00
June 30 2017,Manassas City,VA,Passenger,0,1,1,9,10,10.00
October 31 2017,Russell,AL,Passenger,1,0,1,53,54,1.85
October 31 2017,Maricopa,AZ,Passenger,2,0,2,1505,1507,0.13
June 30 2017,Manatee,FL,Passenger,1,0,1,40,41,2.44
September 30 2017,Glacier,MT,Passenger,0,1,1,3,4,25.00
October 31 2017,Miami-Dade,FL,Passenger,0,1,1,120,121,0.83
October 31 2017,NULL,NULL,Passenger,9,2,11,2368,2379,0.46
October 31 2017,Maui,HI,Passenger,1,0,1,71,72,1.39
October 31 2017,Adams,WA,Passenger,4,3,7,12744,12751,0.05
October 31 2017,Anne Arundel,MD,Passenger,0,2,2,501,503,0.40
October 31 2017,Montgomery,TN,Passenger,1,0,1,260,261,0.38
June 30 2017,Whatcom,WA,Truck,2,0,2,42839,42841,0.00
October 31 2017,Asotin,WA,Passenger,7,6,13,12802,12815,0.10
October 31 2017,Skamania,WA,Passenger,11,7,18,8829,8847,0.20
October 31 2017,Duval,FL,Passenger,1,1,2,367,369,0.54
October 31 2017,New Castle,DE,Passenger,1,0,1,25,26,3.85
September 30 2017,Howard,MD,Passenger,0,1,1,101,102,0.98
October 31 2017,Norfolk City,VA,Passenger,2,1,3,329,332,0.90
October 31 2017,Northampton,PA,Passenger,0,1,1,74,75,1.33
June 30 2017,Montgomery,PA,Passenger,1,0,1,35,36,2.78
October 31 2017,Orange,CA,Passenger,3,1,4,622,626,0.64
July 31 2017,NULL,NULL,Passenger,9,4,13,2431,2444,0.53
October 31 2017,Ferry,WA,Truck,0,0,0,3767,3767,0.00
October 31 2017,Orleans,LA,Passenger,0,1,1,50,51,1.96
October 31 2017,Orange,FL,Passenger,1,1,2,144,146,1.37
September 30 2017,Jefferson,NY,Passenger,1,0,1,261,262,0.38
June 30 2017,Multnomah,OR,Passenger,1,3,4,1000,1004,0.40
July 31 2017,Adams,WA,Passenger,4,3,7,12634,12641,0.06
October 31 2017,Pend Oreille,WA,Passenger,4,4,8,9783,9791,0.08
October 31 2017,Pend Oreille,WA,Truck,0,0,0,5886,5886,0.00
October 31 2017,Wahkiakum,WA,Passenger,2,2,4,2916,2920,0.14
September 30 2017,Kent,DE,Passenger,0,1,1,69,70,1.43
October 31 2017,Garfield,WA,Passenger,1,0,1,1355,1356,0.07
September 30 2017,Kitsap,WA,Truck,1,0,1,54241,54242,0.00
September 30 2017,Kittitas,WA,Truck,0,0,0,14188,14188,0.00
June 30 2017,Okanogan,WA,Passenger,0,5,5,6577,6582,0.08
October 31 2017,Whatcom,WA,Passenger,551,217,768,147337,148105,0.52
October 31 2017,Canyon,ID,Passenger,0,1,1,86,87,1.15
October 31 2017,Whitman,WA,Truck,0,0,0,8729,8729,0.00
October 31 2017,San Diego,CA,Passenger,4,3,7,2686,2693,0.26
November 30 2017,NULL,CA,Passenger,1,1,2,302,304,0.66
October 31 2017,Sacramento,CA,Passenger,1,0,1,332,333,0.30
September 30 2017,Marion,OR,Passenger,1,0,1,133,134,0.75
October 31 2017,San Juan,WA,Truck,0,0,0,5818,5818,0.00
October 31 2017,Shelby,TN,Passenger,0,1,1,111,112,0.89
October 31 2017,Santa Rosa,FL,Passenger,1,0,1,100,101,0.99
June 30 2017,Pierce,WA,Passenger,1048,907,1955,535192,537147,0.36
October 31 2017,Skagit,WA,Passenger,176,142,318,91033,91351,0.35
June 30 2017,Pierce,WA,Truck,0,0,0,141888,141888,0.00
October 31 2017,Snohomish,WA,Passenger,2064,1096,3160,525421,528581,0.60
September 30 2017,Nassau,NY,Passenger,1,1,2,36,38,5.26
July 31 2017,Camden,GA,Passenger,0,1,1,185,186,0.54
September 30 2017,Orleans,LA,Passenger,0,1,1,48,49,2.04
October 31 2017,Virginia Beach City,VA,Passenger,1,1,2,649,651,0.31
October 31 2017,Wahkiakum,WA,Truck,0,0,0,1735,1735,0.00
October 31 2017,Kitsap,WA,Passenger,729,371,1100,178832,179932,0.61
November 30 2017,Chelan,WA,Truck,0,0,0,22259,22259,0.00
October 31 2017,Douglas,WA,Passenger,36,32,68,27659,27727,0.25
September 30 2017,Pend Oreille,WA,Passenger,4,4,8,9792,9800,0.08
June 30 2017,Riverside,CA,Passenger,0,1,1,809,810,0.12
November 30 2017,Clark,WA,Truck,0,0,0,80737,80737,0.00
July 31 2017,Clark,NV,Passenger,1,1,2,783,785,0.25
October 31 2017,Fairfax,VA,Passenger,0,3,3,838,841,0.36
October 31 2017,Flathead,MT,Passenger,1,0,1,56,57,1.75
November 30 2017,Anne Arundel,MD,Passenger,0,2,2,503,505,0.40
November 30 2017,Cowlitz,WA,Passenger,66,75,141,72169,72310,0.19
November 30 2017,Asotin,WA,Passenger,7,5,12,12837,12849,0.09
November 30 2017,Asotin,WA,Truck,0,0,0,6805,6805,0.00
November 30 2017,Alameda,CA,Passenger,0,1,1,352,353,0.28
October 31 2017,Lumpkin,GA,Passenger,1,0,1,10,11,9.09
June 30 2017,San Juan,WA,Passenger,108,42,150,13930,14080,1.07
October 31 2017,Franklin,WA,Passenger,39,52,91,57998,58089,0.16
June 30 2017,Santa Clara,CA,Passenger,5,2,7,399,406,1.72
November 30 2017,Bexar,TX,Passenger,2,1,3,813,816,0.37
September 30 2017,Skamania,WA,Passenger,11,7,18,8835,8853,0.20
July 31 2017,Dale,AL,Passenger,0,1,1,70,71,1.41
September 30 2017,Sumter,FL,Passenger,0,1,1,9,10,10.00
October 31 2017,Gwinnett,GA,Passenger,0,1,1,87,88,1.14
October 31 2017,Missoula,MT,Passenger,1,0,1,63,64,1.56
November 30 2017,Garfield,WA,Truck,0,0,0,965,965,0.00
September 30 2017,Travis,TX,Passenger,0,1,1,184,185,0.54
July 31 2017,Dekalb,IN,Passenger,1,0,1,1,2,50.00
September 30 2017,Wahkiakum,WA,Passenger,2,2,4,2901,2905,0.14
September 30 2017,Walla Walla,WA,Passenger,27,28,55,35879,35934,0.15
October 31 2017,Honolulu,HI,Passenger,3,1,4,544,548,0.73
October 31 2017,Moore,NC,Passenger,0,1,1,207,208,0.48
July 31 2017,District Of Columbia,DC,Passenger,0,3,3,219,222,1.35
November 30 2017,Grant,WA,Passenger,26,37,63,63901,63964,0.10
November 30 2017,Grays Harbor,WA,Passenger,50,47,97,46737,46834,0.21
June 30 2017,Thurston,WA,Truck,0,0,0,54968,54968,0.00
October 31 2017,Howard,MD,Passenger,0,1,1,100,101,0.99
October 31 2017,Island,WA,Passenger,153,164,317,62550,62867,0.50
November 30 2017,Clark,NV,Passenger,1,1,2,727,729,0.27
November 30 2017,Hardin,KY,Passenger,0,1,1,124,125,0.80
September 30 2017,Whatcom,WA,Passenger,531,205,736,146861,147597,0.50
July 31 2017,Flathead,MT,Passenger,1,0,1,61,62,1.61
October 31 2017,Nueces,TX,Passenger,0,1,1,99,100,1.00
November 30 2017,Cowlitz,WA,Truck,0,0,0,29102,29102,0.00
June 30 2017,Volusia,FL,Passenger,0,1,1,47,48,2.08
September 30 2017,Yakima,WA,Truck,0,0,0,60295,60295,0.00
October 31 2017,Juneau,AK,Passenger,0,1,1,39,40,2.50
November 30 2017,Ferry,WA,Passenger,2,3,5,4588,4593,0.11
November 30 2017,Dale,AL,Passenger,0,1,1,70,71,1.41
November 30 2017,Franklin,WA,Passenger,40,51,91,58166,58257,0.16
November 30 2017,Franklin,WA,Truck,0,0,0,19126,19126,0.00
October 31 2017,Kitsap,WA,Truck,1,0,1,54264,54265,0.00
November 30 2017,King,WA,Passenger,11528,4923,16451,1396221,1412672,1.16
November 30 2017,Kitsap,WA,Passenger,752,383,1135,179330,180465,0.63
November 30 2017,District Of Columbia,DC,Passenger,0,4,4,214,218,1.83
October 31 2017,Knox,TN,Passenger,1,0,1,39,40,2.50
October 31 2017,Bexar,TX,Passenger,2,1,3,813,816,0.37
November 30 2017,Kittitas,WA,Truck,0,0,0,14312,14312,0.00
November 30 2017,Gallatin,MT,Passenger,0,1,1,61,62,1.61
November 30 2017,Klickitat,WA,Truck,0,0,0,8313,8313,0.00
November 30 2017,El Paso,TX,Passenger,1,0,1,546,547,0.18
July 31 2017,Gwinnett,GA,Passenger,0,1,1,85,86,1.16
November 30 2017,Grays Harbor,WA,Truck,0,0,0,20683,20683,0.00
November 30 2017,Larimer,CO,Passenger,0,1,1,62,63,1.59
July 31 2017,NULL,WA,Truck,0,0,0,1,1,0.00
November 30 2017,Fulton,GA,Passenger,1,1,2,101,103,1.94
November 30 2017,Hamilton,TN,Passenger,1,0,1,19,20,5.00
November 30 2017,Lewis,WA,Passenger,58,47,105,57867,57972,0.18
October 31 2017,Lewis,WA,Truck,0,0,0,26209,26209,0.00
November 30 2017,Garfield,WA,Passenger,1,0,1,1357,1358,0.07
October 31 2017,Charlottesville City,VA,Passenger,0,1,1,9,10,10.00
October 31 2017,Lincoln,WA,Truck,0,0,0,4671,4671,0.00
October 31 2017,Chelan,WA,Passenger,77,37,114,54148,54262,0.21
October 31 2017,Chelan,WA,Truck,0,0,0,22231,22231,0.00
November 30 2017,Lumpkin,GA,Passenger,1,0,1,10,11,9.09
July 31 2017,Asotin,WA,Truck,0,0,0,6774,6774,0.00
November 30 2017,Grant,WA,Truck,0,0,0,26650,26650,0.00
October 31 2017,Clark,NV,Passenger,1,1,2,736,738,0.27
October 31 2017,Clay,FL,Passenger,0,1,1,108,109,0.92
October 31 2017,Manatee,FL,Passenger,1,0,1,37,38,2.63
July 31 2017,Honolulu,HI,Passenger,4,1,5,556,561,0.89
October 31 2017,Columbia,WA,Passenger,1,1,2,2456,2458,0.08
October 31 2017,Cowlitz,WA,Truck,0,0,0,29077,29077,0.00
October 31 2017,Marion,OR,Passenger,1,0,1,133,134,0.75
October 31 2017,Santa Fe,NM,Passenger,0,1,1,39,40,2.50
November 30 2017,Lane,OR,Passenger,0,1,1,209,210,0.48
October 31 2017,Deschutes,OR,Passenger,1,0,1,175,176,0.57
October 31 2017,Montgomery,PA,Passenger,1,0,1,33,34,2.94
November 30 2017,Lewis,WA,Truck,0,0,0,26212,26212,0.00
November 30 2017,Oklahoma,OK,Passenger,0,1,1,126,127,0.79
November 30 2017,Island,WA,Truck,0,0,0,21384,21384,0.00
November 30 2017,Madison,ID,Passenger,1,0,1,38,39,2.56
October 31 2017,Nassau,NY,Passenger,1,1,2,35,37,5.41
October 31 2017,Douglas,WA,Truck,0,0,0,12036,12036,0.00
November 30 2017,Maricopa,AZ,Passenger,2,0,2,1504,1506,0.13
October 31 2017,Stevens,WA,Passenger,11,24,35,32668,32703,0.11
October 31 2017,Okanogan,WA,Truck,0,0,0,4440,4440,0.00
July 31 2017,Kitsap,WA,Truck,1,0,1,54093,54094,0.00
October 31 2017,El Paso,TX,Passenger,1,0,1,548,549,0.18
July 31 2017,Knox,TN,Passenger,1,0,1,39,40,2.50
November 30 2017,Monterey,CA,Passenger,0,2,2,207,209,0.96
November 30 2017,Prince George,VA,Passenger,0,1,1,74,75,1.33
October 31 2017,Fulton,GA,Passenger,1,1,2,102,104,1.92
November 30 2017,Moore,NC,Passenger,0,1,1,207,208,0.48
October 31 2017,Tuolumne,CA,Passenger,0,1,1,12,13,7.69
November 30 2017,New Castle,DE,Passenger,1,0,1,25,26,3.85
October 31 2017,Utah,UT,Passenger,0,1,1,135,136,0.74
October 31 2017,Grant,WA,Truck,0,0,0,26605,26605,0.00
November 30 2017,Nueces,TX,Passenger,1,1,2,99,101,1.98
November 30 2017,Santa Fe,NM,Passenger,0,1,1,41,42,2.38
July 31 2017,Manatee,FL,Passenger,1,0,1,37,38,2.63
October 31 2017,Pierce,WA,Truck,0,0,0,141534,141534,0.00
November 30 2017,Missoula,MT,Passenger,1,0,1,62,63,1.59
October 31 2017,Island,WA,Truck,0,0,0,21299,21299,0.00
July 31 2017,Maui,HI,Passenger,1,0,1,72,73,1.37
October 31 2017,Yakima,WA,Passenger,67,79,146,165951,166097,0.09
November 30 2017,Sumter,FL,Passenger,0,1,1,9,10,10.00
July 31 2017,Fairfax City,VA,Passenger,1,0,1,6,7,14.29
October 31 2017,Yakima,WA,Truck,0,0,0,60396,60396,0.00
November 30 2017,Travis,TX,Passenger,0,1,1,179,180,0.56
November 30 2017,San Juan,WA,Passenger,126,44,170,14183,14353,1.18
November 30 2017,San Mateo,CA,Passenger,0,1,1,148,149,0.67
November 30 2017,NULL,NULL,Passenger,9,2,11,2352,2363,0.47
November 30 2017,Ventura,CA,Passenger,0,1,1,334,335,0.30
November 30 2017,Adams,WA,Passenger,4,5,9,12822,12831,0.07
July 31 2017,Garfield,WA,Passenger,0,0,0,1338,1338,0.00
November 30 2017,Adams,WA,Truck,0,0,0,5385,5385,0.00
October 31 2017,King,WA,Passenger,11313,4805,16118,1396812,1412930,1.14
July 31 2017,Glacier,MT,Passenger,0,1,1,3,4,25.00
July 31 2017,Okanogan,WA,Truck,0,0,0,4470,4470,0.00
November 30 2017,Alexandria City,VA,Passenger,2,0,2,173,175,1.14
November 30 2017,Sacramento,CA,Passenger,1,0,1,325,326,0.31
July 31 2017,Orange,FL,Passenger,1,1,2,132,134,1.49
October 31 2017,Santa Clara,CA,Passenger,6,1,7,381,388,1.80
November 30 2017,Yakima,WA,Truck,0,0,0,60492,60492,0.00
November 30 2017,Arlington,VA,Passenger,1,2,3,167,170,1.76
October 31 2017,Lewis,WA,Passenger,58,49,107,57715,57822,0.19
November 30 2017,Saint Lucie,FL,Passenger,1,0,1,24,25,4.00
October 31 2017,Saratoga,NY,Passenger,0,1,1,70,71,1.41
November 30 2017,Thurston,WA,Truck,0,0,0,55415,55415,0.00
December 31 2017,Alexandria City,VA,Passenger,2,0,2,170,172,1.16
November 30 2017,San Juan,WA,Truck,0,0,0,5821,5821,0.00
July 31 2017,Pierce,WA,Truck,0,0,0,141763,141763,0.00
November 30 2017,Utah,UT,Passenger,0,1,1,132,133,0.75
November 30 2017,Sangamon,IL,Passenger,1,0,1,11,12,8.33
October 31 2017,Manassas City,VA,Passenger,0,1,1,9,10,10.00
November 30 2017,Snohomish,WA,Passenger,2113,1115,3228,526208,529436,0.61
November 30 2017,Yakima,WA,Passenger,68,80,148,166588,166736,0.09
November 30 2017,Spokane,WA,Truck,1,0,1,94932,94933,0.00
December 31 2017,NULL,WA,Truck,0,0,0,2,2,0.00
October 31 2017,Walla Walla,WA,Passenger,28,28,56,36003,36059,0.16
November 30 2017,Stevens,WA,Passenger,12,23,35,32691,32726,0.11
October 31 2017,Okanogan,WA,Passenger,0,4,4,6485,6489,0.06
December 31 2017,Clark,WA,Truck,0,0,0,80902,80902,0.00
July 31 2017,San Diego,CA,Passenger,5,3,8,2751,2759,0.29
November 30 2017,Thurston,WA,Passenger,527,415,942,193521,194463,0.48
October 31 2017,Whitman,WA,Passenger,13,24,37,22887,22924,0.16
December 31 2017,Benton,WA,Truck,0,0,0,41986,41986,0.00
July 31 2017,San Juan,WA,Truck,0,0,0,5783,5783,0.00
November 30 2017,Tuolumne,CA,Passenger,0,1,1,13,14,7.14
October 31 2017,Pacific,WA,Passenger,21,11,32,15640,15672,0.20
December 31 2017,Cowlitz,WA,Passenger,66,76,142,72328,72470,0.20
July 31 2017,Santa Clara,CA,Passenger,5,2,7,398,405,1.73
July 31 2017,Saratoga,NY,Passenger,0,1,1,73,74,1.35
December 31 2017,Brevard,FL,Passenger,0,1,1,91,92,1.09
November 30 2017,Columbia,GA,Passenger,1,0,1,169,170,0.59
July 31 2017,Shelby,TN,Passenger,0,1,1,115,116,0.86
October 31 2017,Pierce,WA,Passenger,1222,988,2210,536922,539132,0.41
July 31 2017,Mason,WA,Passenger,67,74,141,44720,44861,0.31
July 31 2017,Skagit,WA,Passenger,154,119,273,90173,90446,0.30
December 31 2017,Fairfax,VA,Passenger,0,3,3,824,827,0.36
July 31 2017,Snohomish,WA,Passenger,1898,1015,2913,522773,525686,0.55
December 31 2017,Charles,MD,Passenger,0,1,1,84,85,1.18
July 31 2017,Miami-Dade,FL,Passenger,0,1,1,127,128,0.78
November 30 2017,Benton,WA,Passenger,174,168,342,132992,133334,0.26
October 31 2017,Saint Lucie,FL,Passenger,1,0,1,25,26,3.85
December 31 2017,Grant,WA,Passenger,28,39,67,64114,64181,0.10
July 31 2017,Missoula,MT,Passenger,1,0,1,66,67,1.49
December 31 2017,Clallam,WA,Passenger,107,98,205,50081,50286,0.41
November 30 2017,Dekalb,IN,Passenger,1,0,1,1,2,50.00
December 31 2017,Clallam,WA,Truck,0,0,0,21855,21855,0.00
December 31 2017,Guilford,NC,Passenger,1,0,1,30,31,3.23
December 31 2017,Benton,WA,Passenger,181,176,357,133280,133637,0.27
October 31 2017,Sangamon,IL,Passenger,1,0,1,11,12,8.33
July 31 2017,Moore,NC,Passenger,0,1,1,206,207,0.48
December 31 2017,Dakota,MN,Passenger,0,1,1,34,35,2.86
November 30 2017,Canyon,ID,Passenger,0,1,1,84,85,1.18
November 30 2017,El Paso,CO,Passenger,2,0,2,780,782,0.26
December 31 2017,Honolulu,HI,Passenger,3,1,4,548,552,0.72
July 31 2017,Virginia Beach City,VA,Passenger,1,1,2,649,651,0.31
November 30 2017,Clallam,WA,Passenger,106,92,198,49927,50125,0.40
October 31 2017,Skamania,WA,Truck,0,0,0,4092,4092,0.00
December 31 2017,Douglas,WA,Passenger,38,33,71,27852,27923,0.25
October 31 2017,Spokane,WA,Truck,1,0,1,94794,94795,0.00
December 31 2017,Fairfax City,VA,Passenger,1,0,1,9,10,10.00
December 31 2017,Clark,WA,Passenger,941,605,1546,310646,312192,0.50
November 30 2017,Frederick,MD,Passenger,0,1,1,91,92,1.09
December 31 2017,King,WA,Passenger,11698,4996,16694,1395097,1411791,1.18
December 31 2017,Franklin,OH,Passenger,0,1,1,111,112,0.89
November 30 2017,Columbia,WA,Truck,0,0,0,1611,1611,0.00
July 31 2017,Whitman,WA,Passenger,12,21,33,22637,22670,0.15
December 31 2017,Klickitat,WA,Truck,0,0,0,8308,8308,0.00
October 31 2017,Thurston,WA,Passenger,504,403,907,192888,193795,0.47
December 31 2017,Glacier,MT,Passenger,0,1,1,4,5,20.00
November 30 2017,Dakota,MN,Passenger,0,1,1,34,35,2.86
October 31 2017,Twin Falls,ID,Passenger,0,1,1,24,25,4.00
December 31 2017,Lincoln,WA,Truck,0,0,0,4683,4683,0.00
December 31 2017,Duval,FL,Passenger,1,1,2,371,373,0.54
October 31 2017,Walla Walla,WA,Truck,0,0,0,13770,13770,0.00
July 31 2017,Pend Oreille,WA,Passenger,4,4,8,9720,9728,0.08
August 31 2017,Alameda,CA,Passenger,0,1,1,351,352,0.28
December 31 2017,Howard,MD,Passenger,0,1,1,98,99,1.01
December 31 2017,Ferry,WA,Truck,0,0,0,3754,3754,0.00
November 30 2017,Duval,FL,Passenger,1,1,2,366,368,0.54
November 30 2017,Honolulu,HI,Passenger,3,1,4,546,550,0.73
October 31 2017,Whatcom,WA,Truck,2,0,2,43138,43140,0.00
December 31 2017,Island,WA,Passenger,173,174,347,63002,63349,0.55
August 31 2017,Bexar,TX,Passenger,2,1,3,847,850,0.35
December 31 2017,Hamilton,IN,Passenger,1,0,1,49,50,2.00
December 31 2017,Jefferson,NY,Passenger,1,0,1,252,253,0.40
December 31 2017,Montgomery,TN,Passenger,1,0,1,259,260,0.38
November 30 2017,Ferry,WA,Truck,0,0,0,3766,3766,0.00
November 30 2017,Flathead,MT,Passenger,1,0,1,57,58,1.72
November 30 2017,Allegheny,PA,Passenger,1,0,1,83,84,1.19
August 31 2017,Canyon,ID,Passenger,0,1,1,89,90,1.11
December 31 2017,Norfolk City,VA,Passenger,2,1,3,327,330,0.91
December 31 2017,Northampton,PA,Passenger,0,1,1,71,72,1.39
December 31 2017,Okanogan,WA,Truck,0,0,0,4397,4397,0.00
December 31 2017,Kittitas,WA,Passenger,39,26,65,29248,29313,0.22
December 31 2017,Orange,CA,Passenger,3,1,4,600,604,0.66
July 31 2017,Santa Fe,NM,Passenger,0,1,1,42,43,2.33
December 31 2017,Lincoln,WA,Passenger,4,6,10,7844,7854,0.13
December 31 2017,Marion,OR,Passenger,1,0,1,128,129,0.78
December 31 2017,Mason,WA,Truck,0,0,0,20331,20331,0.00
December 31 2017,Kent,MI,Passenger,0,1,1,32,33,3.03
November 30 2017,Camden,GA,Passenger,0,1,1,178,179,0.56
December 31 2017,Klickitat,WA,Passenger,27,28,55,15323,15378,0.36
November 30 2017,Latah,ID,Passenger,0,1,1,77,78,1.28
August 31 2017,Cowlitz,WA,Truck,0,0,0,28949,28949,0.00
November 30 2017,Charles,MD,Passenger,0,1,1,84,85,1.18
November 30 2017,Liberty,GA,Passenger,1,0,1,159,160,0.62
December 31 2017,Nassau,NY,Passenger,1,1,2,35,37,5.41
December 31 2017,San Diego,CA,Passenger,5,3,8,2645,2653,0.30
November 30 2017,Chelan,WA,Passenger,84,37,121,54258,54379,0.22
July 31 2017,Stevens,WA,Passenger,9,25,34,32486,32520,0.10
December 31 2017,Orleans,LA,Passenger,0,1,1,51,52,1.92
August 31 2017,District Of Columbia,DC,Passenger,0,3,3,213,216,1.39
November 30 2017,Clallam,WA,Truck,0,0,0,21825,21825,0.00
December 31 2017,Skamania,WA,Truck,0,0,0,4096,4096,0.00
November 30 2017,Kent,MI,Passenger,0,1,1,33,34,2.94
November 30 2017,Clay,FL,Passenger,0,1,1,105,106,0.94
November 30 2017,King,WA,Truck,8,1,9,191131,191140,0.00
December 31 2017,Spokane,WA,Passenger,333,278,611,307207,307818,0.20
August 31 2017,Duval,FL,Passenger,1,1,2,373,375,0.53
July 31 2017,Tuolumne,CA,Passenger,0,1,1,12,13,7.69
December 31 2017,Pend Oreille,WA,Passenger,4,4,8,9836,9844,0.08
December 31 2017,Nueces,TX,Passenger,1,1,2,99,101,1.98
November 30 2017,Columbia,WA,Passenger,2,1,3,2454,2457,0.12
December 31 2017,Okanogan,NULL,Passenger,8,15,23,20183,20206,0.11
July 31 2017,Utah,UT,Passenger,0,1,1,145,146,0.68
December 31 2017,Pend Oreille,WA,Truck,0,0,0,5931,5931,0.00
November 30 2017,Mason,WA,Passenger,82,76,158,45740,45898,0.34
December 31 2017,Ventura,CA,Passenger,0,1,1,335,336,0.30
November 30 2017,Miami-Dade,FL,Passenger,0,1,1,119,120,0.83
August 31 2017,Flathead,MT,Passenger,1,0,1,60,61,1.64
November 30 2017,Dekalb,GA,Passenger,1,0,1,82,83,1.20
December 31 2017,Wahkiakum,WA,Truck,0,0,0,1729,1729,0.00
December 31 2017,Riley,KS,Passenger,1,0,1,90,91,1.10
November 30 2017,Montgomery,TN,Passenger,1,0,1,261,262,0.38
August 31 2017,Franklin,WA,Passenger,32,49,81,57383,57464,0.14
December 31 2017,Prince William,VA,Passenger,0,3,3,269,272,1.10
December 31 2017,Ramsey,MN,Passenger,1,0,1,34,35,2.86
August 31 2017,Fulton,GA,Passenger,1,1,2,102,104,1.92
November 30 2017,Douglas,WA,Truck,0,0,0,12095,12095,0.00
December 31 2017,Russell,AL,Passenger,1,0,1,52,53,1.89
July 31 2017,Yakima,WA,Truck,0,0,0,60055,60055,0.00
December 31 2017,Sacramento,CA,Passenger,1,0,1,319,320,0.31
August 31 2017,Garfield,WA,Passenger,1,0,1,1344,1345,0.07
November 30 2017,Manatee,FL,Passenger,1,0,1,36,37,2.70
December 31 2017,Whatcom,WA,Truck,1,0,1,43282,43283,0.00
December 31 2017,Santa Rosa,FL,Passenger,1,0,1,96,97,1.03
November 30 2017,Norfolk City,VA,Passenger,2,1,3,327,330,0.91
December 31 2017,San Mateo,CA,Passenger,0,1,1,148,149,0.67
November 30 2017,Okaloosa,FL,Passenger,1,0,1,185,186,0.54
August 31 2017,Grant,WA,Truck,0,0,0,26487,26487,0.00
August 31 2017,Grays Harbor,WA,Truck,0,0,0,20583,20583,0.00
December 31 2017,Skamania,WA,Passenger,12,7,19,8845,8864,0.21
November 30 2017,Okanogan,WA,Truck,0,0,0,4422,4422,0.00
November 30 2017,Orange,FL,Passenger,1,1,2,144,146,1.37
December 31 2017,Skagit,WA,Truck,1,0,1,32802,32803,0.00
December 31 2017,Snohomish,WA,Truck,1,0,1,125643,125644,0.00
November 30 2017,Ozaukee,WI,Passenger,0,1,1,3,4,25.00
January 31 2018,NULL,NULL,Passenger,9,2,11,2333,2344,0.47
November 30 2017,Montgomery,PA,Passenger,1,0,1,33,34,2.94
January 31 2018,Adams,WA,Passenger,5,4,9,12895,12904,0.07
December 31 2017,Wahkiakum,WA,Passenger,2,2,4,2929,2933,0.14
November 30 2017,Multnomah,OR,Passenger,3,3,6,903,909,0.66
December 31 2017,Walla Walla,WA,Passenger,29,32,61,36118,36179,0.17
December 31 2017,Tarrant,TX,Passenger,1,0,1,219,220,0.45
November 30 2017,Pierce,WA,Truck,0,0,0,141594,141594,0.00
November 30 2017,Pinal,AZ,Passenger,2,0,2,195,197,1.02
November 30 2017,Jefferson,NY,Passenger,1,0,1,254,255,0.39
December 31 2017,Whatcom,WA,Passenger,582,243,825,148191,149016,0.55
December 31 2017,Whitman,WA,Truck,0,0,0,8735,8735,0.00
November 30 2017,Okanogan,NULL,Passenger,6,14,20,20168,20188,0.10
November 30 2017,Kent,DE,Passenger,0,1,1,70,71,1.41
November 30 2017,Orleans,LA,Passenger,0,1,1,50,51,1.96
November 30 2017,Kittitas,WA,Passenger,37,24,61,29091,29152,0.21
August 31 2017,Kent,MI,Passenger,0,1,1,37,38,2.63
December 31 2017,Washoe,NV,Passenger,1,0,1,118,119,0.84
August 31 2017,King,WA,Truck,8,1,9,192072,192081,0.00
January 31 2018,Camden,GA,Passenger,0,1,1,173,174,0.57
August 31 2017,Camden,GA,Passenger,0,1,1,186,187,0.53
November 30 2017,Los Angeles,CA,Passenger,5,2,7,1226,1233,0.57
December 31 2017,Yakima,WA,Passenger,70,82,152,166979,167131,0.09
January 31 2018,NULL,CA,Passenger,1,1,2,308,310,0.65
August 31 2017,Lewis,WA,Truck,0,0,0,26002,26002,0.00
January 31 2018,Adams,WA,Truck,0,0,0,5399,5399,0.00
November 30 2017,Prince William,VA,Passenger,0,3,3,269,272,1.10
November 30 2017,San Diego,CA,Passenger,4,3,7,2664,2671,0.26
November 30 2017,Marin,CA,Passenger,1,0,1,54,55,1.82
January 31 2018,Allegheny,PA,Passenger,1,0,1,76,77,1.30
November 30 2017,Santa Clara,CA,Passenger,7,1,8,379,387,2.07
November 30 2017,Maui,HI,Passenger,1,0,1,70,71,1.41
November 30 2017,Riverside,CA,Passenger,0,2,2,749,751,0.27
January 31 2018,Charlottesville City,VA,Passenger,0,1,1,10,11,9.09
January 31 2018,Columbia,GA,Passenger,1,1,2,167,169,1.18
August 31 2017,Clark,WA,Passenger,850,562,1412,306948,308360,0.46
January 31 2018,Clark,NV,Passenger,1,1,2,712,714,0.28
January 31 2018,Arlington,VA,Passenger,1,2,3,167,170,1.76
November 30 2017,Saint Clair,IL,Passenger,0,1,1,170,171,0.58
November 30 2017,Shelby,TN,Passenger,0,1,1,111,112,0.89
January 31 2018,Columbia,WA,Passenger,2,1,3,2459,2462,0.12
January 31 2018,Columbia,WA,Truck,0,0,0,1616,1616,0.00
August 31 2017,Maui,HI,Passenger,1,0,1,72,73,1.37
November 30 2017,Northampton,PA,Passenger,0,1,1,71,72,1.39
January 31 2018,Dallas,TX,Passenger,0,1,1,177,178,0.56
January 31 2018,Benton,WA,Truck,0,0,0,42114,42114,0.00
January 31 2018,Dale,AL,Passenger,0,1,1,73,74,1.35
January 31 2018,Deschutes,OR,Passenger,1,0,1,167,168,0.60
November 30 2017,Pacific,WA,Passenger,23,12,35,15659,15694,0.22
August 31 2017,Columbia,WA,Passenger,1,1,2,2410,2412,0.08
January 31 2018,Dekalb,IN,Passenger,1,0,1,1,2,50.00
November 30 2017,Skagit,WA,Truck,1,0,1,32767,32768,0.00
November 30 2017,Pacific,WA,Truck,0,0,0,7759,7759,0.00
November 30 2017,Palm Beach,FL,Passenger,0,1,1,82,83,1.20
January 31 2018,District Of Columbia,DC,Passenger,0,4,4,205,209,1.91
November 30 2017,Pend Oreille,WA,Truck,0,0,0,5911,5911,0.00
August 31 2017,Montgomery,PA,Passenger,1,0,1,36,37,2.70
January 31 2018,Douglas,OR,Passenger,1,0,1,52,53,1.89
November 30 2017,Pima,AZ,Passenger,0,1,1,397,398,0.25
January 31 2018,Dupage,IL,Passenger,1,0,1,61,62,1.61
November 30 2017,Polk,FL,Passenger,1,0,1,63,64,1.56
January 31 2018,Charles,MD,Passenger,0,1,1,81,82,1.22
January 31 2018,Clallam,WA,Truck,0,0,0,21916,21916,0.00
November 30 2017,Volusia,FL,Passenger,0,1,1,36,37,2.70
December 31 2017,NULL,CA,Passenger,1,1,2,298,300,0.67
December 31 2017,Allegheny,PA,Passenger,1,0,1,77,78,1.28
November 30 2017,Skagit,WA,Passenger,184,147,331,91384,91715,0.36
January 31 2018,Dekalb,GA,Passenger,1,0,1,81,82,1.22
January 31 2018,Guilford,NC,Passenger,1,0,1,28,29,3.45
November 30 2017,Skamania,WA,Passenger,12,7,19,8833,8852,0.21
January 31 2018,Gwinnett,GA,Passenger,0,1,1,83,84,1.19
November 30 2017,Skamania,WA,Truck,0,0,0,4092,4092,0.00
January 31 2018,Jefferson,WA,Truck,0,0,0,9783,9783,0.00
August 31 2017,Hamilton,IN,Passenger,1,0,1,55,56,1.79
December 31 2017,Adams,WA,Truck,0,0,0,5377,5377,0.00
November 30 2017,Twin Falls,ID,Passenger,0,1,1,24,25,4.00
January 31 2018,Honolulu,HI,Passenger,3,1,4,547,551,0.73
January 31 2018,Franklin,WA,Truck,0,0,0,19252,19252,0.00
January 31 2018,Frederick,MD,Passenger,0,1,1,95,96,1.04
August 31 2017,Saint Clair,IL,Passenger,0,1,1,176,177,0.56
November 30 2017,Virginia Beach City,VA,Passenger,1,1,2,655,657,0.30
November 30 2017,Wahkiakum,WA,Passenger,2,2,4,2939,2943,0.14
November 30 2017,Wahkiakum,WA,Truck,0,0,0,1723,1723,0.00
January 31 2018,Gallatin,MT,Passenger,0,1,1,60,61,1.64
December 31 2017,Asotin,WA,Truck,0,0,0,6799,6799,0.00
November 30 2017,Walla Walla,WA,Truck,0,0,0,13819,13819,0.00
December 31 2017,Camden,GA,Passenger,0,1,1,172,173,0.58
January 31 2018,Juneau,AK,Passenger,0,1,1,38,39,2.56
August 31 2017,Sangamon,IL,Passenger,1,0,1,11,12,8.33
January 31 2018,Hamilton,TN,Passenger,1,0,1,19,20,5.00
August 31 2017,Jefferson,WA,Passenger,117,69,186,24486,24672,0.75
January 31 2018,Kitsap,WA,Truck,1,0,1,54447,54448,0.00
January 31 2018,Knox,TN,Passenger,1,0,1,37,38,2.63
November 30 2017,Whatcom,WA,Passenger,571,229,800,147698,148498,0.54
December 31 2017,Bexar,TX,Passenger,2,2,4,811,815,0.49
November 30 2017,Whatcom,WA,Truck,1,0,1,43210,43211,0.00
January 31 2018,Manassas City,VA,Passenger,0,1,1,9,10,10.00
December 31 2017,NULL,NULL,Passenger,9,2,11,2339,2350,0.47
August 31 2017,King,WA,Passenger,10745,4597,15342,1395768,1411110,1.09
January 31 2018,Jefferson,NY,Passenger,1,0,1,248,249,0.40
August 31 2017,Snohomish,WA,Passenger,1946,1038,2984,523546,526530,0.57
December 31 2017,Adams,WA,Passenger,5,5,10,12868,12878,0.08
August 31 2017,Kittitas,WA,Passenger,31,21,52,28695,28747,0.18
August 31 2017,Spokane,WA,Truck,1,0,1,94372,94373,0.00
December 31 2017,Anne Arundel,MD,Passenger,0,2,2,491,493,0.41
January 31 2018,Kent,DE,Passenger,0,1,1,72,73,1.37
January 31 2018,Manatee,FL,Passenger,1,0,1,35,36,2.78
August 31 2017,Klickitat,WA,Passenger,26,26,52,15197,15249,0.34
August 31 2017,Stevens,WA,Passenger,10,24,34,32625,32659,0.10
January 31 2018,Kittitas,WA,Truck,0,0,0,14415,14415,0.00
December 31 2017,Asotin,WA,Passenger,8,5,13,12826,12839,0.10
January 31 2018,Montgomery,MD,Passenger,1,3,4,301,305,1.31
January 31 2018,Maui,HI,Passenger,1,0,1,68,69,1.45
January 31 2018,Multnomah,OR,Passenger,3,4,7,850,857,0.82
August 31 2017,Thurston,WA,Passenger,470,386,856,191682,192538,0.44
January 31 2018,Latah,ID,Passenger,0,1,1,75,76,1.32
January 31 2018,Liberty,GA,Passenger,1,0,1,153,154,0.65
January 31 2018,Norfolk City,VA,Passenger,2,1,3,333,336,0.89
December 31 2017,Chelan,WA,Passenger,87,39,126,54449,54575,0.23
January 31 2018,Los Angeles,CA,Passenger,6,3,9,1205,1214,0.74
January 31 2018,Okanogan,NULL,Passenger,8,15,23,20191,20214,0.11
August 31 2017,Tuolumne,CA,Passenger,0,1,1,12,13,7.69
January 31 2018,Okanogan,WA,Passenger,0,4,4,6434,6438,0.06
January 31 2018,Okanogan,WA,Truck,0,0,0,4393,4393,0.00
January 31 2018,Madison,ID,Passenger,1,0,1,38,39,2.56
December 31 2017,Canyon,ID,Passenger,0,1,1,85,86,1.16
December 31 2017,Clay,FL,Passenger,0,1,1,102,103,0.97
January 31 2018,Orange,FL,Passenger,2,1,3,168,171,1.75
December 31 2017,District Of Columbia,DC,Passenger,0,4,4,208,212,1.89
January 31 2018,Marin,CA,Passenger,1,0,1,53,54,1.85
December 31 2017,Charlottesville City,VA,Passenger,0,1,1,10,11,9.09
December 31 2017,Chelan,WA,Truck,0,0,0,22359,22359,0.00
January 31 2018,Pacific,WA,Passenger,23,14,37,15767,15804,0.23
January 31 2018,Mason,WA,Passenger,86,81,167,46094,46261,0.36
January 31 2018,Pierce,WA,Truck,0,0,0,141707,141707,0.00
January 31 2018,Pierce,WA,Passenger,1307,1074,2381,538829,541210,0.44
December 31 2017,Columbia,WA,Truck,0,0,0,1613,1613,0.00
December 31 2017,Flathead,MT,Passenger,1,0,1,57,58,1.72
January 31 2018,Monterey,CA,Passenger,0,2,2,207,209,0.96
January 31 2018,Ramsey,MN,Passenger,1,0,1,35,36,2.78
December 31 2017,Dekalb,GA,Passenger,1,0,1,84,85,1.18
December 31 2017,Garfield,WA,Truck,0,0,0,969,969,0.00
January 31 2018,San Diego,CA,Passenger,5,3,8,2644,2652,0.30
September 30 2017,Adams,WA,Truck,0,0,0,5374,5374,0.00
January 31 2018,Riverside,CA,Passenger,0,2,2,730,732,0.27
December 31 2017,Deschutes,OR,Passenger,1,0,1,168,169,0.59
August 31 2017,Northampton,PA,Passenger,0,1,1,103,104,0.96
January 31 2018,Okaloosa,FL,Passenger,1,0,1,177,178,0.56
January 31 2018,San Juan,WA,Truck,0,0,0,5886,5886,0.00
December 31 2017,Douglas,WA,Truck,0,0,0,12146,12146,0.00
January 31 2018,Santa Clara,CA,Passenger,7,1,8,381,389,2.06
January 31 2018,Saratoga,NY,Passenger,0,1,1,65,66,1.52
January 31 2018,Saint Lucie,FL,Passenger,1,0,1,25,26,3.85
August 31 2017,Okanogan,NULL,Passenger,5,14,19,20036,20055,0.09
January 31 2018,Ozaukee,WI,Passenger,0,1,1,3,4,25.00
January 31 2018,Shelby,TN,Passenger,0,1,1,112,113,0.88
January 31 2018,Pacific,WA,Truck,0,0,0,7759,7759,0.00
January 31 2018,Skagit,WA,Passenger,200,157,357,91883,92240,0.39
January 31 2018,Palm Beach,FL,Passenger,0,1,1,77,78,1.28
January 31 2018,Snohomish,WA,Passenger,2211,1191,3402,528184,531586,0.64
August 31 2017,Pacific,WA,Passenger,17,10,27,15558,15585,0.17
December 31 2017,El Paso,CO,Passenger,2,0,2,777,779,0.26
January 31 2018,Pima,AZ,Passenger,0,1,1,395,396,0.25
August 31 2017,Pend Oreille,WA,Truck,0,0,0,5873,5873,0.00
January 31 2018,Pinal,AZ,Passenger,2,0,2,183,185,1.08
December 31 2017,Franklin,WA,Truck,0,0,0,19200,19200,0.00
January 31 2018,Skagit,WA,Truck,1,0,1,32912,32913,0.00
January 31 2018,Polk,FL,Passenger,1,0,1,63,64,1.56
December 31 2017,Frederick,MD,Passenger,0,1,1,92,93,1.08
September 30 2017,Benton,WA,Passenger,170,158,328,132321,132649,0.25
December 31 2017,Fulton,GA,Passenger,1,1,2,97,99,2.02
December 31 2017,Gallatin,MT,Passenger,0,1,1,58,59,1.69
December 31 2017,Jefferson,WA,Passenger,132,79,211,24816,25027,0.84
December 31 2017,Garfield,WA,Passenger,1,0,1,1365,1366,0.07
December 31 2017,Franklin,WA,Passenger,39,53,92,58317,58409,0.16
January 31 2018,Virginia Beach City,VA,Passenger,1,1,2,664,666,0.30
January 31 2018,Twin Falls,ID,Passenger,0,1,1,23,24,4.17
August 31 2017,Prince William,VA,Passenger,0,3,3,265,268,1.12
December 31 2017,Kent,DE,Passenger,0,1,1,70,71,1.41
January 31 2018,Volusia,FL,Passenger,0,1,1,32,33,3.03
December 31 2017,Kitsap,WA,Passenger,768,394,1162,179791,180953,0.64
January 31 2018,Whitman,WA,Passenger,19,24,43,23048,23091,0.19
August 31 2017,Ramsey,MN,Passenger,1,0,1,34,35,2.86
December 31 2017,Kitsap,WA,Truck,1,0,1,54404,54405,0.00
December 31 2017,Kittitas,WA,Truck,0,0,0,14349,14349,0.00
August 31 2017,Russell,AL,Passenger,1,0,1,54,55,1.82
January 31 2018,Washoe,NV,Passenger,1,0,1,118,119,0.84
January 31 2018,Skamania,WA,Passenger,13,8,21,8869,8890,0.24
February 28 2018,Asotin,WA,Truck,0,0,0,6829,6829,0.00
January 31 2018,Sumter,FL,Passenger,0,1,1,9,10,10.00
August 31 2017,Skagit,WA,Passenger,154,128,282,90509,90791,0.31
December 31 2017,Island,WA,Truck,0,0,0,21427,21427,0.00
February 28 2018,NULL,CA,Passenger,1,1,2,311,313,0.64
August 31 2017,Skagit,WA,Truck,1,0,1,32570,32571,0.00
January 31 2018,Travis,TX,Passenger,0,1,1,179,180,0.56
February 28 2018,Allegheny,PA,Passenger,1,0,1,74,75,1.33
August 31 2017,Skamania,WA,Truck,0,0,0,4087,4087,0.00
February 28 2018,Broward,FL,Passenger,0,1,1,137,138,0.72
December 31 2017,King,WA,Truck,9,1,10,190661,190671,0.01
January 31 2018,Wahkiakum,WA,Passenger,2,2,4,2909,2913,0.14
February 28 2018,Caddo,LA,Passenger,0,1,1,21,22,4.55
August 31 2017,Snohomish,WA,Truck,1,0,1,125798,125799,0.00
December 31 2017,Maui,HI,Passenger,1,0,1,69,70,1.43
August 31 2017,Stevens,WA,Truck,0,0,0,19130,19130,0.00
September 30 2017,Dekalb,GA,Passenger,1,0,1,82,83,1.20
January 31 2018,Whatcom,WA,Passenger,599,255,854,148490,149344,0.57
December 31 2017,Lewis,WA,Passenger,60,48,108,58000,58108,0.19
December 31 2017,Lewis,WA,Truck,0,0,0,26271,26271,0.00
February 28 2018,Columbia,WA,Truck,0,0,0,1609,1609,0.00
February 28 2018,Cook,IL,Passenger,1,0,1,279,280,0.36
August 31 2017,Tarrant,TX,Passenger,1,0,1,227,228,0.44
February 28 2018,Camden,GA,Passenger,0,1,1,175,176,0.57
December 31 2017,Latah,ID,Passenger,0,1,1,77,78,1.28
February 28 2018,Dekalb,GA,Passenger,1,0,1,80,81,1.23
August 31 2017,Twin Falls,ID,Passenger,0,1,1,22,23,4.35
December 31 2017,Manassas City,VA,Passenger,0,1,1,9,10,10.00
December 31 2017,Manatee,FL,Passenger,1,0,1,35,36,2.78
August 31 2017,Virginia Beach City,VA,Passenger,1,1,2,642,644,0.31
December 31 2017,Los Angeles,CA,Passenger,6,2,8,1223,1231,0.65
September 30 2017,Frederick,MD,Passenger,0,1,1,87,88,1.14
February 28 2018,Duval,FL,Passenger,1,1,2,371,373,0.54
August 31 2017,Wahkiakum,WA,Truck,0,0,0,1720,1720,0.00
February 28 2018,Ferry,WA,Truck,0,0,0,3752,3752,0.00
December 31 2017,Madison,ID,Passenger,1,0,1,39,40,2.50
February 28 2018,Franklin,WA,Truck,0,0,0,19273,19273,0.00
December 31 2017,Montgomery,PA,Passenger,1,0,1,33,34,2.94
December 31 2017,Marin,CA,Passenger,1,0,1,55,56,1.79
February 28 2018,District Of Columbia,DC,Passenger,0,4,4,201,205,1.95
December 31 2017,Multnomah,OR,Passenger,3,3,6,883,889,0.67
February 28 2018,Garfield,WA,Passenger,1,0,1,1369,1370,0.07
August 31 2017,Washoe,NV,Passenger,1,0,1,127,128,0.78
February 28 2018,Clark,WA,Truck,0,0,0,81043,81043,0.00
December 31 2017,Mason,WA,Passenger,85,78,163,45977,46140,0.35
February 28 2018,Cowlitz,WA,Passenger,66,80,146,72492,72638,0.20
December 31 2017,Okanogan,WA,Passenger,0,3,3,6468,6471,0.05
August 31 2017,Whatcom,WA,Truck,2,0,2,43011,43013,0.00
February 28 2018,Flathead,MT,Passenger,1,0,1,54,55,1.82
August 31 2017,Whitman,WA,Truck,0,0,0,8737,8737,0.00
December 31 2017,Miami-Dade,FL,Passenger,0,1,1,119,120,0.83
December 31 2017,Missoula,MT,Passenger,1,0,1,62,63,1.59
February 28 2018,Garfield,WA,Truck,0,0,0,971,971,0.00
December 31 2017,Pierce,WA,Passenger,1280,1041,2321,537904,540225,0.43
December 31 2017,Pierce,WA,Truck,0,0,0,141578,141578,0.00
February 28 2018,Dupage,IL,Passenger,1,0,1,62,63,1.59
December 31 2017,Monterey,CA,Passenger,0,2,2,204,206,0.97
December 31 2017,Moore,NC,Passenger,0,1,1,205,206,0.49
February 28 2018,Fairfax,VA,Passenger,0,3,3,820,823,0.36
December 31 2017,Snohomish,WA,Passenger,2147,1148,3295,527046,530341,0.62
December 31 2017,Stevens,WA,Passenger,12,23,35,32663,32698,0.11
December 31 2017,Riverside,CA,Passenger,0,2,2,735,737,0.27
December 31 2017,Stevens,WA,Truck,0,0,0,19292,19292,0.00
February 28 2018,Jefferson,WA,Passenger,139,85,224,24807,25031,0.89
February 28 2018,Grant,WA,Passenger,34,43,77,64334,64411,0.12
December 31 2017,Pacific,WA,Truck,0,0,0,7767,7767,0.00
February 28 2018,Grays Harbor,WA,Passenger,51,50,101,47020,47121,0.21
December 31 2017,Saint Clair,IL,Passenger,0,1,1,167,168,0.60
December 31 2017,Sumter,FL,Passenger,0,1,1,9,10,10.00
December 31 2017,Palm Beach,FL,Passenger,0,1,1,80,81,1.23
February 28 2018,Kent,DE,Passenger,0,1,1,73,74,1.35
February 28 2018,Guilford,NC,Passenger,1,0,1,28,29,3.45
February 28 2018,Kitsap,WA,Passenger,789,435,1224,180187,181411,0.67
February 28 2018,Gwinnett,GA,Passenger,0,1,1,81,82,1.22
February 28 2018,Kitsap,WA,Truck,1,0,1,54490,54491,0.00
February 28 2018,Los Angeles,CA,Passenger,6,3,9,1195,1204,0.75
February 28 2018,Kittitas,WA,Truck,0,0,0,14481,14481,0.00
December 31 2017,Travis,TX,Passenger,0,1,1,182,183,0.55
February 28 2018,Marin,CA,Passenger,1,0,1,54,55,1.82
December 31 2017,Pima,AZ,Passenger,0,1,1,395,396,0.25
December 31 2017,San Juan,WA,Passenger,134,46,180,14243,14423,1.25
December 31 2017,Pinal,AZ,Passenger,2,0,2,186,188,1.06
September 30 2017,Camden,GA,Passenger,0,1,1,182,183,0.55
December 31 2017,Santa Clara,CA,Passenger,7,1,8,377,385,2.08
February 28 2018,Missoula,MT,Passenger,1,0,1,60,61,1.64
December 31 2017,Polk,FL,Passenger,1,0,1,62,63,1.59
February 28 2018,Jefferson,WA,Truck,0,0,0,9805,9805,0.00
September 30 2017,Latah,ID,Passenger,0,1,1,89,90,1.11
February 28 2018,Juneau,AK,Passenger,0,1,1,36,37,2.70
February 28 2018,Moore,NC,Passenger,0,1,1,203,204,0.49
February 28 2018,Maui,HI,Passenger,1,0,1,67,68,1.47
February 28 2018,Klickitat,WA,Truck,0,0,0,8344,8344,0.00
December 31 2017,Thurston,WA,Truck,0,0,0,55462,55462,0.00
February 28 2018,Nueces,TX,Passenger,1,1,2,104,106,1.89
February 28 2018,Okanogan,NULL,Passenger,8,15,23,20181,20204,0.11
September 30 2017,Los Angeles,CA,Passenger,4,2,6,1246,1252,0.48
December 31 2017,Yakima,WA,Truck,0,0,0,60585,60585,0.00
December 31 2017,Volusia,FL,Passenger,0,1,1,35,36,2.78
September 30 2017,Marin,CA,Passenger,1,0,1,57,58,1.72
January 31 2018,Ada,ID,Passenger,0,1,1,336,337,0.30
February 28 2018,Palm Beach,FL,Passenger,0,1,1,77,78,1.28
September 30 2017,Mason,WA,Passenger,76,77,153,45295,45448,0.34
February 28 2018,Ramsey,MN,Passenger,1,0,1,34,35,2.86
September 30 2017,Miami-Dade,FL,Passenger,0,1,1,122,123,0.81
January 31 2018,NULL,WA,Truck,0,0,0,3,3,0.00
January 31 2018,Bexar,TX,Passenger,2,2,4,799,803,0.50
February 28 2018,Montgomery,MD,Passenger,1,3,4,301,305,1.31
January 31 2018,Asotin,WA,Truck,0,0,0,6811,6811,0.00
February 28 2018,Saint Lucie,FL,Passenger,1,0,1,24,25,4.00
February 28 2018,San Mateo,CA,Passenger,0,1,1,139,140,0.71
September 30 2017,District Of Columbia,DC,Passenger,0,3,3,212,215,1.40
December 31 2017,Tuolumne,CA,Passenger,0,1,1,12,13,7.69
September 30 2017,Okanogan,NULL,Passenger,6,14,20,20075,20095,0.10
February 28 2018,Skagit,WA,Passenger,203,161,364,91831,92195,0.39
February 28 2018,Snohomish,WA,Passenger,2231,1214,3445,527333,530778,0.65
February 28 2018,Skagit,WA,Truck,1,0,1,32895,32896,0.00
February 28 2018,Snohomish,WA,Truck,1,0,1,125514,125515,0.00
January 31 2018,Chelan,WA,Passenger,95,39,134,54645,54779,0.24
February 28 2018,Stevens,WA,Passenger,12,23,35,32614,32649,0.11
September 30 2017,Palm Beach,FL,Passenger,0,1,1,86,87,1.15
February 28 2018,Stevens,WA,Truck,0,0,0,19319,19319,0.00
September 30 2017,Franklin,OH,Passenger,0,1,1,113,114,0.88
December 31 2017,Walla Walla,WA,Truck,0,0,0,13800,13800,0.00
January 31 2018,Chelan,WA,Truck,0,0,0,22413,22413,0.00
February 28 2018,Sumter,FL,Passenger,0,1,1,9,10,10.00
September 30 2017,Garfield,WA,Truck,0,0,0,969,969,0.00
January 31 2018,Clark,WA,Truck,0,0,0,81084,81084,0.00
January 31 2018,Cook,IL,Passenger,1,0,1,278,279,0.36
September 30 2017,Pinal,AZ,Passenger,2,0,2,201,203,0.99
January 31 2018,Clay,FL,Passenger,0,1,1,101,102,0.98
February 28 2018,Santa Fe,NM,Passenger,0,1,1,41,42,2.38
February 28 2018,Travis,TX,Passenger,0,1,1,180,181,0.55
February 28 2018,Saratoga,NY,Passenger,0,1,1,64,65,1.54
September 30 2017,Ramsey,MN,Passenger,1,0,1,35,36,2.78
February 28 2018,Tuolumne,CA,Passenger,0,1,1,12,13,7.69
February 28 2018,Spokane,WA,Passenger,343,298,641,307601,308242,0.21
January 31 2018,Fairfax City,VA,Passenger,1,0,1,10,11,9.09
January 31 2018,Cowlitz,WA,Passenger,66,79,145,72532,72677,0.20
February 28 2018,Yakima,WA,Truck,0,0,0,60675,60675,0.00
January 31 2018,Cowlitz,WA,Truck,0,0,0,29151,29151,0.00
September 30 2017,Jefferson,WA,Passenger,121,70,191,24550,24741,0.77
March 31 2018,Ada,ID,Passenger,0,2,2,324,326,0.61
March 31 2018,Alameda,CA,Passenger,0,1,1,344,345,0.29
February 28 2018,Washoe,NV,Passenger,1,0,1,115,116,0.86
January 31 2018,Garfield,WA,Passenger,1,0,1,1373,1374,0.07
February 28 2018,Utah,UT,Passenger,0,1,1,130,131,0.76
January 31 2018,Glacier,MT,Passenger,0,1,1,4,5,20.00
February 28 2018,Ventura,CA,Passenger,0,1,1,335,336,0.30
January 31 2018,Douglas,WA,Truck,0,0,0,12177,12177,0.00
September 30 2017,Kitsap,WA,Passenger,716,361,1077,178261,179338,0.60
February 28 2018,Yakima,WA,Passenger,75,86,161,167133,167294,0.10
March 31 2018,Bexar,TX,Passenger,2,2,4,768,772,0.52
September 30 2017,Kittitas,WA,Passenger,36,21,57,28800,28857,0.20
February 28 2018,Whitman,WA,Passenger,19,24,43,23086,23129,0.19
January 31 2018,El Paso,TX,Passenger,1,0,1,541,542,0.18
September 30 2017,Skagit,WA,Truck,1,0,1,32616,32617,0.00
March 31 2018,Canyon,ID,Passenger,0,1,1,85,86,1.16
September 30 2017,Snohomish,WA,Truck,1,0,1,125697,125698,0.00
March 31 2018,Chelan,WA,Truck,0,0,0,22448,22448,0.00
September 30 2017,Lincoln,WA,Passenger,4,7,11,7827,7838,0.14
March 31 2018,Alexandria City,VA,Passenger,2,0,2,167,169,1.18
January 31 2018,Fulton,GA,Passenger,1,1,2,96,98,2.04
March 31 2018,Clark,WA,Truck,0,0,0,81106,81106,0.00
March 31 2018,Caddo,LA,Passenger,0,1,1,21,22,4.55
March 31 2018,Clay,FL,Passenger,0,1,1,97,98,1.02
January 31 2018,Grant,WA,Passenger,32,41,73,64314,64387,0.11
January 31 2018,Grant,WA,Truck,0,0,0,26761,26761,0.00
January 31 2018,Grays Harbor,WA,Passenger,51,48,99,47097,47196,0.21
September 30 2017,Mason,WA,Truck,0,0,0,20119,20119,0.00
September 30 2017,Maui,HI,Passenger,1,0,1,72,73,1.37
January 31 2018,Clark,WA,Passenger,966,633,1599,311617,313216,0.51
January 31 2018,Miami-Dade,FL,Passenger,0,1,1,116,117,0.85
March 31 2018,Cowlitz,WA,Passenger,66,79,145,72758,72903,0.20
March 31 2018,Charles,MD,Passenger,0,1,1,82,83,1.20
March 31 2018,Cowlitz,WA,Truck,0,0,0,29194,29194,0.00
January 31 2018,Missoula,MT,Passenger,1,0,1,61,62,1.61
January 31 2018,Hamilton,IN,Passenger,1,0,1,48,49,2.04
March 31 2018,Chelan,WA,Passenger,97,41,138,54731,54869,0.25
March 31 2018,Camden,GA,Passenger,0,1,1,175,176,0.57
January 31 2018,Moore,NC,Passenger,0,1,1,205,206,0.49
January 31 2018,Hardin,KY,Passenger,0,1,1,123,124,0.81
September 30 2017,Washoe,NV,Passenger,1,0,1,124,125,0.80
March 31 2018,El Paso,TX,Passenger,1,0,1,545,546,0.18
March 31 2018,Clallam,WA,Truck,0,0,0,21937,21937,0.00
March 31 2018,Clark,WA,Passenger,1014,676,1690,312206,313896,0.54
March 31 2018,Fulton,GA,Passenger,1,1,2,89,91,2.20
March 31 2018,Columbia,GA,Passenger,1,1,2,164,166,1.20
January 31 2018,Island,WA,Truck,0,0,0,21457,21457,0.00
March 31 2018,Columbia,WA,Passenger,2,1,3,2466,2469,0.12
October 31 2017,NULL,CA,Passenger,1,1,2,318,320,0.62
January 31 2018,El Paso,CO,Passenger,2,0,2,772,774,0.26
March 31 2018,Grant,WA,Passenger,35,46,81,64592,64673,0.13
March 31 2018,Grant,WA,Truck,0,0,0,26847,26847,0.00
January 31 2018,Pend Oreille,WA,Passenger,5,4,9,9839,9848,0.09
March 31 2018,Grays Harbor,WA,Passenger,55,53,108,47177,47285,0.23
March 31 2018,Dekalb,IN,Passenger,1,0,1,1,2,50.00
October 31 2017,Allegheny,PA,Passenger,1,0,1,83,84,1.19
March 31 2018,Douglas,WA,Truck,0,0,0,12229,12229,0.00
September 30 2017,Pend Oreille,WA,Truck,0,0,0,5879,5879,0.00
January 31 2018,Kent,MI,Passenger,0,1,1,33,34,2.94
January 31 2018,Franklin,OH,Passenger,0,1,1,113,114,0.88
March 31 2018,Douglas,OR,Passenger,1,0,1,55,56,1.79
March 31 2018,Hardin,KY,Passenger,0,1,1,120,121,0.83
January 31 2018,King,WA,Passenger,12055,5189,17244,1394735,1411979,1.22
January 31 2018,Sacramento,CA,Passenger,1,0,1,312,313,0.32
January 31 2018,King,WA,Truck,9,1,10,190367,190377,0.01
March 31 2018,Franklin,WA,Truck,0,0,0,19304,19304,0.00
January 31 2018,Klickitat,WA,Truck,0,0,0,8305,8305,0.00
March 31 2018,Ferry,WA,Passenger,2,3,5,4587,4592,0.11
January 31 2018,Garfield,WA,Truck,0,0,0,974,974,0.00
March 31 2018,Gallatin,MT,Passenger,0,1,1,59,60,1.67
January 31 2018,Larimer,CO,Passenger,0,1,1,59,60,1.67
January 31 2018,Santa Fe,NM,Passenger,0,1,1,42,43,2.33
September 30 2017,Riley,KS,Passenger,1,0,1,92,93,1.08
March 31 2018,Island,WA,Truck,0,0,0,21491,21491,0.00
September 30 2017,Russell,AL,Passenger,1,0,1,53,54,1.85
January 31 2018,Lewis,WA,Passenger,58,51,109,58202,58311,0.19
March 31 2018,Grays Harbor,WA,Truck,0,0,0,20743,20743,0.00
March 31 2018,Hamilton,IN,Passenger,1,0,1,44,45,2.22
March 31 2018,Kent,MI,Passenger,0,1,1,32,33,3.03
September 30 2017,Sacramento,CA,Passenger,1,0,1,340,341,0.29
March 31 2018,Hamilton,TN,Passenger,1,0,1,19,20,5.00
March 31 2018,King,WA,Passenger,12426,5454,17880,1390897,1408777,1.27
March 31 2018,King,WA,Truck,8,1,9,189140,189149,0.00
January 31 2018,Stevens,WA,Passenger,12,24,36,32711,32747,0.11
March 31 2018,Klickitat,WA,Truck,0,0,0,8347,8347,0.00
September 30 2017,Santa Rosa,FL,Passenger,1,0,1,101,102,0.98
January 31 2018,Tuolumne,CA,Passenger,0,1,1,12,13,7.69
March 31 2018,Larimer,CO,Passenger,0,1,1,56,57,1.75
January 31 2018,Jefferson,WA,Passenger,136,85,221,24862,25083,0.88
January 31 2018,Utah,UT,Passenger,0,1,1,132,133,0.75
March 31 2018,Lewis,WA,Passenger,61,55,116,58519,58635,0.20
September 30 2017,Snohomish,WA,Passenger,2022,1069,3091,524505,527596,0.59
March 31 2018,Jefferson,NY,Passenger,1,0,1,247,248,0.40
January 31 2018,Klickitat,WA,Passenger,27,28,55,15349,15404,0.36
January 31 2018,Oklahoma,OK,Passenger,0,1,1,123,124,0.81
March 31 2018,Kittitas,WA,Passenger,43,30,73,29516,29589,0.25
January 31 2018,Yakima,WA,Truck,0,0,0,60671,60671,0.00
March 31 2018,Lane,OR,Passenger,0,1,1,187,188,0.53
September 30 2017,Stevens,WA,Passenger,10,24,34,32657,32691,0.10
September 30 2017,Stevens,WA,Truck,0,0,0,19171,19171,0.00
January 31 2018,Lincoln,WA,Passenger,4,6,10,7852,7862,0.13
February 28 2018,NULL,NULL,Passenger,9,2,11,2318,2329,0.47
March 31 2018,Klickitat,WA,Passenger,29,29,58,15382,15440,0.38
February 28 2018,Adams,WA,Passenger,5,4,9,12903,12912,0.07
March 31 2018,Maricopa,AZ,Passenger,2,1,3,1430,1433,0.21
February 28 2018,Anne Arundel,MD,Passenger,0,2,2,490,492,0.41
February 28 2018,Arlington,VA,Passenger,1,2,3,166,169,1.78
March 31 2018,Montgomery,PA,Passenger,1,0,1,28,29,3.45
March 31 2018,Marion,IN,Passenger,1,0,1,119,120,0.83
February 28 2018,Asotin,WA,Passenger,8,5,13,12885,12898,0.10
January 31 2018,Prince William,VA,Passenger,0,4,4,267,271,1.48
September 30 2017,Tuolumne,CA,Passenger,0,1,1,12,13,7.69
March 31 2018,Maui,HI,Passenger,1,0,1,65,66,1.52
March 31 2018,Madison,ID,Passenger,1,0,1,38,39,2.56
March 31 2018,Oklahoma,OK,Passenger,0,1,1,123,124,0.81
January 31 2018,Saint Clair,IL,Passenger,0,1,1,166,167,0.60
October 31 2017,Dekalb,GA,Passenger,1,0,1,84,85,1.18
February 28 2018,Canyon,ID,Passenger,0,1,1,86,87,1.15
March 31 2018,New Castle,DE,Passenger,1,0,1,27,28,3.57
January 31 2018,Sangamon,IL,Passenger,1,0,1,11,12,8.33
March 31 2018,Norfolk City,VA,Passenger,2,2,4,344,348,1.15
March 31 2018,Monterey,CA,Passenger,0,2,2,200,202,0.99
September 30 2017,Whitman,WA,Truck,0,0,0,8723,8723,0.00
March 31 2018,Prince William,VA,Passenger,0,4,4,262,266,1.50
March 31 2018,Northampton,PA,Passenger,0,1,1,67,68,1.47
March 31 2018,Moore,NC,Passenger,0,1,1,203,204,0.49
January 31 2018,Skamania,WA,Truck,0,0,0,4098,4098,0.00
March 31 2018,Orange,FL,Passenger,2,1,3,171,174,1.72
January 31 2018,Spokane,WA,Passenger,337,291,628,307876,308504,0.20
January 31 2018,Spokane,WA,Truck,1,0,1,95239,95240,0.00
March 31 2018,Saint Clair,IL,Passenger,0,1,1,160,161,0.62
February 28 2018,Dallas,TX,Passenger,0,1,1,174,175,0.57
March 31 2018,Pacific,WA,Passenger,23,19,42,15761,15803,0.27
October 31 2017,Franklin,WA,Truck,0,0,0,19024,19024,0.00
March 31 2018,Pend Oreille,WA,Truck,0,0,0,5961,5961,0.00
March 31 2018,Pacific,WA,Truck,0,0,0,7799,7799,0.00
March 31 2018,Sangamon,IL,Passenger,1,0,1,11,12,8.33
March 31 2018,Pima,AZ,Passenger,0,1,1,394,395,0.25
January 31 2018,Tarrant,TX,Passenger,1,0,1,214,215,0.47
October 31 2017,Gallatin,MT,Passenger,0,1,1,60,61,1.64
January 31 2018,Riley,KS,Passenger,1,0,1,90,91,1.10
March 31 2018,Polk,FL,Passenger,1,0,1,63,64,1.56
October 31 2017,Garfield,WA,Truck,0,0,0,972,972,0.00
January 31 2018,Thurston,WA,Passenger,561,440,1001,194543,195544,0.51
March 31 2018,Skamania,WA,Truck,0,0,0,4109,4109,0.00
March 31 2018,Spokane,WA,Passenger,343,308,651,308281,308932,0.21
January 31 2018,Russell,AL,Passenger,1,0,1,51,52,1.92
March 31 2018,Spokane,WA,Truck,1,0,1,95401,95402,0.00
February 28 2018,Franklin,WA,Passenger,41,54,95,58444,58539,0.16
January 31 2018,Ventura,CA,Passenger,0,1,1,332,333,0.30
February 28 2018,Frederick,MD,Passenger,0,1,1,95,96,1.04
January 31 2018,Walla Walla,WA,Truck,0,0,0,13831,13831,0.00
February 28 2018,Gallatin,MT,Passenger,0,1,1,61,62,1.61
March 31 2018,San Diego,CA,Passenger,5,3,8,2631,2639,0.30
March 31 2018,Russell,AL,Passenger,1,0,1,50,51,1.96
March 31 2018,Tarrant,TX,Passenger,1,0,1,210,211,0.47
October 31 2017,Hamilton,TN,Passenger,1,0,1,19,20,5.00
January 31 2018,San Juan,WA,Passenger,139,49,188,14320,14508,1.30
March 31 2018,San Juan,WA,Truck,0,0,0,5885,5885,0.00
March 31 2018,Thurston,WA,Passenger,595,464,1059,194844,195903,0.54
January 31 2018,Whatcom,WA,Truck,1,0,1,43333,43334,0.00
March 31 2018,San Juan,WA,Passenger,143,53,196,14321,14517,1.35
February 28 2018,Hamilton,TN,Passenger,1,0,1,19,20,5.00
March 31 2018,Shelby,TN,Passenger,0,1,1,110,111,0.90
March 31 2018,San Mateo,CA,Passenger,1,1,2,136,138,1.45
January 31 2018,San Mateo,CA,Passenger,0,1,1,143,144,0.69
March 31 2018,Ventura,CA,Passenger,0,1,1,330,331,0.30
February 28 2018,Hardin,KY,Passenger,0,1,1,119,120,0.83
March 31 2018,Skagit,WA,Passenger,208,171,379,91942,92321,0.41
February 28 2018,NULL,WA,Truck,0,0,0,3,3,0.00
March 31 2018,Skamania,WA,Passenger,14,8,22,8931,8953,0.25
February 28 2018,Honolulu,HI,Passenger,3,1,4,547,551,0.73
January 31 2018,Snohomish,WA,Truck,1,0,1,125764,125765,0.00
March 31 2018,Whatcom,WA,Truck,2,0,2,43306,43308,0.00
October 31 2017,Clark,WA,Truck,0,0,0,80609,80609,0.00
March 31 2018,Virginia Beach City,VA,Passenger,1,1,2,665,667,0.30
March 31 2018,Wahkiakum,WA,Truck,0,0,0,1723,1723,0.00
March 31 2018,Thurston,WA,Truck,0,0,0,55654,55654,0.00
January 31 2018,Stevens,WA,Truck,0,0,0,19304,19304,0.00
October 31 2017,Jefferson,WA,Passenger,126,73,199,24624,24823,0.80
April 30 2018,Allegheny,PA,Passenger,1,0,1,70,71,1.41
March 31 2018,Washtenaw,MI,Passenger,1,0,1,36,37,2.70
February 28 2018,King,WA,Truck,9,1,10,189614,189624,0.01
March 31 2018,Wahkiakum,WA,Passenger,3,2,5,2928,2933,0.17
February 28 2018,Benton,WA,Truck,0,0,0,42128,42128,0.00
October 31 2017,Kent,DE,Passenger,0,1,1,70,71,1.41
October 31 2017,Columbia,WA,Truck,0,0,0,1615,1615,0.00
March 31 2018,Walla Walla,WA,Truck,0,0,0,13817,13817,0.00
January 31 2018,Thurston,WA,Truck,0,0,0,55570,55570,0.00
October 31 2017,Cowlitz,WA,Passenger,64,75,139,71998,72137,0.19
February 28 2018,Larimer,CO,Passenger,0,1,1,58,59,1.69
October 31 2017,Kittitas,WA,Truck,0,0,0,14234,14234,0.00
February 28 2018,Latah,ID,Passenger,0,1,1,75,76,1.32
March 31 2018,Whatcom,WA,Passenger,627,278,905,148976,149881,0.60
March 31 2018,Whitman,WA,Truck,0,0,0,8740,8740,0.00
October 31 2017,Dallas,TX,Passenger,0,1,1,174,175,0.57
April 30 2018,Ada,ID,Passenger,0,2,2,316,318,0.63
February 28 2018,Lewis,WA,Truck,0,0,0,26223,26223,0.00
April 30 2018,Alameda,CA,Passenger,0,1,1,342,343,0.29
March 31 2018,Yakima,WA,Passenger,77,88,165,167586,167751,0.10
February 28 2018,Liberty,GA,Passenger,1,0,1,148,149,0.67
April 30 2018,Camden,GA,Passenger,0,1,1,172,173,0.58
April 30 2018,NULL,CA,Passenger,1,1,2,316,318,0.63
February 28 2018,Madison,ID,Passenger,1,0,1,38,39,2.56
February 28 2018,Charles,MD,Passenger,0,1,1,82,83,1.20
April 30 2018,Bexar,TX,Passenger,2,2,4,757,761,0.53
April 30 2018,Arlington,VA,Passenger,1,2,3,168,171,1.75
October 31 2017,Los Angeles,CA,Passenger,4,2,6,1233,1239,0.48
January 31 2018,Whitman,WA,Truck,0,0,0,8757,8757,0.00
February 28 2018,Manatee,FL,Passenger,1,0,1,34,35,2.86
April 30 2018,Broward,FL,Passenger,0,1,1,129,130,0.77
October 31 2017,Madison,ID,Passenger,1,0,1,37,38,2.63
February 28 2018,Clallam,WA,Truck,0,0,0,21919,21919,0.00
February 28 2018,Clark,WA,Passenger,982,649,1631,311585,313216,0.52
April 30 2018,Columbia,WA,Passenger,2,1,3,2468,2471,0.12
February 28 2018,Alexandria City,VA,Passenger,2,0,2,169,171,1.17
October 31 2017,Marin,CA,Passenger,1,0,1,55,56,1.79
October 31 2017,Grant,WA,Passenger,22,38,60,63658,63718,0.09
October 31 2017,Grays Harbor,WA,Passenger,45,47,92,46517,46609,0.20
February 28 2018,Monterey,CA,Passenger,0,2,2,203,205,0.98
April 30 2018,Dekalb,GA,Passenger,1,0,1,79,80,1.25
February 28 2018,Montgomery,PA,Passenger,1,0,1,28,29,3.45
February 28 2018,Dakota,MN,Passenger,0,1,1,33,34,2.94
April 30 2018,Clark,NV,Passenger,1,1,2,714,716,0.28
February 28 2018,Multnomah,OR,Passenger,3,4,7,838,845,0.83
October 31 2017,Hamilton,IN,Passenger,1,0,1,54,55,1.82
April 30 2018,Clackamas,OR,Passenger,0,1,1,216,217,0.46
April 30 2018,Cowlitz,WA,Truck,0,0,0,29207,29207,0.00
October 31 2017,Hardin,KY,Passenger,0,1,1,122,123,0.81
April 30 2018,Douglas,OR,Passenger,1,0,1,54,55,1.82
April 30 2018,Dale,AL,Passenger,0,1,1,70,71,1.41
February 28 2018,Okaloosa,FL,Passenger,1,0,1,176,177,0.56
April 30 2018,Dupage,IL,Passenger,1,0,1,60,61,1.64
October 31 2017,Monterey,CA,Passenger,0,2,2,204,206,0.97
February 28 2018,Okanogan,WA,Truck,0,0,0,4372,4372,0.00
February 28 2018,Oklahoma,OK,Passenger,0,1,1,125,126,0.79
February 28 2018,Douglas,WA,Passenger,44,33,77,27959,28036,0.27
February 28 2018,Brevard,FL,Passenger,0,1,1,92,93,1.08
April 30 2018,Dallas,TX,Passenger,0,1,1,176,177,0.56
February 28 2018,Ozaukee,WI,Passenger,0,1,1,3,4,25.00
April 30 2018,District Of Columbia,DC,Passenger,0,4,4,200,204,1.96
February 28 2018,Fairfax City,VA,Passenger,1,0,1,10,11,9.09
April 30 2018,El Paso,TX,Passenger,1,0,1,539,540,0.19
April 30 2018,Deschutes,OR,Passenger,1,0,1,158,159,0.63
February 28 2018,Pierce,WA,Truck,0,0,0,141552,141552,0.00
February 28 2018,Pinal,AZ,Passenger,2,0,2,184,186,1.08
October 31 2017,Jefferson,WA,Truck,0,0,0,9732,9732,0.00
April 30 2018,Gwinnett,GA,Passenger,0,1,1,81,82,1.22
October 31 2017,Palm Beach,FL,Passenger,0,1,1,86,87,1.15
February 28 2018,Glacier,MT,Passenger,0,1,1,4,5,20.00
April 30 2018,Fulton,GA,Passenger,1,1,2,89,91,2.20
April 30 2018,Garfield,WA,Passenger,1,0,1,1373,1374,0.07
April 30 2018,Garfield,WA,Truck,0,0,0,980,980,0.00
October 31 2017,Kent,MI,Passenger,0,1,1,33,34,2.94
February 28 2018,Riverside,CA,Passenger,0,2,2,721,723,0.28
October 31 2017,King,WA,Truck,8,1,9,191370,191379,0.00
April 30 2018,Grant,WA,Truck,0,0,0,26948,26948,0.00
October 31 2017,Klickitat,WA,Truck,0,0,0,8317,8317,0.00
February 28 2018,Columbia,WA,Passenger,2,1,3,2465,2468,0.12
April 30 2018,Jackson,OK,Passenger,1,0,1,44,45,2.22
February 28 2018,Santa Clara,CA,Passenger,7,1,8,372,380,2.11
April 30 2018,Jefferson,WA,Passenger,145,94,239,24830,25069,0.95
April 30 2018,Jefferson,WA,Truck,0,0,0,9808,9808,0.00
February 28 2018,Island,WA,Passenger,183,180,363,63253,63616,0.57
October 31 2017,Larimer,CO,Passenger,0,1,1,64,65,1.54
April 30 2018,Juneau,AK,Passenger,0,1,1,40,41,2.44
February 28 2018,Jefferson,NY,Passenger,1,0,1,248,249,0.40
April 30 2018,Kent,DE,Passenger,0,1,1,74,75,1.33
February 28 2018,Douglas,OR,Passenger,1,0,1,55,56,1.79
October 31 2017,San Juan,WA,Passenger,127,43,170,14161,14331,1.19
April 30 2018,Kitsap,WA,Truck,1,0,1,54594,54595,0.00
April 30 2018,Klamath,OR,Passenger,1,0,1,25,26,3.85
April 30 2018,Kitsap,WA,Passenger,819,458,1277,180936,182213,0.70
October 31 2017,San Mateo,CA,Passenger,0,1,1,150,151,0.66
April 30 2018,Kootenai,ID,Passenger,0,1,1,209,210,0.48
April 30 2018,Kittitas,WA,Truck,0,0,0,14519,14519,0.00
February 28 2018,Kittitas,WA,Passenger,40,27,67,29467,29534,0.23
February 28 2018,Volusia,FL,Passenger,0,1,1,32,33,3.03
October 31 2017,Snohomish,WA,Truck,1,0,1,125677,125678,0.00
February 28 2018,Lincoln,WA,Passenger,4,6,10,7857,7867,0.13
April 30 2018,Los Angeles,CA,Passenger,7,4,11,1174,1185,0.93
February 28 2018,Lincoln,WA,Truck,0,0,0,4699,4699,0.00
April 30 2018,Lumpkin,GA,Passenger,1,0,1,9,10,10.00
October 31 2017,Stevens,WA,Truck,0,0,0,19228,19228,0.00
October 31 2017,Sumter,FL,Passenger,0,1,1,9,10,10.00
April 30 2018,Marin,CA,Passenger,1,0,1,54,55,1.82
April 30 2018,Manassas City,VA,Passenger,0,1,1,9,10,10.00
April 30 2018,Maui,HI,Passenger,1,0,1,60,61,1.64
October 31 2017,Montgomery,MD,Passenger,1,3,4,307,311,1.29
October 31 2017,Thurston,WA,Truck,0,0,0,55298,55298,0.00
February 28 2018,Marion,OR,Passenger,1,0,1,122,123,0.81
March 31 2018,Asotin,WA,Truck,0,0,0,6840,6840,0.00
October 31 2017,Travis,TX,Passenger,0,1,1,187,188,0.53
October 31 2017,Multnomah,OR,Passenger,1,3,4,921,925,0.43
April 30 2018,Montgomery,MD,Passenger,1,3,4,295,299,1.34
March 31 2018,Brevard,FL,Passenger,0,1,1,91,92,1.09
April 30 2018,Okaloosa,FL,Passenger,1,0,1,168,169,0.59
April 30 2018,Okanogan,NULL,Passenger,9,14,23,20306,20329,0.11
October 31 2017,Okanogan,NULL,Passenger,6,13,19,20135,20154,0.09
March 31 2018,Broward,FL,Passenger,0,1,1,131,132,0.76
April 30 2018,Okanogan,WA,Passenger,0,5,5,6442,6447,0.08
April 30 2018,Sacramento,CA,Passenger,1,0,1,304,305,0.33
April 30 2018,Pacific,WA,Passenger,25,20,45,15781,15826,0.28
October 31 2017,Oklahoma,OK,Passenger,0,1,1,128,129,0.78
February 28 2018,Nassau,NY,Passenger,1,0,1,34,35,2.86
April 30 2018,Saint Lucie,FL,Passenger,1,0,1,23,24,4.17
April 30 2018,Palm Beach,FL,Passenger,0,1,1,77,78,1.28
April 30 2018,Ozaukee,WI,Passenger,0,1,1,3,4,25.00
April 30 2018,San Juan,WA,Truck,0,0,0,5908,5908,0.00
April 30 2018,Pierce,WA,Passenger,1371,1181,2552,540152,542704,0.47
April 30 2018,Sangamon,IL,Passenger,1,0,1,11,12,8.33
April 30 2018,Ramsey,MN,Passenger,1,0,1,37,38,2.63
February 28 2018,King,WA,Passenger,12202,5326,17528,1391778,1409306,1.24
April 30 2018,Prince George,VA,Passenger,0,1,1,75,76,1.32
February 28 2018,Pacific,WA,Truck,0,0,0,7781,7781,0.00
November 30 2017,NULL,WA,Truck,0,0,0,2,2,0.00
April 30 2018,Snohomish,WA,Passenger,2343,1287,3630,528525,532155,0.68
March 31 2018,Cook,IL,Passenger,1,0,1,272,273,0.37
February 28 2018,Pend Oreille,WA,Passenger,5,3,8,9823,9831,0.08
April 30 2018,Spokane,WA,Truck,1,0,1,95509,95510,0.00
February 28 2018,Pend Oreille,WA,Truck,0,0,0,5939,5939,0.00
April 30 2018,Saratoga,NY,Passenger,0,1,1,63,64,1.56
February 28 2018,Lane,OR,Passenger,0,1,1,199,200,0.50
April 30 2018,Stevens,WA,Passenger,12,26,38,32652,32690,0.12
October 31 2017,Prince William,VA,Passenger,0,3,3,266,269,1.12
April 30 2018,Skagit,WA,Passenger,217,173,390,92052,92442,0.42
April 30 2018,Skagit,WA,Truck,1,0,1,33015,33016,0.00
November 30 2017,Benton,WA,Truck,0,0,0,41932,41932,0.00
April 30 2018,Snohomish,WA,Truck,1,0,1,125392,125393,0.00
April 30 2018,Thurston,WA,Passenger,603,477,1080,195433,196513,0.55
March 31 2018,District Of Columbia,DC,Passenger,0,4,4,203,207,1.93
October 31 2017,Ramsey,MN,Passenger,1,0,1,35,36,2.78
February 28 2018,Lewis,WA,Passenger,58,53,111,58235,58346,0.19
April 30 2018,Tuolumne,CA,Passenger,0,1,1,11,12,8.33
October 31 2017,Riverside,CA,Passenger,0,2,2,749,751,0.27
April 30 2018,Stevens,WA,Truck,0,0,0,19386,19386,0.00
February 28 2018,Riley,KS,Passenger,1,0,1,87,88,1.14
March 31 2018,Garfield,WA,Passenger,1,0,1,1373,1374,0.07
April 30 2018,Twin Falls,ID,Passenger,0,1,1,23,24,4.17
November 30 2017,Brevard,FL,Passenger,0,1,1,94,95,1.05
March 31 2018,Garfield,WA,Truck,0,0,0,982,982,0.00
April 30 2018,Sumter,FL,Passenger,0,1,1,9,10,10.00
October 31 2017,Saint Clair,IL,Passenger,0,1,1,170,171,0.58
April 30 2018,Virginia Beach City,VA,Passenger,1,1,2,663,665,0.30
April 30 2018,Travis,TX,Passenger,0,1,1,180,181,0.55
February 28 2018,Lumpkin,GA,Passenger,1,0,1,9,10,10.00
May 31 2018,NULL,WA,Passenger,0,0,0,1,1,0.00
February 28 2018,Russell,AL,Passenger,1,0,1,50,51,1.96
February 28 2018,Sacramento,CA,Passenger,1,0,1,308,309,0.32
April 30 2018,Washoe,NV,Passenger,1,0,1,106,107,0.93
February 28 2018,Maricopa,AZ,Passenger,2,0,2,1469,1471,0.14
November 30 2017,Charlottesville City,VA,Passenger,0,1,1,9,10,10.00
February 28 2018,Mason,WA,Truck,0,0,0,20456,20456,0.00
April 30 2018,Whitman,WA,Passenger,22,27,49,23081,23130,0.21
October 31 2017,Skagit,WA,Truck,1,0,1,32708,32709,0.00
May 31 2018,Benton,WA,Passenger,202,205,407,134009,134416,0.30
May 31 2018,Ada,ID,Passenger,0,2,2,316,318,0.63
April 30 2018,Yakima,WA,Truck,0,0,0,60742,60742,0.00
May 31 2018,Alameda,CA,Passenger,0,1,1,338,339,0.29
October 31 2017,Spokane,WA,Passenger,321,276,597,306087,306684,0.19
February 28 2018,Skamania,WA,Passenger,13,8,21,8888,8909,0.24
May 31 2018,Anne Arundel,MD,Passenger,0,3,3,462,465,0.65
November 30 2017,Dallas,TX,Passenger,0,1,1,174,175,0.57
March 31 2018,Kitsap,WA,Passenger,814,445,1259,180567,181826,0.69
May 31 2018,Asotin,WA,Passenger,8,6,14,12875,12889,0.11
February 28 2018,Montgomery,TN,Passenger,1,0,1,254,255,0.39
October 31 2017,Tarrant,TX,Passenger,1,0,1,220,221,0.45
May 31 2018,Clallam,WA,Passenger,128,116,244,50718,50962,0.48
November 30 2017,Deschutes,OR,Passenger,1,0,1,170,171,0.58
March 31 2018,Lincoln,WA,Passenger,4,6,10,7841,7851,0.13
February 28 2018,Norfolk City,VA,Passenger,2,1,3,338,341,0.88
February 28 2018,Northampton,PA,Passenger,0,1,1,65,66,1.52
October 31 2017,Tulare,CA,Passenger,1,0,1,201,202,0.50
March 31 2018,Lumpkin,GA,Passenger,1,0,1,9,10,10.00
May 31 2018,Columbia,WA,Truck,0,0,0,1590,1590,0.00
February 28 2018,Orange,CA,Passenger,3,1,4,596,600,0.67
October 31 2017,Ventura,CA,Passenger,0,1,1,342,343,0.29
May 31 2018,Canyon,ID,Passenger,0,1,1,78,79,1.27
March 31 2018,Mason,WA,Truck,0,0,0,20512,20512,0.00
February 28 2018,Wahkiakum,WA,Passenger,2,2,4,2922,2926,0.14
February 28 2018,Pacific,WA,Passenger,23,18,41,15768,15809,0.26
October 31 2017,Volusia,FL,Passenger,0,1,1,38,39,2.56
May 31 2018,Chelan,WA,Truck,0,0,0,22523,22523,0.00
February 28 2018,Walla Walla,WA,Passenger,31,35,66,36195,36261,0.18
February 28 2018,Pierce,WA,Passenger,1328,1111,2439,537738,540177,0.45
May 31 2018,Duval,FL,Passenger,1,1,2,376,378,0.53
November 30 2017,Fairfax City,VA,Passenger,1,0,1,9,10,10.00
March 31 2018,Montgomery,TN,Passenger,1,0,1,254,255,0.39
May 31 2018,Ferry,WA,Truck,0,0,0,3724,3724,0.00
February 28 2018,Prince George,VA,Passenger,0,1,1,77,78,1.28
February 28 2018,Whatcom,WA,Passenger,606,267,873,148530,149403,0.58
October 31 2017,Washoe,NV,Passenger,1,0,1,121,122,0.82
May 31 2018,Cowlitz,WA,Truck,0,0,0,29252,29252,0.00
February 28 2018,Whitman,WA,Truck,0,0,0,8739,8739,0.00
May 31 2018,Clark,WA,Truck,0,0,0,81275,81275,0.00
March 31 2018,Orange,CA,Passenger,3,1,4,588,592,0.68
October 31 2017,Wayne,MI,Passenger,0,1,1,68,69,1.45
November 30 2017,Glacier,MT,Passenger,0,1,1,3,4,25.00
May 31 2018,Hamilton,IN,Passenger,1,0,1,41,42,2.38
May 31 2018,Cowlitz,WA,Passenger,69,85,154,73016,73170,0.21
February 28 2018,Santa Rosa,FL,Passenger,1,0,1,92,93,1.08
May 31 2018,El Paso,TX,Passenger,1,0,1,541,542,0.18
March 31 2018,Prince George,VA,Passenger,0,1,1,77,78,1.28
May 31 2018,Ferry,WA,Passenger,2,3,5,4595,4600,0.11
February 28 2018,Skamania,WA,Truck,0,0,0,4115,4115,0.00
May 31 2018,Franklin,WA,Passenger,47,66,113,59002,59115,0.19
May 31 2018,Jefferson,CO,Passenger,0,1,1,70,71,1.41
March 31 2018,Riley,KS,Passenger,1,0,1,87,88,1.14
May 31 2018,Gallatin,MT,Passenger,0,1,1,58,59,1.69
May 31 2018,Fairfax,VA,Passenger,0,3,3,826,829,0.36
March 31 2018,Sacramento,CA,Passenger,1,0,1,303,304,0.33
February 28 2018,Twin Falls,ID,Passenger,0,1,1,23,24,4.17
May 31 2018,Kent,MI,Passenger,0,1,1,28,29,3.45
February 28 2018,Virginia Beach City,VA,Passenger,1,1,2,666,668,0.30
May 31 2018,Grant,WA,Truck,0,0,0,26938,26938,0.00
May 31 2018,Klickitat,WA,Passenger,28,32,60,15481,15541,0.39
May 31 2018,Grays Harbor,WA,Truck,0,0,0,20817,20817,0.00
March 31 2018,Santa Rosa,FL,Passenger,1,0,1,93,94,1.06
May 31 2018,Grant,WA,Passenger,33,48,81,64943,65024,0.12
February 28 2018,Wahkiakum,WA,Truck,0,0,0,1728,1728,0.00
May 31 2018,Grays Harbor,WA,Passenger,60,61,121,47441,47562,0.25
May 31 2018,Hamilton,TN,Passenger,1,0,1,19,20,5.00
May 31 2018,Hardin,KY,Passenger,0,1,1,121,122,0.82
February 28 2018,Whatcom,WA,Truck,1,0,1,43298,43299,0.00
March 31 2018,Snohomish,WA,Passenger,2278,1254,3532,527821,531353,0.66
March 31 2018,NULL,NULL,Passenger,8,2,10,2293,2303,0.43
March 31 2018,Stevens,WA,Passenger,11,23,34,32690,32724,0.10
May 31 2018,Monroe,IL,Passenger,1,0,1,4,5,20.00
March 31 2018,Adams,WA,Passenger,5,4,9,12908,12917,0.07
March 31 2018,Anne Arundel,MD,Passenger,0,3,3,484,487,0.62
March 31 2018,Tuolumne,CA,Passenger,0,1,1,12,13,7.69
March 31 2018,Asotin,WA,Passenger,8,5,13,12910,12923,0.10
May 31 2018,King,WA,Passenger,13202,5775,18977,1391495,1410472,1.35
March 31 2018,Clark,NV,Passenger,1,1,2,715,717,0.28
May 31 2018,Klickitat,WA,Truck,0,0,0,8378,8378,0.00
November 30 2017,Lincoln,WA,Passenger,4,6,10,7830,7840,0.13
May 31 2018,Nueces,TX,Passenger,1,1,2,101,103,1.94
May 31 2018,King,WA,Truck,8,1,9,188442,188451,0.00
May 31 2018,Okanogan,NULL,Passenger,9,14,23,20330,20353,0.11
May 31 2018,Lane,OR,Passenger,0,1,1,188,189,0.53
May 31 2018,Larimer,CO,Passenger,0,1,1,53,54,1.85
May 31 2018,Orleans,LA,Passenger,0,1,1,50,51,1.96
March 31 2018,Columbia,WA,Truck,0,0,0,1599,1599,0.00
May 31 2018,Lewis,WA,Passenger,84,64,148,58867,59015,0.25
November 30 2017,Clark,WA,Passenger,920,592,1512,309611,311123,0.49
May 31 2018,Lewis,WA,Truck,0,0,0,26317,26317,0.00
May 31 2018,Lumpkin,GA,Passenger,1,0,1,9,10,10.00
March 31 2018,Dale,AL,Passenger,0,1,1,69,70,1.43
November 30 2017,Manassas City,VA,Passenger,0,1,1,9,10,10.00
April 30 2018,Adams,WA,Truck,0,0,0,5382,5382,0.00
March 31 2018,Dallas,TX,Passenger,0,1,1,175,176,0.57
May 31 2018,Madison,ID,Passenger,1,0,1,37,38,2.63
May 31 2018,Prince William,VA,Passenger,0,4,4,261,265,1.51
May 31 2018,Maricopa,AZ,Passenger,2,1,3,1431,1434,0.21
April 30 2018,Alexandria City,VA,Passenger,2,0,2,164,166,1.20
May 31 2018,Ramsey,MN,Passenger,1,0,1,38,39,2.56
November 30 2017,Mason,WA,Truck,0,0,0,20291,20291,0.00
April 30 2018,Asotin,WA,Truck,0,0,0,6837,6837,0.00
March 31 2018,Deschutes,OR,Passenger,1,0,1,161,162,0.62
May 31 2018,Saint Clair,IL,Passenger,0,1,1,158,159,0.63
November 30 2017,Douglas,WA,Passenger,37,33,70,27766,27836,0.25
May 31 2018,San Mateo,CA,Passenger,1,1,2,137,139,1.44
May 31 2018,Monterey,CA,Passenger,0,2,2,201,203,0.99
May 31 2018,Montgomery,PA,Passenger,2,0,2,27,29,6.90
May 31 2018,Skagit,WA,Truck,1,0,1,33067,33068,0.00
April 30 2018,Caddo,LA,Passenger,0,1,1,20,21,4.76
November 30 2017,Fairfax,VA,Passenger,0,3,3,831,834,0.36
May 31 2018,New Castle,DE,Passenger,1,0,1,27,28,3.57
November 30 2017,Montgomery,MD,Passenger,1,3,4,303,307,1.30
May 31 2018,Oklahoma,OK,Passenger,0,1,1,120,121,0.83
May 31 2018,Tarrant,TX,Passenger,1,0,1,206,207,0.48
November 30 2017,Franklin,OH,Passenger,0,1,1,111,112,0.89
April 30 2018,Columbia,GA,Passenger,1,1,2,167,169,1.18
May 31 2018,Prince George,VA,Passenger,0,1,1,75,76,1.32
November 30 2017,Okanogan,WA,Passenger,0,3,3,6468,6471,0.05
April 30 2018,Cook,IL,Passenger,1,0,1,265,266,0.38
November 30 2017,Gwinnett,GA,Passenger,0,1,1,85,86,1.16
November 30 2017,Orange,CA,Passenger,3,1,4,609,613,0.65
November 30 2017,Hamilton,IN,Passenger,1,0,1,50,51,1.96
March 31 2018,Douglas,WA,Passenger,43,33,76,28044,28120,0.27
May 31 2018,Washoe,NV,Passenger,1,0,1,107,108,0.93
April 30 2018,Dekalb,IN,Passenger,1,0,1,1,2,50.00
March 31 2018,Dupage,IL,Passenger,1,0,1,62,63,1.59
May 31 2018,San Francisco,CA,Passenger,0,1,1,126,127,0.79
May 31 2018,Yakima,WA,Passenger,75,92,167,168229,168396,0.10
May 31 2018,San Juan,WA,Passenger,145,59,204,14397,14601,1.40
November 30 2017,Pend Oreille,WA,Passenger,4,4,8,9829,9837,0.08
March 31 2018,Fairfax,VA,Passenger,0,3,3,818,821,0.37
May 31 2018,Sangamon,IL,Passenger,1,0,1,11,12,8.33
November 30 2017,Howard,MD,Passenger,0,1,1,102,103,0.97
May 31 2018,Santa Fe,NM,Passenger,0,1,1,40,41,2.44
November 30 2017,Pierce,WA,Passenger,1246,1017,2263,537543,539806,0.42
May 31 2018,Spokane,WA,Truck,1,0,1,95730,95731,0.00
April 30 2018,Ferry,WA,Passenger,2,3,5,4592,4597,0.11
November 30 2017,Island,WA,Passenger,162,166,328,62806,63134,0.52
March 31 2018,Franklin,WA,Passenger,43,58,101,58595,58696,0.17
April 30 2018,Franklin,WA,Truck,0,0,0,19296,19296,0.00
May 31 2018,Skamania,WA,Truck,0,0,0,4114,4114,0.00
April 30 2018,Frederick,MD,Passenger,0,1,1,92,93,1.08
May 31 2018,Spokane,WA,Passenger,363,336,699,309324,310023,0.23
April 30 2018,Gallatin,MT,Passenger,0,1,1,59,60,1.67
November 30 2017,Jefferson,WA,Passenger,127,76,203,24719,24922,0.81
June 30 2018,Bryan,GA,Passenger,1,0,1,55,56,1.79
November 30 2017,Jefferson,WA,Truck,0,0,0,9761,9761,0.00
May 31 2018,Thurston,WA,Truck,0,0,0,55758,55758,0.00
April 30 2018,Grays Harbor,WA,Truck,0,0,0,20784,20784,0.00
November 30 2017,Juneau,AK,Passenger,0,1,1,39,40,2.50
March 31 2018,Guilford,NC,Passenger,1,0,1,29,30,3.33
March 31 2018,Gwinnett,GA,Passenger,0,1,1,81,82,1.22
November 30 2017,Riley,KS,Passenger,1,0,1,93,94,1.06
May 31 2018,Utah,UT,Passenger,0,1,1,130,131,0.76
May 31 2018,Ventura,CA,Passenger,0,1,1,320,321,0.31
November 30 2017,Kitsap,WA,Truck,1,0,1,54335,54336,0.00
November 30 2017,Klickitat,WA,Passenger,28,28,56,15301,15357,0.36
May 31 2018,Wahkiakum,WA,Truck,0,0,0,1727,1727,0.00
June 30 2018,Clark,WA,Passenger,1107,756,1863,313818,315681,0.59
November 30 2017,Knox,TN,Passenger,1,0,1,37,38,2.63
March 31 2018,Honolulu,HI,Passenger,3,1,4,538,542,0.74
June 30 2018,Cochise,AZ,Passenger,0,1,1,125,126,0.79
May 31 2018,Whatcom,WA,Truck,2,0,2,43415,43417,0.00
November 30 2017,Santa Rosa,FL,Passenger,1,0,1,98,99,1.01
March 31 2018,Island,WA,Passenger,192,186,378,63384,63762,0.59
March 31 2018,Manassas City,VA,Passenger,0,1,1,8,9,11.11
November 30 2017,Lincoln,WA,Truck,0,0,0,4674,4674,0.00
May 31 2018,Yakima,WA,Truck,0,0,0,60803,60803,0.00
March 31 2018,Manatee,FL,Passenger,1,0,1,33,34,2.94
June 30 2018,NULL,NULL,Passenger,7,3,10,2251,2261,0.44
March 31 2018,Jefferson,WA,Truck,0,0,0,9806,9806,0.00
April 30 2018,Lane,OR,Passenger,0,1,1,188,189,0.53
June 30 2018,El Paso,CO,Passenger,2,1,3,750,753,0.40
March 31 2018,Juneau,AK,Passenger,0,1,1,38,39,2.56
November 30 2017,Marion,OR,Passenger,1,0,1,128,129,0.78
June 30 2018,Adams,WA,Passenger,5,5,10,13006,13016,0.08
April 30 2018,Latah,ID,Passenger,0,1,1,77,78,1.28
April 30 2018,Liberty,GA,Passenger,1,0,1,149,150,0.67
June 30 2018,Columbia,WA,Passenger,2,2,4,2478,2482,0.16
March 31 2018,Montgomery,MD,Passenger,1,3,4,298,302,1.32
June 30 2018,Garfield,OK,Passenger,1,0,1,18,19,5.26
June 30 2018,Garfield,WA,Truck,0,0,0,982,982,0.00
March 31 2018,Kitsap,WA,Truck,1,0,1,54606,54607,0.00
June 30 2018,Columbia,WA,Truck,0,0,0,1592,1592,0.00
March 31 2018,Multnomah,OR,Passenger,3,4,7,819,826,0.85
April 30 2018,Madison,ID,Passenger,1,0,1,36,37,2.70
April 30 2018,Maricopa,AZ,Passenger,2,1,3,1435,1438,0.21
June 30 2018,Deschutes,OR,Passenger,1,0,1,151,152,0.66
November 30 2017,Nassau,NY,Passenger,1,1,2,35,37,5.41
March 31 2018,Okanogan,NULL,Passenger,8,15,23,20239,20262,0.11
April 30 2018,Marion,IN,Passenger,1,0,1,119,120,0.83
April 30 2018,Mason,WA,Passenger,92,89,181,46466,46647,0.39
March 31 2018,Okanogan,WA,Passenger,0,4,4,6417,6421,0.06
March 31 2018,Lewis,WA,Truck,0,0,0,26195,26195,0.00
June 30 2018,Douglas,OR,Passenger,1,0,1,52,53,1.89
June 30 2018,Jefferson,WA,Passenger,156,103,259,24914,25173,1.03
March 31 2018,Lincoln,WA,Truck,0,0,0,4704,4704,0.00
June 30 2018,Dupage,IL,Passenger,1,0,1,60,61,1.64
April 30 2018,Miami-Dade,FL,Passenger,0,1,1,114,115,0.87
June 30 2018,Camden,GA,Passenger,0,1,1,170,171,0.58
June 30 2018,Lincoln,WA,Passenger,4,7,11,7925,7936,0.14
March 31 2018,Marion,OR,Passenger,1,0,1,121,122,0.82
April 30 2018,Monterey,CA,Passenger,0,2,2,200,202,0.99
November 30 2017,Ramsey,MN,Passenger,1,0,1,34,35,2.86
March 31 2018,Pierce,WA,Passenger,1341,1138,2479,539017,541496,0.46
June 30 2018,Gwinnett,GA,Passenger,0,1,1,82,83,1.20
June 30 2018,Clark,NV,Passenger,1,1,2,706,708,0.28
June 30 2018,Hennepin,MN,Passenger,1,0,1,103,104,0.96
April 30 2018,Montgomery,TN,Passenger,1,0,1,255,256,0.39
April 30 2018,Moore,NC,Passenger,0,1,1,200,201,0.50
November 30 2017,Russell,AL,Passenger,1,0,1,52,53,1.89
June 30 2018,Columbia,GA,Passenger,1,1,2,168,170,1.18
March 31 2018,Nassau,NY,Passenger,1,0,1,32,33,3.03
June 30 2018,Jackson,OK,Passenger,1,0,1,40,41,2.44
March 31 2018,Ramsey,MN,Passenger,1,0,1,35,36,2.78
April 30 2018,New Castle,DE,Passenger,1,0,1,27,28,3.57
June 30 2018,Okanogan,WA,Passenger,0,5,5,6422,6427,0.08
March 31 2018,Okanogan,WA,Truck,0,0,0,4339,4339,0.00
April 30 2018,Norfolk City,VA,Passenger,2,2,4,343,347,1.15
June 30 2018,Jefferson,WA,Truck,0,0,0,9815,9815,0.00
March 31 2018,Riverside,CA,Passenger,0,2,2,704,706,0.28
November 30 2017,Saratoga,NY,Passenger,0,1,1,68,69,1.45
June 30 2018,Dale,AL,Passenger,0,1,1,66,67,1.49
June 30 2018,Juneau,AK,Passenger,0,1,1,41,42,2.38
March 31 2018,Pierce,WA,Truck,0,0,0,141575,141575,0.00
April 30 2018,Orange,FL,Passenger,2,1,3,169,172,1.74
June 30 2018,Dekalb,IN,Passenger,1,0,1,1,2,50.00
March 31 2018,Saint Lucie,FL,Passenger,1,0,1,24,25,4.00
November 30 2017,Snohomish,WA,Truck,1,0,1,125618,125619,0.00
June 30 2018,District Of Columbia,DC,Passenger,0,4,4,199,203,1.97
April 30 2018,Pinal,AZ,Passenger,2,0,2,183,185,1.08
November 30 2017,Spokane,WA,Passenger,326,276,602,306810,307412,0.20
June 30 2018,Riley,KS,Passenger,1,0,1,89,90,1.11
June 30 2018,Russell,AL,Passenger,1,0,1,50,51,1.96
June 30 2018,Flathead,MT,Passenger,1,0,1,50,51,1.96
November 30 2017,Stevens,WA,Truck,0,0,0,19246,19246,0.00
November 30 2017,Tarrant,TX,Passenger,1,0,1,222,223,0.45
June 30 2018,San Juan,WA,Passenger,149,63,212,14423,14635,1.45
June 30 2018,San Mateo,CA,Passenger,1,1,2,134,136,1.47
March 31 2018,Skagit,WA,Truck,1,0,1,32976,32977,0.00
June 30 2018,Los Angeles,CA,Passenger,8,4,12,1147,1159,1.04
March 31 2018,Santa Clara,CA,Passenger,6,1,7,369,376,1.86
November 30 2017,Tulare,CA,Passenger,1,0,1,197,198,0.51
June 30 2018,Snohomish,WA,Truck,1,0,1,125641,125642,0.00
March 31 2018,Saratoga,NY,Passenger,0,1,1,63,64,1.56
June 30 2018,Manassas City,VA,Passenger,0,1,1,9,10,10.00
April 30 2018,San Diego,CA,Passenger,6,3,9,2628,2637,0.34
June 30 2018,Stevens,WA,Truck,0,0,0,19434,19434,0.00
December 31 2017,Columbia,WA,Passenger,2,1,3,2462,2465,0.12
March 31 2018,Twin Falls,ID,Passenger,0,1,1,24,25,4.00
November 30 2017,Walla Walla,WA,Passenger,29,31,60,36085,36145,0.17
June 30 2018,Honolulu,HI,Passenger,2,1,3,508,511,0.59
April 30 2018,Shelby,TN,Passenger,0,1,1,110,111,0.90
June 30 2018,Thurston,WA,Truck,0,0,0,55828,55828,0.00
June 30 2018,Montgomery,MD,Passenger,1,3,4,285,289,1.38
March 31 2018,Volusia,FL,Passenger,0,1,1,31,32,3.12
June 30 2018,Multnomah,OR,Passenger,3,4,7,800,807,0.87
November 30 2017,Washoe,NV,Passenger,1,0,1,121,122,0.82
November 30 2017,Whitman,WA,Passenger,17,23,40,22969,23009,0.17
June 30 2018,Kitsap,WA,Truck,1,0,1,54695,54696,0.00
December 31 2017,Dupage,IL,Passenger,1,0,1,58,59,1.69
June 30 2018,Klamath,OR,Passenger,1,0,1,26,27,3.70
November 30 2017,Whitman,WA,Truck,0,0,0,8728,8728,0.00
June 30 2018,Okanogan,NULL,Passenger,10,14,24,20379,20403,0.12
June 30 2018,Washington,OR,Passenger,0,1,1,452,453,0.22
June 30 2018,Pacific,WA,Passenger,27,21,48,15867,15915,0.30
March 31 2018,Utah,UT,Passenger,0,1,1,132,133,0.75
June 30 2018,Whitman,WA,Truck,0,0,0,8772,8772,0.00
December 31 2017,Ferry,WA,Passenger,2,3,5,4579,4584,0.11
March 31 2018,Walla Walla,WA,Passenger,32,36,68,36255,36323,0.19
July 31 2018,NULL,CA,Passenger,1,1,2,304,306,0.65
June 30 2018,Pierce,WA,Passenger,1438,1266,2704,542965,545669,0.50
June 30 2018,Manatee,FL,Passenger,1,0,1,33,34,2.94
July 31 2018,NULL,WA,Truck,0,0,0,3,3,0.00
December 31 2017,Ada,ID,Passenger,0,1,1,337,338,0.30
June 30 2018,Marion,IN,Passenger,1,0,1,119,120,0.83
December 31 2017,Alameda,CA,Passenger,0,1,1,348,349,0.29
June 30 2018,Maui,HI,Passenger,1,0,1,57,58,1.72
March 31 2018,Whitman,WA,Passenger,20,26,46,23025,23071,0.20
June 30 2018,Ramsey,MN,Passenger,1,0,1,37,38,2.63
July 31 2018,Arlington,VA,Passenger,1,2,3,170,173,1.73
December 31 2017,Gwinnett,GA,Passenger,0,1,1,85,86,1.16
June 30 2018,Riverside,CA,Passenger,0,2,2,693,695,0.29
December 31 2017,Arlington,VA,Passenger,1,2,3,167,170,1.76
June 30 2018,Muscogee,GA,Passenger,0,1,1,198,199,0.50
July 31 2018,Benton,WA,Truck,0,0,0,42386,42386,0.00
April 30 2018,Beaufort,SC,Passenger,1,0,1,36,37,2.70
June 30 2018,Okanogan,WA,Truck,0,0,0,4326,4326,0.00
June 30 2018,Saint Lucie,FL,Passenger,1,0,1,24,25,4.00
May 31 2018,Clackamas,OR,Passenger,0,1,1,215,216,0.46
June 30 2018,Orange,FL,Passenger,2,1,3,171,174,1.72
May 31 2018,Clark,WA,Passenger,1060,735,1795,313122,314917,0.57
April 30 2018,Adams,WA,Passenger,5,4,9,12941,12950,0.07
June 30 2018,Pierce,WA,Truck,0,0,0,142158,142158,0.00
June 30 2018,Skagit,WA,Truck,1,0,1,33046,33047,0.00
July 31 2018,Carson City,NV,Passenger,1,0,1,11,12,8.33
May 31 2018,Dakota,MN,Passenger,0,1,1,33,34,2.94
July 31 2018,Charles,MD,Passenger,0,1,1,83,84,1.19
April 30 2018,Charles,MD,Passenger,0,1,1,83,84,1.19
June 30 2018,Twin Falls,ID,Passenger,0,1,1,22,23,4.35
April 30 2018,Benton,WA,Passenger,192,198,390,133779,134169,0.29
July 31 2018,Clallam,WA,Truck,0,0,0,22045,22045,0.00
June 30 2018,Volusia,FL,Passenger,0,1,1,30,31,3.23
May 31 2018,Douglas,WA,Passenger,45,31,76,28144,28220,0.27
June 30 2018,Saint Marys,MD,Passenger,1,0,1,207,208,0.48
December 31 2017,Jefferson,WA,Truck,0,0,0,9776,9776,0.00
June 30 2018,San Diego,CA,Passenger,6,3,9,2648,2657,0.34
July 31 2018,Cowlitz,WA,Passenger,69,87,156,73291,73447,0.21
April 30 2018,Chelan,WA,Passenger,100,45,145,54750,54895,0.26
June 30 2018,San Juan,WA,Truck,0,0,0,5918,5918,0.00
December 31 2017,Clark,NV,Passenger,1,1,2,719,721,0.28
May 31 2018,Flathead,MT,Passenger,1,0,1,51,52,1.92
April 30 2018,Canyon,ID,Passenger,0,1,1,78,79,1.27
December 31 2017,Juneau,AK,Passenger,0,1,1,40,41,2.44
July 31 2018,Dallas,TX,Passenger,0,1,1,177,178,0.56
June 30 2018,Santa Clara,CA,Passenger,7,0,7,367,374,1.87
June 30 2018,Washoe,NV,Passenger,1,0,1,104,105,0.95
May 31 2018,Garfield,WA,Truck,0,0,0,988,988,0.00
June 30 2018,Saratoga,NY,Passenger,0,1,1,61,62,1.61
April 30 2018,Clallam,WA,Passenger,126,111,237,50564,50801,0.47
April 30 2018,Clark,WA,Passenger,1040,695,1735,312566,314301,0.55
June 30 2018,Shelby,TN,Passenger,0,1,1,111,112,0.89
April 30 2018,Clark,WA,Truck,0,0,0,81170,81170,0.00
December 31 2017,Columbia,GA,Passenger,1,1,2,165,167,1.20
June 30 2018,Skagit,WA,Passenger,243,182,425,92447,92872,0.46
April 30 2018,Columbia,WA,Truck,0,0,0,1591,1591,0.00
June 30 2018,Whitman,WA,Passenger,20,30,50,23101,23151,0.22
June 30 2018,Snohomish,WA,Passenger,2503,1355,3858,530872,534730,0.72
December 31 2017,Knox,TN,Passenger,1,0,1,37,38,2.63
April 30 2018,Clay,FL,Passenger,0,1,1,97,98,1.02
April 30 2018,Dakota,MN,Passenger,0,1,1,33,34,2.94
May 31 2018,Island,WA,Passenger,203,186,389,63679,64068,0.61
July 31 2018,Fairfax City,VA,Passenger,1,0,1,9,10,10.00
December 31 2017,Cowlitz,WA,Truck,0,0,0,29110,29110,0.00
December 31 2017,Lane,OR,Passenger,0,1,1,208,209,0.48
May 31 2018,Jefferson,WA,Passenger,150,97,247,24854,25101,0.98
July 31 2018,Anne Arundel,MD,Passenger,0,2,2,461,463,0.43
July 31 2018,Glacier,MT,Passenger,0,1,1,4,5,20.00
June 30 2018,Tulsa,OK,Passenger,0,1,1,43,44,2.27
July 31 2018,Asotin,WA,Passenger,11,8,19,12919,12938,0.15
December 31 2017,Dale,AL,Passenger,0,1,1,71,72,1.39
July 31 2018,Asotin,WA,Truck,0,0,0,6865,6865,0.00
July 31 2018,Grays Harbor,WA,Passenger,64,68,132,47730,47862,0.28
April 30 2018,Duval,FL,Passenger,1,1,2,377,379,0.53
May 31 2018,Kitsap,WA,Passenger,855,473,1328,181271,182599,0.73
May 31 2018,Kitsap,WA,Truck,1,0,1,54612,54613,0.00
December 31 2017,Dallas,TX,Passenger,0,1,1,175,176,0.57
December 31 2017,Dekalb,IN,Passenger,1,0,1,1,2,50.00
June 30 2018,Virginia Beach City,VA,Passenger,1,1,2,669,671,0.30
April 30 2018,Ferry,WA,Truck,0,0,0,3723,3723,0.00
April 30 2018,Flathead,MT,Passenger,1,0,1,52,53,1.89
July 31 2018,Hardin,KY,Passenger,0,1,1,122,123,0.81
April 30 2018,Douglas,WA,Passenger,42,32,74,28054,28128,0.26
April 30 2018,Franklin,WA,Passenger,46,62,108,58771,58879,0.18
April 30 2018,Douglas,WA,Truck,0,0,0,12259,12259,0.00
July 31 2018,Hennepin,MN,Passenger,1,0,1,104,105,0.95
December 31 2017,El Paso,TX,Passenger,1,0,1,544,545,0.18
July 31 2018,Caddo,LA,Passenger,0,1,1,20,21,4.76
May 31 2018,Lincoln,WA,Passenger,4,7,11,7884,7895,0.14
May 31 2018,Lincoln,WA,Truck,0,0,0,4711,4711,0.00
April 30 2018,Fairfax,VA,Passenger,0,3,3,825,828,0.36
December 31 2017,Lumpkin,GA,Passenger,1,0,1,10,11,9.09
July 31 2018,Ada,ID,Passenger,0,2,2,305,307,0.65
July 31 2018,Alameda,CA,Passenger,0,1,1,333,334,0.30
December 31 2017,Maricopa,AZ,Passenger,2,0,2,1496,1498,0.13
July 31 2018,Cook,IL,Passenger,1,0,1,246,247,0.40
May 31 2018,Marion,OR,Passenger,1,0,1,113,114,0.88
July 31 2018,Kittitas,WA,Truck,0,0,0,14571,14571,0.00
April 30 2018,Jefferson,CO,Passenger,0,1,1,72,73,1.37
July 31 2018,Klickitat,WA,Truck,0,0,0,8408,8408,0.00
July 31 2018,Bexar,TX,Passenger,2,4,6,720,726,0.83
July 31 2018,Larimer,CO,Passenger,0,1,1,48,49,2.04
July 31 2018,Broward,FL,Passenger,0,1,1,127,128,0.78
April 30 2018,Kent,MI,Passenger,0,1,1,31,32,3.12
December 31 2017,Grant,WA,Truck,0,0,0,26702,26702,0.00
April 30 2018,King,WA,Truck,8,1,9,188749,188758,0.00
April 30 2018,Hamilton,IN,Passenger,1,0,1,42,43,2.33
December 31 2017,Grays Harbor,WA,Passenger,50,47,97,46961,47058,0.21
December 31 2017,Grays Harbor,WA,Truck,0,0,0,20742,20742,0.00
May 31 2018,Nassau,NY,Passenger,1,0,1,32,33,3.03
July 31 2018,Ferry,WA,Passenger,3,3,6,4604,4610,0.13
April 30 2018,Island,WA,Passenger,200,186,386,63564,63950,0.60
December 31 2017,Hamilton,TN,Passenger,1,0,1,19,20,5.00
December 31 2017,Montgomery,MD,Passenger,1,3,4,302,306,1.31
April 30 2018,Island,WA,Truck,0,0,0,21458,21458,0.00
December 31 2017,Hardin,KY,Passenger,0,1,1,124,125,0.80
July 31 2018,Franklin,WA,Truck,0,0,0,19426,19426,0.00
April 30 2018,Manatee,FL,Passenger,1,0,1,34,35,2.86
July 31 2018,Cowlitz,WA,Truck,0,0,0,29398,29398,0.00
July 31 2018,Gallatin,MT,Passenger,0,1,1,57,58,1.72
April 30 2018,Jefferson,NY,Passenger,1,0,1,245,246,0.41
May 31 2018,Riley,KS,Passenger,1,0,1,88,89,1.12
April 30 2018,Marion,OR,Passenger,1,0,1,117,118,0.85
July 31 2018,Oklahoma,OK,Passenger,0,1,1,117,118,0.85
May 31 2018,Russell,AL,Passenger,1,0,1,51,52,1.92
July 31 2018,District Of Columbia,DC,Passenger,0,4,4,204,208,1.92
July 31 2018,Duval,FL,Passenger,1,1,2,380,382,0.52
July 31 2018,Ozaukee,WI,Passenger,0,1,1,3,4,25.00
July 31 2018,El Paso,TX,Passenger,1,0,1,525,526,0.19
July 31 2018,Pend Oreille,WA,Passenger,6,5,11,9934,9945,0.11
April 30 2018,Kittitas,WA,Passenger,44,32,76,29519,29595,0.26
April 30 2018,Klickitat,WA,Passenger,28,31,59,15448,15507,0.38
December 31 2017,Pacific,WA,Passenger,23,14,37,15719,15756,0.23
April 30 2018,Monroe,IL,Passenger,1,0,1,4,5,20.00
July 31 2018,Ferry,WA,Truck,0,0,0,3744,3744,0.00
May 31 2018,Snohomish,WA,Truck,1,0,1,125500,125501,0.00
July 31 2018,Flathead,MT,Passenger,1,0,1,48,49,2.04
April 30 2018,Montgomery,PA,Passenger,1,0,1,27,28,3.57
July 31 2018,Franklin,WA,Passenger,47,68,115,59461,59576,0.19
May 31 2018,Stevens,WA,Truck,0,0,0,19435,19435,0.00
April 30 2018,Lincoln,WA,Truck,0,0,0,4716,4716,0.00
July 31 2018,Fulton,GA,Passenger,1,2,3,94,97,3.09
July 31 2018,Garfield,WA,Passenger,1,1,2,1355,1357,0.15
April 30 2018,Multnomah,OR,Passenger,4,4,8,814,822,0.97
December 31 2017,Prince George,VA,Passenger,0,1,1,77,78,1.28
July 31 2018,Grant,WA,Truck,0,0,0,26983,26983,0.00
July 31 2018,Lane,OR,Passenger,0,1,1,183,184,0.54
July 31 2018,Grays Harbor,WA,Truck,0,0,0,20862,20862,0.00
December 31 2017,Larimer,CO,Passenger,0,1,1,60,61,1.64
May 31 2018,Walla Walla,WA,Passenger,35,42,77,36342,36419,0.21
December 31 2017,Liberty,GA,Passenger,1,0,1,154,155,0.65
May 31 2018,Washington,OR,Passenger,0,1,1,452,453,0.22
April 30 2018,Orleans,LA,Passenger,0,1,1,51,52,1.92
May 31 2018,Whitman,WA,Truck,0,0,0,8749,8749,0.00
July 31 2018,Madison,ID,Passenger,1,0,1,38,39,2.56
July 31 2018,Sumter,FL,Passenger,0,1,1,9,10,10.00
July 31 2018,Maricopa,AZ,Passenger,2,1,3,1414,1417,0.21
April 30 2018,Nassau,NY,Passenger,1,0,1,33,34,2.94
July 31 2018,Travis,TX,Passenger,0,1,1,177,178,0.56
June 30 2018,NULL,WA,Passenger,0,0,0,1,1,0.00
April 30 2018,Northampton,PA,Passenger,0,1,1,67,68,1.47
July 31 2018,Kent,MI,Passenger,0,1,1,26,27,3.70
July 31 2018,Ventura,CA,Passenger,0,2,2,315,317,0.63
April 30 2018,Pierce,WA,Truck,0,0,0,141799,141799,0.00
June 30 2018,Alexandria City,VA,Passenger,2,0,2,169,171,1.17
July 31 2018,King,WA,Truck,8,1,9,188050,188059,0.00
July 31 2018,Wahkiakum,WA,Passenger,2,1,3,2989,2992,0.10
December 31 2017,Santa Fe,NM,Passenger,0,1,1,41,42,2.38
July 31 2018,Monterey,CA,Passenger,0,2,2,202,204,0.98
April 30 2018,Pacific,WA,Truck,0,0,0,7815,7815,0.00
July 31 2018,Lewis,WA,Truck,0,0,0,26446,26446,0.00
June 30 2018,Benton,WA,Passenger,206,210,416,134110,134526,0.31
July 31 2018,Moore,NC,Passenger,0,1,1,198,199,0.50
December 31 2017,Saratoga,NY,Passenger,0,1,1,66,67,1.49
April 30 2018,Pend Oreille,WA,Truck,0,0,0,5958,5958,0.00
April 30 2018,Prince William,VA,Passenger,0,4,4,261,265,1.51
June 30 2018,Brevard,FL,Passenger,0,1,1,86,87,1.15
July 31 2018,New Castle,DE,Passenger,1,0,1,25,26,3.85
April 30 2018,Pima,AZ,Passenger,0,1,1,395,396,0.25
July 31 2018,Yakima,WA,Truck,0,0,0,60961,60961,0.00
April 30 2018,Polk,FL,Passenger,1,0,1,64,65,1.54
December 31 2017,Skagit,WA,Passenger,196,154,350,91620,91970,0.38
April 30 2018,Riverside,CA,Passenger,0,2,2,701,703,0.28
August 31 2018,Alexandria City,VA,Passenger,2,0,2,164,166,1.20
July 31 2018,Nueces,TX,Passenger,1,1,2,98,100,2.00
June 30 2018,Clackamas,OR,Passenger,0,1,1,214,215,0.47
April 30 2018,Saint Clair,IL,Passenger,0,1,1,158,159,0.63
July 31 2018,Monroe,IL,Passenger,1,0,1,4,5,20.00
June 30 2018,Clallam,WA,Passenger,133,118,251,50825,51076,0.49
July 31 2018,Montgomery,PA,Passenger,2,0,2,25,27,7.41
April 30 2018,Russell,AL,Passenger,1,0,1,50,51,1.96
December 31 2017,New Castle,DE,Passenger,1,0,1,26,27,3.70
December 31 2017,Okaloosa,FL,Passenger,1,0,1,182,183,0.55
April 30 2018,San Francisco,CA,Passenger,0,1,1,132,133,0.75
April 30 2018,Santa Clara,CA,Passenger,6,1,7,372,379,1.85
December 31 2017,Twin Falls,ID,Passenger,0,1,1,24,25,4.00
December 31 2017,Oklahoma,OK,Passenger,0,1,1,122,123,0.81
June 30 2018,Dakota,MN,Passenger,0,1,1,34,35,2.86
August 31 2018,Brevard,FL,Passenger,0,1,1,83,84,1.19
April 30 2018,Skamania,WA,Passenger,14,8,22,8967,8989,0.24
April 30 2018,Skamania,WA,Truck,0,0,0,4112,4112,0.00
December 31 2017,Orange,FL,Passenger,1,1,2,140,142,1.41
April 30 2018,Spokane,WA,Passenger,358,319,677,308861,309538,0.22
December 31 2017,Utah,UT,Passenger,0,1,1,131,132,0.76
December 31 2017,Ozaukee,WI,Passenger,0,1,1,3,4,25.00
December 31 2017,Virginia Beach City,VA,Passenger,1,1,2,662,664,0.30
August 31 2018,Chelan,WA,Truck,0,0,0,22645,22645,0.00
June 30 2018,Duval,FL,Passenger,1,1,2,377,379,0.53
July 31 2018,San Juan,WA,Passenger,153,64,217,14450,14667,1.48
July 31 2018,Prince William,VA,Passenger,0,4,4,259,263,1.52
April 30 2018,Tarrant,TX,Passenger,1,0,1,208,209,0.48
July 31 2018,San Mateo,CA,Passenger,1,1,2,135,137,1.46
August 31 2018,Columbia,WA,Passenger,2,2,4,2473,2477,0.16
July 31 2018,Santa Fe,NM,Passenger,0,1,1,42,43,2.33
July 31 2018,Saint Clair,IL,Passenger,0,1,1,157,158,0.63
June 30 2018,Ferry,WA,Truck,0,0,0,3725,3725,0.00
April 30 2018,Wahkiakum,WA,Truck,0,0,0,1726,1726,0.00
April 30 2018,Walla Walla,WA,Passenger,35,40,75,36246,36321,0.21
December 31 2017,Whitman,WA,Passenger,18,24,42,22998,23040,0.18
April 30 2018,Walla Walla,WA,Truck,0,0,0,13833,13833,0.00
July 31 2018,Sangamon,IL,Passenger,1,0,1,11,12,8.33
August 31 2018,Douglas,NE,Passenger,0,1,1,69,70,1.43
August 31 2018,Douglas,OR,Passenger,1,0,1,49,50,2.00
April 30 2018,Volusia,FL,Passenger,0,1,1,30,31,3.23
April 30 2018,Washtenaw,MI,Passenger,1,0,1,37,38,2.63
April 30 2018,Whatcom,WA,Passenger,645,285,930,149402,150332,0.62
December 31 2017,Saint Lucie,FL,Passenger,1,0,1,24,25,4.00
April 30 2018,Whatcom,WA,Truck,2,0,2,43362,43364,0.00
April 30 2018,Whitman,WA,Truck,0,0,0,8741,8741,0.00
January 31 2018,Alameda,CA,Passenger,0,1,1,355,356,0.28
July 31 2018,Snohomish,WA,Passenger,2558,1391,3949,531789,535738,0.74
July 31 2018,Spokane,WA,Truck,1,0,1,96143,96144,0.00
July 31 2018,Utah,UT,Passenger,0,1,1,129,130,0.77
December 31 2017,San Juan,WA,Truck,0,0,0,5851,5851,0.00
July 31 2018,Stevens,WA,Passenger,13,27,40,32636,32676,0.12
January 31 2018,Anne Arundel,MD,Passenger,0,2,2,486,488,0.41
June 30 2018,Jefferson,CO,Passenger,0,1,1,65,66,1.52
May 31 2018,NULL,NULL,Passenger,8,2,10,2269,2279,0.44
January 31 2018,Asotin,WA,Passenger,8,5,13,12857,12870,0.10
December 31 2017,Sangamon,IL,Passenger,1,0,1,10,11,9.09
May 31 2018,Adams,WA,Passenger,5,5,10,12989,12999,0.08
May 31 2018,Adams,WA,Truck,0,0,0,5391,5391,0.00
July 31 2018,Thurston,WA,Passenger,661,530,1191,197085,198276,0.60
May 31 2018,Arlington,VA,Passenger,1,2,3,168,171,1.75
July 31 2018,Yakima,WA,Passenger,77,101,178,168418,168596,0.11
December 31 2017,Shelby,TN,Passenger,0,1,1,112,113,0.88
June 30 2018,Kitsap,WA,Passenger,872,480,1352,181816,183168,0.74
July 31 2018,Tuolumne,CA,Passenger,0,1,1,11,12,8.33
August 31 2018,NULL,WA,Truck,0,0,0,4,4,0.00
May 31 2018,Asotin,WA,Truck,0,0,0,6879,6879,0.00
December 31 2017,Spokane,WA,Truck,1,0,1,95087,95088,0.00
August 31 2018,Beaufort,SC,Passenger,1,0,1,35,36,2.78
June 30 2018,Lumpkin,GA,Passenger,1,0,1,9,10,10.00
August 31 2018,King,WA,Passenger,14238,6212,20450,1393697,1414147,1.45
May 31 2018,Bexar,TX,Passenger,2,3,5,750,755,0.66
August 31 2018,Benton,WA,Truck,0,0,0,42501,42501,0.00
August 31 2018,NULL,WA,Passenger,0,0,0,1,1,0.00
August 31 2018,Adams,WA,Truck,0,0,0,5401,5401,0.00
June 30 2018,Mason,WA,Truck,0,0,0,20673,20673,0.00
December 31 2017,Thurston,WA,Passenger,544,425,969,193972,194941,0.50
August 31 2018,Lane,OR,Passenger,0,1,1,179,180,0.56
May 31 2018,Broward,FL,Passenger,0,1,1,128,129,0.78
January 31 2018,Canyon,ID,Passenger,0,1,1,86,87,1.15
May 31 2018,Clark,NV,Passenger,1,1,2,710,712,0.28
August 31 2018,Benton,WA,Passenger,204,208,412,134737,135149,0.30
June 30 2018,Monroe,IL,Passenger,1,0,1,4,5,20.00
August 31 2018,Lewis,WA,Passenger,89,70,159,59153,59312,0.27
May 31 2018,Caddo,LA,Passenger,0,1,1,20,21,4.76
May 31 2018,Columbia,GA,Passenger,1,1,2,168,170,1.18
August 31 2018,Charles,MD,Passenger,0,1,1,82,83,1.20
August 31 2018,Bexar,TX,Passenger,3,4,7,718,725,0.97
August 31 2018,Lumpkin,GA,Passenger,1,0,1,9,10,10.00
August 31 2018,Clallam,WA,Truck,0,0,0,22038,22038,0.00
June 30 2018,Norfolk City,VA,Passenger,3,2,5,347,352,1.42
August 31 2018,Clark,WA,Passenger,1170,800,1970,314856,316826,0.62
May 31 2018,Dale,AL,Passenger,0,1,1,66,67,1.49
June 30 2018,Nueces,TX,Passenger,1,1,2,98,100,2.00
May 31 2018,Dallas,TX,Passenger,0,1,1,176,177,0.56
August 31 2018,Maricopa,AZ,Passenger,2,1,3,1397,1400,0.21
June 30 2018,Orange,CA,Passenger,3,1,4,574,578,0.69
May 31 2018,Dekalb,IN,Passenger,1,0,1,1,2,50.00
August 31 2018,Mason,WA,Truck,0,0,0,20761,20761,0.00
June 30 2018,Orleans,LA,Passenger,0,1,1,50,51,1.96
May 31 2018,Chelan,WA,Passenger,105,50,155,54829,54984,0.28
May 31 2018,Deschutes,OR,Passenger,1,0,1,155,156,0.64
August 31 2018,Chelan,WA,Passenger,115,57,172,54977,55149,0.31
August 31 2018,Clallam,WA,Passenger,135,121,256,51002,51258,0.50
May 31 2018,Clay,FL,Passenger,0,1,1,94,95,1.05
August 31 2018,Clay,FL,Passenger,0,1,1,91,92,1.09
August 31 2018,Douglas,WA,Passenger,46,30,76,28382,28458,0.27
May 31 2018,El Paso,CO,Passenger,2,1,3,753,756,0.40
August 31 2018,Fairfax City,VA,Passenger,1,0,1,9,10,10.00
June 30 2018,Prince George,VA,Passenger,0,1,1,75,76,1.32
January 31 2018,Alexandria City,VA,Passenger,2,0,2,170,172,1.16
August 31 2018,Muscogee,GA,Passenger,0,1,1,200,201,0.50
January 31 2018,Douglas,WA,Passenger,44,33,77,27891,27968,0.28
May 31 2018,Frederick,MD,Passenger,0,1,1,92,93,1.08
May 31 2018,Cook,IL,Passenger,1,0,1,258,259,0.39
August 31 2018,Norfolk City,VA,Passenger,3,2,5,354,359,1.39
May 31 2018,Garfield,OK,Passenger,1,0,1,19,20,5.00
August 31 2018,Glacier,MT,Passenger,0,1,1,4,5,20.00
August 31 2018,Dakota,MN,Passenger,0,1,1,32,33,3.03
August 31 2018,Orange,CA,Passenger,3,1,4,572,576,0.69
January 31 2018,Fairfax,VA,Passenger,0,3,3,816,819,0.37
January 31 2018,Benton,WA,Passenger,186,188,374,133603,133977,0.28
May 31 2018,Dekalb,GA,Passenger,1,0,1,77,78,1.28
August 31 2018,Douglas,WA,Truck,0,0,0,12383,12383,0.00
August 31 2018,Pacific,WA,Passenger,30,23,53,15961,16014,0.33
June 30 2018,Santa Rosa,FL,Passenger,1,0,1,91,92,1.09
January 31 2018,Ferry,WA,Passenger,2,3,5,4585,4590,0.11
August 31 2018,Island,WA,Passenger,230,212,442,63890,64332,0.69
August 31 2018,Pierce,WA,Passenger,1516,1316,2832,545150,547982,0.52
May 31 2018,Honolulu,HI,Passenger,3,1,4,519,523,0.76
January 31 2018,Brevard,FL,Passenger,0,1,1,92,93,1.08
May 31 2018,Douglas,WA,Truck,0,0,0,12274,12274,0.00
August 31 2018,Fulton,GA,Passenger,1,2,3,93,96,3.12
January 31 2018,Franklin,WA,Passenger,41,54,95,58457,58552,0.16
August 31 2018,Prince George,VA,Passenger,0,1,1,78,79,1.27
August 31 2018,Kittitas,WA,Passenger,54,33,87,29805,29892,0.29
August 31 2018,Hamilton,IN,Passenger,1,0,1,41,42,2.38
May 31 2018,Franklin,WA,Truck,0,0,0,19338,19338,0.00
January 31 2018,Grays Harbor,WA,Truck,0,0,0,20765,20765,0.00
August 31 2018,Lincoln,WA,Passenger,5,7,12,7970,7982,0.15
August 31 2018,Lincoln,WA,Truck,0,0,0,4729,4729,0.00
May 31 2018,Fulton,GA,Passenger,1,1,2,87,89,2.25
May 31 2018,Garfield,WA,Passenger,1,1,2,1364,1366,0.15
August 31 2018,Santa Rosa,FL,Passenger,1,0,1,86,87,1.15
January 31 2018,Clallam,WA,Passenger,113,101,214,50289,50503,0.42
May 31 2018,Latah,ID,Passenger,0,1,1,75,76,1.32
August 31 2018,Marion,OR,Passenger,1,0,1,108,109,0.92
May 31 2018,Liberty,GA,Passenger,1,0,1,149,150,0.67
August 31 2018,Island,WA,Truck,0,0,0,21613,21613,0.00
August 31 2018,Skamania,WA,Truck,0,0,0,4134,4134,0.00
January 31 2018,Howard,MD,Passenger,0,1,1,97,98,1.02
August 31 2018,Jefferson,CO,Passenger,0,1,1,64,65,1.54
June 30 2018,Yakima,WA,Passenger,72,97,169,168246,168415,0.10
January 31 2018,Island,WA,Passenger,177,176,353,63258,63611,0.55
July 31 2018,Allegheny,PA,Passenger,1,0,1,72,73,1.37
August 31 2018,Nassau,NY,Passenger,2,0,2,32,34,5.88
May 31 2018,Manassas City,VA,Passenger,0,1,1,9,10,10.00
August 31 2018,Kent,MI,Passenger,0,1,1,25,26,3.85
August 31 2018,Twin Falls,ID,Passenger,0,1,1,23,24,4.17
May 31 2018,Manatee,FL,Passenger,1,0,1,33,34,2.94
May 31 2018,Marion,IN,Passenger,1,0,1,120,121,0.83
August 31 2018,Klickitat,WA,Passenger,28,34,62,15642,15704,0.39
January 31 2018,Dakota,MN,Passenger,0,1,1,34,35,2.86
August 31 2018,Wahkiakum,WA,Truck,0,0,0,1745,1745,0.00
August 31 2018,Pacific,WA,Truck,0,0,0,7829,7829,0.00
August 31 2018,Whatcom,WA,Truck,2,0,2,43581,43583,0.00
May 31 2018,Multnomah,OR,Passenger,3,4,7,804,811,0.86
August 31 2018,Pend Oreille,WA,Passenger,6,5,11,9935,9946,0.11
August 31 2018,Pend Oreille,WA,Truck,0,0,0,5995,5995,0.00
May 31 2018,Island,WA,Truck,0,0,0,21479,21479,0.00
May 31 2018,Okaloosa,FL,Passenger,1,0,1,167,168,0.60
January 31 2018,Kittitas,WA,Passenger,40,27,67,29428,29495,0.23
January 31 2018,Duval,FL,Passenger,1,1,2,370,372,0.54
August 31 2018,Mason,WA,Passenger,113,99,212,47042,47254,0.45
May 31 2018,Okanogan,WA,Passenger,0,5,5,6428,6433,0.08
May 31 2018,Jackson,OK,Passenger,1,0,1,42,43,2.33
September 30 2018,Alameda,CA,Passenger,0,2,2,325,327,0.61
May 31 2018,Okanogan,WA,Truck,0,0,0,4349,4349,0.00
January 31 2018,Lane,OR,Passenger,0,1,1,200,201,0.50
May 31 2018,Orange,FL,Passenger,2,1,3,170,173,1.73
July 31 2018,Chelan,WA,Passenger,115,54,169,54849,55018,0.31
August 31 2018,Miami-Dade,FL,Passenger,0,1,1,109,110,0.91
May 31 2018,Ozaukee,WI,Passenger,0,1,1,3,4,25.00
August 31 2018,Riley,KS,Passenger,1,0,1,82,83,1.20
January 31 2018,Lewis,WA,Truck,0,0,0,26280,26280,0.00
July 31 2018,Clark,WA,Truck,0,0,0,81569,81569,0.00
August 31 2018,Montgomery,TX,Passenger,1,0,1,51,52,1.92
August 31 2018,Russell,AL,Passenger,1,0,1,48,49,2.04
January 31 2018,Lincoln,WA,Truck,0,0,0,4691,4691,0.00
July 31 2018,Clay,FL,Passenger,0,1,1,90,91,1.10
September 30 2018,Beaufort,SC,Passenger,1,0,1,34,35,2.86
January 31 2018,Ferry,WA,Truck,0,0,0,3764,3764,0.00
January 31 2018,Flathead,MT,Passenger,1,0,1,54,55,1.82
May 31 2018,Pierce,WA,Truck,0,0,0,141936,141936,0.00
May 31 2018,Pinal,AZ,Passenger,2,0,2,180,182,1.10
July 31 2018,Dekalb,GA,Passenger,1,0,1,76,77,1.30
August 31 2018,Skamania,WA,Passenger,16,10,26,8923,8949,0.29
January 31 2018,Maricopa,AZ,Passenger,2,0,2,1496,1498,0.13
September 30 2018,Camden,GA,Passenger,0,1,1,162,163,0.61
July 31 2018,Douglas,WA,Passenger,44,31,75,28317,28392,0.26
January 31 2018,Marion,OR,Passenger,1,0,1,126,127,0.79
August 31 2018,Pima,AZ,Passenger,0,1,1,389,390,0.26
July 31 2018,Douglas,WA,Truck,0,0,0,12330,12330,0.00
May 31 2018,Riverside,CA,Passenger,0,2,2,695,697,0.29
August 31 2018,Polk,FL,Passenger,1,0,1,64,65,1.54
July 31 2018,Dupage,IL,Passenger,1,0,1,59,60,1.67
August 31 2018,Prince William,VA,Passenger,0,4,4,256,260,1.54
May 31 2018,Los Angeles,CA,Passenger,8,4,12,1156,1168,1.03
July 31 2018,Fairfax,VA,Passenger,0,3,3,817,820,0.37
September 30 2018,Clark,NV,Passenger,1,1,2,693,695,0.29
May 31 2018,San Diego,CA,Passenger,6,3,9,2642,2651,0.34
August 31 2018,Wahkiakum,WA,Passenger,2,2,4,3006,3010,0.13
January 31 2018,Montgomery,PA,Passenger,1,0,1,28,29,3.45
May 31 2018,San Juan,WA,Truck,0,0,0,5912,5912,0.00
August 31 2018,Walla Walla,WA,Passenger,35,48,83,36597,36680,0.23
August 31 2018,Saint Clair,IL,Passenger,0,1,1,160,161,0.62
May 31 2018,Santa Clara,CA,Passenger,7,0,7,374,381,1.84
September 30 2018,Columbia,GA,Passenger,1,1,2,163,165,1.21
May 31 2018,Marin,CA,Passenger,1,0,1,54,55,1.82
January 31 2018,Nassau,NY,Passenger,1,0,1,34,35,2.86
July 31 2018,Grant,WA,Passenger,35,51,86,65120,65206,0.13
September 30 2018,Cowlitz,WA,Truck,0,0,0,29426,29426,0.00
May 31 2018,Shelby,TN,Passenger,0,1,1,111,112,0.89
August 31 2018,Washtenaw,MI,Passenger,1,0,1,34,35,2.86
January 31 2018,New Castle,DE,Passenger,1,0,1,26,27,3.70
July 31 2018,Gwinnett,GA,Passenger,0,1,1,83,84,1.19
May 31 2018,Mason,WA,Passenger,97,95,192,46634,46826,0.41
August 31 2018,Whatcom,WA,Passenger,701,337,1038,150763,151801,0.68
January 31 2018,Northampton,PA,Passenger,0,1,1,69,70,1.43
August 31 2018,Whitman,WA,Truck,0,0,0,8779,8779,0.00
September 30 2018,Dale,AL,Passenger,0,1,1,65,66,1.52
September 30 2018,Dekalb,IN,Passenger,1,0,1,1,2,50.00
May 31 2018,Miami-Dade,FL,Passenger,0,1,1,112,113,0.88
August 31 2018,Tarrant,TX,Passenger,1,0,1,202,203,0.49
July 31 2018,Island,WA,Passenger,221,204,425,63778,64203,0.66
September 30 2018,District Of Columbia,DC,Passenger,0,4,4,208,212,1.89
August 31 2018,Thurston,WA,Passenger,685,551,1236,197535,198771,0.62
July 31 2018,Island,WA,Truck,0,0,0,21554,21554,0.00
September 30 2018,Douglas,NE,Passenger,0,1,1,67,68,1.47
July 31 2018,Jackson,OK,Passenger,1,0,1,40,41,2.44
May 31 2018,Tulsa,OK,Passenger,0,1,1,43,44,2.27
August 31 2018,Walla Walla,WA,Truck,0,0,0,13977,13977,0.00
September 30 2018,Asotin,WA,Truck,0,0,0,6854,6854,0.00
September 30 2018,Ferry,WA,Passenger,2,2,4,4594,4598,0.09
July 31 2018,Jefferson,WA,Truck,0,0,0,9843,9843,0.00
January 31 2018,Pend Oreille,WA,Truck,0,0,0,5929,5929,0.00
May 31 2018,Moore,NC,Passenger,0,1,1,199,200,0.50
May 31 2018,Volusia,FL,Passenger,0,1,1,31,32,3.12
July 31 2018,Juneau,AK,Passenger,0,1,1,41,42,2.38
July 31 2018,Kent,DE,Passenger,0,1,1,72,73,1.37
September 30 2018,NULL,CA,Passenger,1,1,2,286,288,0.69
September 30 2018,Broward,FL,Passenger,0,1,1,131,132,0.76
January 31 2018,Kitsap,WA,Passenger,782,419,1201,180269,181470,0.66
July 31 2018,Kitsap,WA,Truck,1,0,1,54810,54811,0.00
September 30 2018,Grant,WA,Truck,0,0,0,27111,27111,0.00
September 30 2018,Caddo,LA,Passenger,1,1,2,22,24,8.33
September 30 2018,Grays Harbor,WA,Truck,0,0,0,20930,20930,0.00
September 30 2018,Allegheny,PA,Passenger,1,0,1,73,74,1.35
September 30 2018,Carson City,NV,Passenger,1,0,1,11,12,8.33
July 31 2018,Kootenai,ID,Passenger,0,1,1,204,205,0.49
May 31 2018,Pima,AZ,Passenger,0,1,1,390,391,0.26
May 31 2018,Polk,FL,Passenger,1,0,1,65,66,1.52
September 30 2018,Clackamas,OR,Passenger,0,1,1,204,205,0.49
July 31 2018,Lincoln,WA,Truck,0,0,0,4717,4717,0.00
July 31 2018,Los Angeles,CA,Passenger,8,4,12,1132,1144,1.05
September 30 2018,Cook,IL,Passenger,1,0,1,246,247,0.40
September 30 2018,Cumberland,NC,Passenger,0,1,1,553,554,0.18
July 31 2018,Marin,CA,Passenger,1,0,1,53,54,1.85
September 30 2018,Bryan,GA,Passenger,1,0,1,60,61,1.64
January 31 2018,Lumpkin,GA,Passenger,1,0,1,9,10,10.00
May 31 2018,Saint Lucie,FL,Passenger,1,0,1,24,25,4.00
September 30 2018,Kittitas,WA,Passenger,59,35,94,29889,29983,0.31
September 30 2018,Klamath,OR,Passenger,1,0,1,25,26,3.85
July 31 2018,Montgomery,MD,Passenger,1,3,4,289,293,1.37
June 30 2018,Bexar,TX,Passenger,2,4,6,734,740,0.81
January 31 2018,Mason,WA,Truck,0,0,0,20387,20387,0.00
September 30 2018,Duval,FL,Passenger,1,1,2,376,378,0.53
September 30 2018,Lane,OR,Passenger,0,1,1,175,176,0.57
July 31 2018,Nassau,NY,Passenger,2,0,2,33,35,5.71
September 30 2018,Ferry,WA,Truck,0,0,0,3762,3762,0.00
July 31 2018,Pacific,WA,Truck,0,0,0,7828,7828,0.00
July 31 2018,Palm Beach,FL,Passenger,0,1,1,74,75,1.33
January 31 2018,Wahkiakum,WA,Truck,0,0,0,1735,1735,0.00
July 31 2018,Pima,AZ,Passenger,0,1,1,387,388,0.26
September 30 2018,Maricopa,AZ,Passenger,2,1,3,1393,1396,0.21
September 30 2018,Marion,IN,Passenger,1,0,1,119,120,0.83
January 31 2018,Walla Walla,WA,Passenger,30,33,63,36200,36263,0.17
September 30 2018,Garfield,WA,Passenger,1,1,2,1356,1358,0.15
July 31 2018,Polk,FL,Passenger,1,0,1,65,66,1.52
September 30 2018,Maui,HI,Passenger,1,0,1,53,54,1.85
September 30 2018,Dekalb,GA,Passenger,1,0,1,74,75,1.33
January 31 2018,Montgomery,TN,Passenger,1,0,1,260,261,0.38
September 30 2018,Muscogee,GA,Passenger,0,1,1,198,199,0.50
June 30 2018,Chelan,WA,Passenger,113,55,168,54863,55031,0.31
June 30 2018,Chelan,WA,Truck,0,0,0,22552,22552,0.00
September 30 2018,New Castle,DE,Passenger,1,0,1,27,28,3.57
May 31 2018,Thurston,WA,Passenger,627,499,1126,195934,197060,0.57
September 30 2018,Franklin,WA,Truck,0,0,0,19554,19554,0.00
July 31 2018,San Francisco,CA,Passenger,1,1,2,119,121,1.65
May 31 2018,Tuolumne,CA,Passenger,0,1,1,11,12,8.33
September 30 2018,Fresno,CA,Passenger,1,0,1,186,187,0.53
January 31 2018,Nueces,TX,Passenger,1,1,2,102,104,1.92
September 30 2018,Orange,FL,Passenger,2,1,3,167,170,1.76
July 31 2018,Saratoga,NY,Passenger,0,1,1,60,61,1.64
June 30 2018,Clark,WA,Truck,0,0,0,81460,81460,0.00
September 30 2018,Gallatin,MT,Passenger,0,1,1,57,58,1.72
January 31 2018,Orange,CA,Passenger,3,1,4,589,593,0.67
September 30 2018,Garfield,WA,Truck,0,0,0,997,997,0.00
June 30 2018,Clay,FL,Passenger,0,1,1,92,93,1.08
September 30 2018,Pend Oreille,WA,Truck,0,0,0,6015,6015,0.00
January 31 2018,Orleans,LA,Passenger,0,1,1,50,51,1.96
September 30 2018,Kitsap,WA,Passenger,916,518,1434,182603,184037,0.78
July 31 2018,Skamania,WA,Passenger,15,9,24,8891,8915,0.27
February 28 2018,Adams,WA,Truck,0,0,0,5382,5382,0.00
May 31 2018,Walla Walla,WA,Truck,0,0,0,13883,13883,0.00
July 31 2018,Spokane,WA,Passenger,383,353,736,310743,311479,0.24
September 30 2018,San Diego,CA,Passenger,6,4,10,2617,2627,0.38
July 31 2018,Walla Walla,WA,Passenger,35,44,79,36478,36557,0.22
September 30 2018,Lumpkin,GA,Passenger,1,0,1,9,10,10.00
July 31 2018,Walla Walla,WA,Truck,0,0,0,13948,13948,0.00
September 30 2018,Jefferson,WA,Passenger,164,105,269,25136,25405,1.06
February 28 2018,Benton,WA,Passenger,187,188,375,133379,133754,0.28
September 30 2018,San Juan,WA,Truck,0,0,0,5967,5967,0.00
January 31 2018,Prince George,VA,Passenger,0,1,1,77,78,1.28
June 30 2018,Cowlitz,WA,Passenger,68,84,152,73177,73329,0.21
June 30 2018,NULL,CA,Passenger,1,1,2,303,305,0.66
February 28 2018,Bexar,TX,Passenger,2,2,4,781,785,0.51
June 30 2018,NULL,WA,Truck,0,0,0,3,3,0.00
September 30 2018,Kent,DE,Passenger,0,1,1,73,74,1.35
September 30 2018,Shelby,TN,Passenger,0,1,1,110,111,0.90
June 30 2018,Adams,WA,Truck,0,0,0,5395,5395,0.00
September 30 2018,Kittitas,WA,Truck,0,0,0,14614,14614,0.00
July 31 2018,Whatcom,WA,Passenger,686,334,1020,150542,151562,0.67
September 30 2018,Kootenai,ID,Passenger,0,1,1,199,200,0.50
July 31 2018,Whitman,WA,Passenger,20,30,50,23138,23188,0.22
June 30 2018,Allegheny,PA,Passenger,1,0,1,72,73,1.37
September 30 2018,Skagit,WA,Passenger,256,191,447,92741,93188,0.48
September 30 2018,Monroe,IL,Passenger,1,0,1,4,5,20.00
September 30 2018,Snohomish,WA,Passenger,2669,1428,4097,533658,537755,0.76
June 30 2018,Douglas,WA,Truck,0,0,0,12320,12320,0.00
June 30 2018,Arlington,VA,Passenger,1,2,3,167,170,1.76
September 30 2018,Moore,NC,Passenger,0,1,1,199,200,0.50
June 30 2018,El Paso,TX,Passenger,1,0,1,534,535,0.19
August 31 2018,Ada,ID,Passenger,0,2,2,297,299,0.67
August 31 2018,Alameda,CA,Passenger,0,1,1,330,331,0.30
September 30 2018,Madison,ID,Passenger,1,0,1,36,37,2.70
September 30 2018,Virginia Beach City,VA,Passenger,1,1,2,677,679,0.29
June 30 2018,Benton,WA,Truck,0,0,0,42343,42343,0.00
September 30 2018,Nueces,TX,Passenger,1,1,2,96,98,2.04
January 31 2018,Santa Rosa,FL,Passenger,1,0,1,95,96,1.04
September 30 2018,Wahkiakum,WA,Truck,0,0,0,1743,1743,0.00
June 30 2018,Fulton,GA,Passenger,1,1,2,90,92,2.17
February 28 2018,Chelan,WA,Passenger,95,40,135,54624,54759,0.25
September 30 2018,Mecklenburg,NC,Passenger,1,0,1,80,81,1.23
September 30 2018,Washtenaw,MI,Passenger,1,0,1,33,34,2.94
June 30 2018,Grant,WA,Passenger,33,49,82,65030,65112,0.13
June 30 2018,Grays Harbor,WA,Passenger,62,64,126,47582,47708,0.26
September 30 2018,Monterey,CA,Passenger,0,2,2,204,206,0.97
February 28 2018,Clallam,WA,Passenger,116,107,223,50347,50570,0.44
February 28 2018,Clay,FL,Passenger,0,1,1,98,99,1.01
September 30 2018,Prince George,VA,Passenger,0,1,1,76,77,1.30
October 31 2018,Adams,WA,Passenger,5,5,10,13113,13123,0.08
June 30 2018,Hamilton,IN,Passenger,1,0,1,40,41,2.44
September 30 2018,Palm Beach,FL,Passenger,0,1,1,77,78,1.28
June 30 2018,Hardin,KY,Passenger,0,1,1,122,123,0.81
August 31 2018,Clark,NV,Passenger,1,1,2,695,697,0.29
June 30 2018,Charles,MD,Passenger,0,1,1,83,84,1.19
October 31 2018,Benton,WA,Passenger,207,226,433,135095,135528,0.32
August 31 2018,Cochise,AZ,Passenger,0,1,1,123,124,0.81
June 30 2018,Clallam,WA,Truck,0,0,0,22036,22036,0.00
September 30 2018,Santa Fe,NM,Passenger,0,1,1,40,41,2.44
August 31 2018,Columbia,GA,Passenger,1,1,2,166,168,1.19
June 30 2018,Island,WA,Truck,0,0,0,21527,21527,0.00
August 31 2018,Cowlitz,WA,Truck,0,0,0,29437,29437,0.00
September 30 2018,San Juan,WA,Passenger,163,70,233,14512,14745,1.58
October 31 2018,Clallam,WA,Passenger,144,126,270,51200,51470,0.52
September 30 2018,San Mateo,CA,Passenger,1,1,2,136,138,1.45
August 31 2018,Dale,AL,Passenger,0,1,1,65,66,1.52
February 28 2018,Douglas,WA,Truck,0,0,0,12186,12186,0.00
October 31 2018,Columbia,WA,Truck,0,0,0,1589,1589,0.00
September 30 2018,Stevens,WA,Passenger,15,30,45,32618,32663,0.14
June 30 2018,Kent,MI,Passenger,0,1,1,25,26,3.85
June 30 2018,Dallas,TX,Passenger,0,1,1,176,177,0.56
September 30 2018,Snohomish,WA,Truck,1,0,1,125671,125672,0.00
August 31 2018,Dekalb,IN,Passenger,1,0,1,1,2,50.00
August 31 2018,Deschutes,OR,Passenger,2,0,2,145,147,1.36
June 30 2018,King,WA,Passenger,13622,5943,19565,1392570,1412135,1.39
October 31 2018,Dakota,MN,Passenger,0,1,1,30,31,3.23
September 30 2018,Stevens,WA,Truck,0,0,0,19480,19480,0.00
June 30 2018,Dekalb,GA,Passenger,1,0,1,76,77,1.30
June 30 2018,Klickitat,WA,Passenger,28,32,60,15538,15598,0.38
September 30 2018,Sumter,FL,Passenger,0,1,1,9,10,10.00
June 30 2018,Klickitat,WA,Truck,0,0,0,8406,8406,0.00
August 31 2018,El Paso,CO,Passenger,2,1,3,747,750,0.40
September 30 2018,Thurston,WA,Truck,0,0,0,56111,56111,0.00
October 31 2018,Duval,FL,Passenger,1,1,2,376,378,0.53
January 31 2018,Yakima,WA,Passenger,73,83,156,167363,167519,0.09
August 31 2018,El Paso,TX,Passenger,1,0,1,522,523,0.19
February 28 2018,Fulton,GA,Passenger,1,1,2,96,98,2.04
September 30 2018,Tuolumne,CA,Passenger,0,1,1,12,13,7.69
June 30 2018,Larimer,CO,Passenger,0,1,1,48,49,2.04
September 30 2018,Utah,UT,Passenger,0,1,1,131,132,0.76
February 28 2018,Ada,ID,Passenger,0,2,2,332,334,0.60
October 31 2018,Ferry,WA,Truck,0,0,0,3758,3758,0.00
February 28 2018,Alameda,CA,Passenger,0,1,1,354,355,0.28
June 30 2018,Lewis,WA,Passenger,86,68,154,58980,59134,0.26
October 31 2018,Flathead,MT,Passenger,1,0,1,49,50,2.00
August 31 2018,Ferry,WA,Passenger,2,2,4,4599,4603,0.09
October 31 2018,Franklin,WA,Passenger,43,68,111,60006,60117,0.18
September 30 2018,Washington,OR,Passenger,0,1,1,440,441,0.23
August 31 2018,Fresno,CA,Passenger,1,0,1,190,191,0.52
February 28 2018,Hamilton,IN,Passenger,1,0,1,46,47,2.13
June 30 2018,Franklin,WA,Truck,0,0,0,19360,19360,0.00
June 30 2018,Frederick,MD,Passenger,0,1,1,90,91,1.10
August 31 2018,Garfield,OK,Passenger,1,0,1,17,18,5.56
September 30 2018,Yakima,WA,Passenger,78,101,179,168711,168890,0.11
September 30 2018,Yakima,WA,Truck,0,0,0,61100,61100,0.00
October 31 2018,NULL,WA,Truck,0,0,0,4,4,0.00
June 30 2018,Gallatin,MT,Passenger,0,1,1,58,59,1.69
August 31 2018,Grant,WA,Truck,0,0,0,27031,27031,0.00
October 31 2018,Benton,WA,Truck,0,0,0,42704,42704,0.00
August 31 2018,Grays Harbor,WA,Truck,0,0,0,20922,20922,0.00
October 31 2018,Jefferson,CO,Passenger,0,1,1,65,66,1.52
October 31 2018,Brevard,FL,Passenger,0,1,1,82,83,1.20
October 31 2018,Beaufort,SC,Passenger,1,0,1,31,32,3.12
February 28 2018,Island,WA,Truck,0,0,0,21479,21479,0.00
October 31 2018,Kent,MI,Passenger,0,1,1,23,24,4.17
October 31 2018,Charles,MD,Passenger,0,1,1,81,82,1.22
October 31 2018,King,WA,Truck,8,1,9,187858,187867,0.00
June 30 2018,Oklahoma,OK,Passenger,0,1,1,121,122,0.82
February 28 2018,Jefferson,CO,Passenger,0,1,1,74,75,1.33
October 31 2018,Chelan,WA,Truck,0,0,0,22729,22729,0.00
February 28 2018,Chelan,WA,Truck,0,0,0,22404,22404,0.00
October 31 2018,Clallam,WA,Truck,0,0,0,22142,22142,0.00
October 31 2018,Lewis,WA,Truck,0,0,0,26472,26472,0.00
June 30 2018,Pima,AZ,Passenger,0,1,1,386,387,0.26
February 28 2018,Kent,MI,Passenger,0,1,1,33,34,2.94
October 31 2018,Chelan,WA,Passenger,127,60,187,55167,55354,0.34
June 30 2018,Polk,FL,Passenger,1,0,1,66,67,1.49
February 28 2018,Clark,NV,Passenger,1,1,2,709,711,0.28
June 30 2018,Kent,DE,Passenger,0,1,1,72,73,1.37
October 31 2018,Clark,WA,Passenger,1259,852,2111,316143,318254,0.66
February 28 2018,Klickitat,WA,Passenger,28,29,57,15360,15417,0.37
October 31 2018,Clark,WA,Truck,0,0,0,81915,81915,0.00
June 30 2018,Kittitas,WA,Truck,0,0,0,14574,14574,0.00
October 31 2018,Clay,FL,Passenger,0,1,1,90,91,1.10
June 30 2018,Prince William,VA,Passenger,0,4,4,257,261,1.53
October 31 2018,Manatee,FL,Passenger,1,0,1,33,34,2.94
October 31 2018,Marion,OR,Passenger,1,0,1,106,107,0.93
June 30 2018,Kootenai,ID,Passenger,0,1,1,205,206,0.49
October 31 2018,Denver,CO,Passenger,1,0,1,124,125,0.80
August 31 2018,Manassas City,VA,Passenger,0,1,1,9,10,10.00
August 31 2018,Marion,IN,Passenger,1,0,1,119,120,0.83
February 28 2018,Columbia,GA,Passenger,1,1,2,164,166,1.20
October 31 2018,Cowlitz,WA,Passenger,82,98,180,73527,73707,0.24
June 30 2018,Latah,ID,Passenger,0,1,1,73,74,1.35
June 30 2018,Saint Clair,IL,Passenger,0,1,1,159,160,0.62
February 28 2018,Cowlitz,WA,Truck,0,0,0,29123,29123,0.00
June 30 2018,Liberty,GA,Passenger,1,0,1,149,150,0.67
October 31 2018,Douglas,WA,Passenger,48,32,80,28479,28559,0.28
October 31 2018,Douglas,WA,Truck,0,0,0,12430,12430,0.00
June 30 2018,San Francisco,CA,Passenger,1,1,2,125,127,1.57
August 31 2018,New Castle,DE,Passenger,1,0,1,26,27,3.70
October 31 2018,Montgomery,PA,Passenger,2,0,2,25,27,7.41
October 31 2018,Montgomery,TX,Passenger,1,0,1,51,52,1.92
October 31 2018,Fairfax,VA,Passenger,1,3,4,793,797,0.50
August 31 2018,Okanogan,WA,Passenger,1,5,6,6414,6420,0.09
February 28 2018,Mason,WA,Passenger,86,84,170,46172,46342,0.37
October 31 2018,Multnomah,OR,Passenger,3,5,8,747,755,1.06
October 31 2018,Glacier,MT,Passenger,0,1,1,4,5,20.00
February 28 2018,Dale,AL,Passenger,0,1,1,71,72,1.39
August 31 2018,Orange,FL,Passenger,2,1,3,169,172,1.74
June 30 2018,Madison,ID,Passenger,1,0,1,38,39,2.56
October 31 2018,Nassau,NY,Passenger,2,0,2,31,33,6.06
June 30 2018,Skamania,WA,Truck,0,0,0,4140,4140,0.00
October 31 2018,Grays Harbor,WA,Passenger,71,71,142,48205,48347,0.29
February 28 2018,Dekalb,IN,Passenger,1,0,1,1,2,50.00
June 30 2018,Spokane,WA,Passenger,376,349,725,309917,310642,0.23
October 31 2018,Grant,WA,Passenger,35,55,90,65729,65819,0.14
February 28 2018,Miami-Dade,FL,Passenger,0,1,1,116,117,0.85
February 28 2018,Deschutes,OR,Passenger,1,0,1,166,167,0.60
June 30 2018,Spokane,WA,Truck,1,0,1,95981,95982,0.00
June 30 2018,Marin,CA,Passenger,1,0,1,53,54,1.85
October 31 2018,Hamilton,IN,Passenger,1,0,1,42,43,2.33
October 31 2018,Island,WA,Passenger,259,224,483,64217,64700,0.75
June 30 2018,Tarrant,TX,Passenger,1,0,1,207,208,0.48
October 31 2018,Pierce,WA,Truck,0,0,0,143044,143044,0.00
February 28 2018,El Paso,CO,Passenger,2,0,2,774,776,0.26
October 31 2018,Island,WA,Truck,0,0,0,21691,21691,0.00
October 31 2018,Hardin,KY,Passenger,0,1,1,119,120,0.83
February 28 2018,El Paso,TX,Passenger,1,0,1,546,547,0.18
August 31 2018,San Diego,CA,Passenger,6,4,10,2629,2639,0.38
June 30 2018,Thurston,WA,Passenger,653,513,1166,196505,197671,0.59
August 31 2018,San Juan,WA,Passenger,156,68,224,14489,14713,1.52
August 31 2018,San Juan,WA,Truck,0,0,0,5956,5956,0.00
October 31 2018,Riverside,CA,Passenger,0,2,2,672,674,0.30
August 31 2018,Sangamon,IL,Passenger,1,0,1,11,12,8.33
June 30 2018,Ventura,CA,Passenger,0,2,2,326,328,0.61
October 31 2018,King,WA,Passenger,15492,6501,21993,1396600,1418593,1.55
June 30 2018,Monterey,CA,Passenger,0,2,2,201,203,0.99
August 31 2018,Shelby,TN,Passenger,0,1,1,109,110,0.91
February 28 2018,Ferry,WA,Passenger,2,3,5,4574,4579,0.11
October 31 2018,Kittitas,WA,Passenger,61,34,95,29980,30075,0.32
June 30 2018,Walla Walla,WA,Truck,0,0,0,13912,13912,0.00
October 31 2018,Saint Clair,IL,Passenger,0,1,1,162,163,0.61
October 31 2018,Klickitat,WA,Passenger,28,34,62,15745,15807,0.39
February 28 2018,Orleans,LA,Passenger,0,1,1,50,51,1.96
August 31 2018,Spokane,WA,Truck,1,0,1,96274,96275,0.00
October 31 2018,Santa Barbara,CA,Passenger,1,0,1,102,103,0.97
February 28 2018,Garfield,OK,Passenger,1,0,1,22,23,4.35
October 31 2018,Santa Clara,CA,Passenger,8,0,8,360,368,2.17
October 31 2018,Lincoln,WA,Truck,0,0,0,4758,4758,0.00
June 30 2018,Whatcom,WA,Truck,2,0,2,43495,43497,0.00
October 31 2018,Klickitat,WA,Truck,0,0,0,8428,8428,0.00
June 30 2018,Okaloosa,FL,Passenger,1,0,1,166,167,0.60
October 31 2018,Larimer,CO,Passenger,0,1,1,49,50,2.00
February 28 2018,Pima,AZ,Passenger,0,1,1,394,395,0.25
October 31 2018,Shasta,CA,Passenger,1,0,1,45,46,2.17
August 31 2018,Thurston,WA,Truck,0,0,0,55997,55997,0.00
February 28 2018,Polk,FL,Passenger,1,0,1,64,65,1.54
July 31 2018,NULL,NULL,Passenger,7,4,11,2241,2252,0.49
February 28 2018,Grant,WA,Truck,0,0,0,26790,26790,0.00
October 31 2018,Lewis,WA,Passenger,94,78,172,59319,59491,0.29
July 31 2018,NULL,WA,Passenger,0,0,0,1,1,0.00
June 30 2018,Ozaukee,WI,Passenger,0,1,1,3,4,25.00
October 31 2018,Lincoln,WA,Passenger,4,7,11,7962,7973,0.14
February 28 2018,Prince William,VA,Passenger,0,4,4,264,268,1.49
February 28 2018,Grays Harbor,WA,Truck,0,0,0,20782,20782,0.00
July 31 2018,Adams,WA,Truck,0,0,0,5398,5398,0.00
June 30 2018,Pacific,WA,Truck,0,0,0,7815,7815,0.00
June 30 2018,Palm Beach,FL,Passenger,0,1,1,73,74,1.35
July 31 2018,Alexandria City,VA,Passenger,2,0,2,163,165,1.21
June 30 2018,Pinal,AZ,Passenger,2,0,2,176,178,1.12
October 31 2018,Volusia,FL,Passenger,0,1,1,32,33,3.03
October 31 2018,Mason,WA,Truck,0,0,0,20849,20849,0.00
October 31 2018,Pacific,WA,Truck,0,0,0,7834,7834,0.00
February 28 2018,Saint Clair,IL,Passenger,0,1,1,164,165,0.61
October 31 2018,Pend Oreille,WA,Truck,0,0,0,6017,6017,0.00
September 30 2018,Ada,ID,Passenger,0,2,2,298,300,0.67
October 31 2018,Pima,AZ,Passenger,0,1,1,378,379,0.26
October 31 2018,Polk,FL,Passenger,1,0,1,62,63,1.59
November 30 2018,NULL,WA,Passenger,0,0,0,2,2,0.00
October 31 2018,Oklahoma,OK,Passenger,0,1,1,114,115,0.87
October 31 2018,Orange,CA,Passenger,4,1,5,562,567,0.88
October 31 2018,Prince William,VA,Passenger,0,4,4,257,261,1.53
September 30 2018,Bexar,TX,Passenger,3,4,7,707,714,0.98
October 31 2018,Pend Oreille,WA,Passenger,7,5,12,9944,9956,0.12
October 31 2018,Russell,AL,Passenger,1,0,1,46,47,2.13
November 30 2018,Benton,WA,Passenger,226,234,460,135313,135773,0.34
February 28 2018,Tarrant,TX,Passenger,1,0,1,215,216,0.46
September 30 2018,Chelan,WA,Passenger,118,61,179,55057,55236,0.32
February 28 2018,Thurston,WA,Passenger,568,446,1014,194570,195584,0.52
October 31 2018,San Francisco,CA,Passenger,1,1,2,108,110,1.82
September 30 2018,Chelan,WA,Truck,0,0,0,22695,22695,0.00
June 30 2018,Skamania,WA,Passenger,13,9,22,8921,8943,0.25
July 31 2018,Columbia,GA,Passenger,1,1,2,164,166,1.20
October 31 2018,Riley,KS,Passenger,1,0,1,79,80,1.25
October 31 2018,Skamania,WA,Passenger,20,12,32,8981,9013,0.36
September 30 2018,Clay,FL,Passenger,0,1,1,89,90,1.11
October 31 2018,Skamania,WA,Truck,0,0,0,4169,4169,0.00
June 30 2018,Sumter,FL,Passenger,0,1,1,8,9,11.11
October 31 2018,Spokane,WA,Passenger,419,387,806,313073,313879,0.26
November 30 2018,Clark,WA,Passenger,1300,867,2167,316847,319014,0.68
February 28 2018,Walla Walla,WA,Truck,0,0,0,13833,13833,0.00
October 31 2018,Santa Rosa,FL,Passenger,1,0,1,81,82,1.22
September 30 2018,Columbia,WA,Passenger,2,2,4,2486,2490,0.16
June 30 2018,Travis,TX,Passenger,0,1,1,177,178,0.56
October 31 2018,Tarrant,TX,Passenger,1,0,1,189,190,0.53
June 30 2018,Wahkiakum,WA,Passenger,2,2,4,2967,2971,0.13
October 31 2018,Wahkiakum,WA,Truck,0,0,0,1752,1752,0.00
September 30 2018,Denver,CO,Passenger,1,0,1,129,130,0.77
September 30 2018,Deschutes,OR,Passenger,2,0,2,143,145,1.38
October 31 2018,Walla Walla,WA,Passenger,37,50,87,36710,36797,0.24
October 31 2018,Walla Walla,WA,Truck,0,0,0,13992,13992,0.00
March 31 2018,Adams,WA,Truck,0,0,0,5382,5382,0.00
February 28 2018,Manassas City,VA,Passenger,0,1,1,9,10,10.00
October 31 2018,Washtenaw,MI,Passenger,1,0,1,33,34,2.94
September 30 2018,Douglas,OR,Passenger,1,0,1,47,48,2.08
March 31 2018,Allegheny,PA,Passenger,1,0,1,70,71,1.41
June 30 2018,Whatcom,WA,Passenger,679,316,995,150285,151280,0.66
November 30 2018,Ferry,WA,Truck,0,0,0,3771,3771,0.00
September 30 2018,Douglas,WA,Truck,0,0,0,12371,12371,0.00
October 31 2018,Whatcom,WA,Passenger,748,357,1105,151377,152482,0.72
July 31 2018,El Paso,CO,Passenger,2,1,3,746,749,0.40
October 31 2018,Whatcom,WA,Truck,2,0,2,43745,43747,0.00
March 31 2018,Arlington,VA,Passenger,1,2,3,168,171,1.75
November 30 2018,Garfield,OK,Passenger,1,0,1,14,15,6.67
October 31 2018,Whitman,WA,Truck,0,0,0,8801,8801,0.00
September 30 2018,El Paso,TX,Passenger,1,0,1,514,515,0.19
November 30 2018,Hamilton,IN,Passenger,1,0,1,42,43,2.33
October 31 2018,Thurston,WA,Truck,0,0,0,56251,56251,0.00
November 30 2018,NULL,CA,Passenger,1,1,2,271,273,0.73
September 30 2018,Fulton,GA,Passenger,1,2,3,94,97,3.09
July 31 2018,Frederick,MD,Passenger,0,1,1,90,91,1.10
November 30 2018,Allegheny,PA,Passenger,1,0,1,77,78,1.28
February 28 2018,New Castle,DE,Passenger,1,0,1,26,27,3.70
July 31 2018,Brevard,FL,Passenger,0,1,1,83,84,1.19
July 31 2018,Garfield,OK,Passenger,1,0,1,17,18,5.56
February 28 2018,Okanogan,WA,Passenger,0,4,4,6404,6408,0.06
October 31 2018,Ventura,CA,Passenger,0,2,2,314,316,0.63
July 31 2018,Bryan,GA,Passenger,1,0,1,54,55,1.82
September 30 2018,Guadalupe,TX,Passenger,1,0,1,74,75,1.33
October 31 2018,Wahkiakum,WA,Passenger,2,2,4,3028,3032,0.13
February 28 2018,Orange,FL,Passenger,2,1,3,171,174,1.72
November 30 2018,Bryan,GA,Passenger,1,0,1,59,60,1.67
July 31 2018,Guilford,NC,Passenger,1,0,1,26,27,3.70
July 31 2018,Chelan,WA,Truck,0,0,0,22615,22615,0.00
September 30 2018,Island,WA,Truck,0,0,0,21663,21663,0.00
November 30 2018,Kent,MI,Passenger,0,1,1,21,22,4.55
September 30 2018,Jackson,OK,Passenger,1,0,1,42,43,2.33
November 30 2018,Carson City,NV,Passenger,1,0,1,12,13,7.69
November 30 2018,Klickitat,WA,Passenger,27,34,61,15782,15843,0.39
July 31 2018,Clackamas,OR,Passenger,0,1,1,204,205,0.49
November 30 2018,Anne Arundel,MD,Passenger,0,3,3,461,464,0.65
July 31 2018,Honolulu,HI,Passenger,2,1,3,507,510,0.59
July 31 2018,Cochise,AZ,Passenger,0,1,1,123,124,0.81
September 30 2018,King,WA,Passenger,14642,6357,20999,1394060,1415059,1.48
November 30 2018,Clackamas,OR,Passenger,0,1,1,203,204,0.49
November 30 2018,Monroe,IL,Passenger,1,0,1,3,4,25.00
September 30 2018,Lewis,WA,Passenger,90,74,164,59219,59383,0.28
November 30 2018,Cumberland,NC,Passenger,0,1,1,545,546,0.18
February 28 2018,San Diego,CA,Passenger,5,3,8,2637,2645,0.30
July 31 2018,Deschutes,OR,Passenger,1,0,1,147,148,0.68
November 30 2018,Camden,GA,Passenger,0,1,1,160,161,0.62
September 30 2018,Los Angeles,CA,Passenger,8,4,12,1118,1130,1.06
February 28 2018,San Juan,WA,Passenger,142,51,193,14309,14502,1.33
November 30 2018,District Of Columbia,DC,Passenger,1,4,5,205,210,2.38
February 28 2018,San Juan,WA,Truck,0,0,0,5879,5879,0.00
November 30 2018,Nueces,TX,Passenger,1,1,2,101,103,1.94
November 30 2018,Okanogan,NULL,Passenger,14,16,30,20618,20648,0.15
November 30 2018,Duval,FL,Passenger,1,1,2,375,377,0.53
February 28 2018,Sangamon,IL,Passenger,1,0,1,11,12,8.33
September 30 2018,Manassas City,VA,Passenger,0,1,1,9,10,10.00
November 30 2018,Columbia,WA,Passenger,2,2,4,2495,2499,0.16
March 31 2018,Dekalb,GA,Passenger,1,0,1,77,78,1.28
November 30 2018,Flathead,MT,Passenger,1,0,1,50,51,1.96
February 28 2018,Shelby,TN,Passenger,0,1,1,114,115,0.87
July 31 2018,Latah,ID,Passenger,0,1,1,71,72,1.39
July 31 2018,Garfield,WA,Truck,0,0,0,987,987,0.00
November 30 2018,Douglas,NE,Passenger,0,1,1,65,66,1.52
November 30 2018,Douglas,OR,Passenger,1,0,1,46,47,2.13
November 30 2018,Dupage,IL,Passenger,1,0,1,53,54,1.85
November 30 2018,Garfield,WA,Truck,0,0,0,995,995,0.00
February 28 2018,Spokane,WA,Truck,1,0,1,95229,95230,0.00
July 31 2018,Liberty,GA,Passenger,1,0,1,150,151,0.66
November 30 2018,Prince William,VA,Passenger,0,4,4,256,260,1.54
March 31 2018,El Paso,CO,Passenger,2,0,2,765,767,0.26
November 30 2018,Goochland,VA,Passenger,0,1,1,189,190,0.53
November 30 2018,Ramsey,MN,Passenger,1,0,1,39,40,2.50
November 30 2018,Ferry,WA,Passenger,3,2,5,4573,4578,0.11
September 30 2018,Oldham,KY,Passenger,0,1,1,4,5,20.00
November 30 2018,Russell,AL,Passenger,1,0,1,45,46,2.17
February 28 2018,Thurston,WA,Truck,0,0,0,55581,55581,0.00
September 30 2018,Pacific,WA,Passenger,29,23,52,16011,16063,0.32
November 30 2018,Guadalupe,TX,Passenger,1,0,1,70,71,1.41
July 31 2018,Marion,IN,Passenger,1,0,1,118,119,0.84
November 30 2018,San Mateo,CA,Passenger,2,1,3,132,135,2.22
November 30 2018,Gwinnett,GA,Passenger,0,1,1,78,79,1.27
March 31 2018,Frederick,MD,Passenger,0,1,1,93,94,1.06
November 30 2018,Santa Barbara,CA,Passenger,1,0,1,100,101,0.99
July 31 2018,Mason,WA,Passenger,108,95,203,46874,47077,0.43
September 30 2018,Pierce,WA,Passenger,1536,1356,2892,545943,548835,0.53
March 31 2018,Garfield,OK,Passenger,1,0,1,22,23,4.35
September 30 2018,Pima,AZ,Passenger,0,1,1,384,385,0.26
November 30 2018,Skagit,WA,Truck,1,0,1,33299,33300,0.00
November 30 2018,Jefferson,WA,Passenger,181,112,293,25239,25532,1.15
November 30 2018,Snohomish,WA,Truck,1,0,1,125855,125856,0.00
September 30 2018,Polk,FL,Passenger,1,0,1,63,64,1.56
July 31 2018,Miami-Dade,FL,Passenger,0,1,1,110,111,0.90
November 30 2018,Hennepin,MN,Passenger,2,0,2,102,104,1.92
November 30 2018,Kent,DE,Passenger,0,1,1,74,75,1.33
November 30 2018,Tarrant,TX,Passenger,1,0,1,190,191,0.52
November 30 2018,Kitsap,WA,Passenger,989,542,1531,183526,185057,0.83
November 30 2018,Kitsap,WA,Truck,1,0,1,55042,55043,0.00
November 30 2018,Kittitas,WA,Truck,0,0,0,14666,14666,0.00
July 31 2018,King,WA,Passenger,13922,6070,19992,1393001,1412993,1.41
September 30 2018,Saint Lucie,FL,Passenger,1,0,1,26,27,3.70
July 31 2018,Kitsap,WA,Passenger,885,493,1378,182038,183416,0.75
November 30 2018,Jefferson,WA,Truck,0,0,0,9850,9850,0.00
September 30 2018,Sangamon,IL,Passenger,1,0,1,10,11,9.09
July 31 2018,Norfolk City,VA,Passenger,3,2,5,346,351,1.42
November 30 2018,Washoe,NV,Passenger,1,0,1,95,96,1.04
March 31 2018,NULL,CA,Passenger,1,1,2,312,314,0.64
November 30 2018,Juneau,AK,Passenger,0,1,1,38,39,2.56
March 31 2018,NULL,WA,Truck,0,0,0,3,3,0.00
July 31 2018,Okanogan,WA,Truck,0,0,0,4315,4315,0.00
November 30 2018,Whitman,WA,Truck,0,0,0,8805,8805,0.00
September 30 2018,Skamania,WA,Truck,0,0,0,4151,4151,0.00
July 31 2018,Lewis,WA,Passenger,89,68,157,59093,59250,0.26
November 30 2018,Klamath,OR,Passenger,1,0,1,25,26,3.85
November 30 2018,Maui,HI,Passenger,1,0,1,49,50,2.00
September 30 2018,Spokane,WA,Truck,1,0,1,96450,96451,0.00
November 30 2018,Mecklenburg,NC,Passenger,1,0,1,77,78,1.28
November 30 2018,Yakima,WA,Passenger,88,106,194,169195,169389,0.11
March 31 2018,Jefferson,WA,Passenger,144,94,238,24779,25017,0.95
December 31 2018,NULL,CA,Passenger,1,2,3,263,266,1.13
July 31 2018,Lincoln,WA,Passenger,5,7,12,7973,7985,0.15
September 30 2018,Thurston,WA,Passenger,705,563,1268,197885,199153,0.64
December 31 2018,Adams,WA,Truck,0,0,0,5397,5397,0.00
November 30 2018,Lane,OR,Passenger,0,1,1,172,173,0.58
September 30 2018,Twin Falls,ID,Passenger,0,1,1,21,22,4.55
December 31 2018,Allegheny,PA,Passenger,1,0,1,74,75,1.33
March 31 2018,Benton,WA,Passenger,189,196,385,133674,134059,0.29
September 30 2018,Walla Walla,WA,Truck,0,0,0,13983,13983,0.00
March 31 2018,Kent,DE,Passenger,0,1,1,72,73,1.37
July 31 2018,Pinal,AZ,Passenger,2,0,2,176,178,1.12
July 31 2018,Lumpkin,GA,Passenger,1,0,1,9,10,10.00
March 31 2018,Benton,WA,Truck,0,0,0,42177,42177,0.00
December 31 2018,Arlington,VA,Passenger,1,1,2,158,160,1.25
July 31 2018,Manassas City,VA,Passenger,0,1,1,9,10,10.00
September 30 2018,Whatcom,WA,Truck,2,0,2,43625,43627,0.00
November 30 2018,Lumpkin,GA,Passenger,1,0,1,9,10,10.00
July 31 2018,Mason,WA,Truck,0,0,0,20747,20747,0.00
December 31 2018,Benton,WA,Truck,0,0,0,42836,42836,0.00
October 31 2018,NULL,NULL,Passenger,7,5,12,2203,2215,0.54
March 31 2018,Latah,ID,Passenger,0,1,1,78,79,1.27
November 30 2018,Maricopa,AZ,Passenger,3,2,5,1366,1371,0.36
October 31 2018,NULL,WA,Passenger,0,0,0,1,1,0.00
October 31 2018,Anne Arundel,MD,Passenger,0,2,2,462,464,0.43
March 31 2018,Liberty,GA,Passenger,1,0,1,148,149,0.67
October 31 2018,Asotin,WA,Passenger,13,10,23,12993,13016,0.18
July 31 2018,Saint Marys,MD,Passenger,1,0,1,207,208,0.48
March 31 2018,Clallam,WA,Passenger,127,108,235,50487,50722,0.46
March 31 2018,Los Angeles,CA,Passenger,6,4,10,1183,1193,0.84
November 30 2018,Montgomery,MD,Passenger,1,3,4,281,285,1.40
July 31 2018,San Diego,CA,Passenger,6,3,9,2627,2636,0.34
November 30 2018,Muscogee,GA,Passenger,0,1,1,199,200,0.50
December 31 2018,Charles,MD,Passenger,0,1,1,77,78,1.28
November 30 2018,Shasta,CA,Passenger,1,0,1,44,45,2.22
December 31 2018,Clallam,WA,Truck,0,0,0,22211,22211,0.00
July 31 2018,Okanogan,WA,Passenger,0,5,5,6419,6424,0.08
November 30 2018,Snohomish,WA,Passenger,2944,1514,4458,535931,540389,0.82
November 30 2018,Stevens,WA,Passenger,18,30,48,32713,32761,0.15
July 31 2018,Shelby,TN,Passenger,0,1,1,110,111,0.90
July 31 2018,Orange,CA,Passenger,3,1,4,573,577,0.69
March 31 2018,Marin,CA,Passenger,1,0,1,52,53,1.89
November 30 2018,Stevens,WA,Truck,0,0,0,19514,19514,0.00
March 31 2018,Dakota,MN,Passenger,0,1,1,33,34,2.94
November 30 2018,Pacific,WA,Passenger,32,24,56,16097,16153,0.35
March 31 2018,Mason,WA,Passenger,91,85,176,46312,46488,0.38
November 30 2018,Sumter,FL,Passenger,0,1,1,9,10,10.00
December 31 2018,Dallas,TX,Passenger,0,1,1,182,183,0.55
July 31 2018,Pierce,WA,Passenger,1474,1287,2761,543955,546716,0.51
November 30 2018,Travis,TX,Passenger,0,1,1,179,180,0.56
November 30 2018,Tuolumne,CA,Passenger,0,1,1,12,13,7.69
March 31 2018,Miami-Dade,FL,Passenger,0,1,1,116,117,0.85
December 31 2018,Dekalb,GA,Passenger,1,0,1,75,76,1.32
July 31 2018,Tulsa,OK,Passenger,0,1,1,42,43,2.33
July 31 2018,Prince George,VA,Passenger,0,1,1,77,78,1.28
March 31 2018,Duval,FL,Passenger,1,1,2,375,377,0.53
November 30 2018,Washington,OR,Passenger,0,1,1,436,437,0.23
October 31 2018,El Paso,CO,Passenger,2,1,3,745,748,0.40
March 31 2018,Fairfax City,VA,Passenger,1,0,1,9,10,10.00
December 31 2018,Franklin,WA,Truck,0,0,0,19726,19726,0.00
March 31 2018,Okaloosa,FL,Passenger,1,0,1,173,174,0.57
December 31 2018,Frederick,MD,Passenger,0,1,1,84,85,1.18
November 30 2018,Yakima,WA,Truck,0,0,0,61179,61179,0.00
December 31 2018,Gallatin,MT,Passenger,0,1,1,57,58,1.72
March 31 2018,Ferry,WA,Truck,0,0,0,3733,3733,0.00
July 31 2018,Riley,KS,Passenger,1,0,1,86,87,1.15
November 30 2018,Santa Fe,NM,Passenger,0,1,1,39,40,2.50
March 31 2018,Ozaukee,WI,Passenger,0,1,1,3,4,25.00
March 31 2018,Flathead,MT,Passenger,1,0,1,52,53,1.89
March 31 2018,Palm Beach,FL,Passenger,0,1,1,75,76,1.32
December 31 2018,Ada,ID,Passenger,0,2,2,294,296,0.68
November 30 2018,Skagit,WA,Passenger,283,200,483,93041,93524,0.52
March 31 2018,Glacier,MT,Passenger,0,1,1,4,5,20.00
October 31 2018,Fresno,CA,Passenger,1,0,1,180,181,0.55
August 31 2018,NULL,CA,Passenger,1,1,2,297,299,0.67
March 31 2018,Pinal,AZ,Passenger,2,0,2,185,187,1.07
October 31 2018,Garfield,OK,Passenger,1,0,1,15,16,6.25
August 31 2018,Allegheny,PA,Passenger,1,0,1,72,73,1.37
July 31 2018,Santa Rosa,FL,Passenger,1,0,1,88,89,1.12
December 31 2018,Bexar,TX,Passenger,3,4,7,684,691,1.01
October 31 2018,Guilford,NC,Passenger,1,0,1,27,28,3.57
November 30 2018,Twin Falls,ID,Passenger,0,1,1,21,22,4.55
December 31 2018,Kent,DE,Passenger,0,1,1,76,77,1.30
November 30 2018,Virginia Beach City,VA,Passenger,1,1,2,678,680,0.29
October 31 2018,Honolulu,HI,Passenger,2,1,3,493,496,0.60
December 31 2018,Kittitas,WA,Truck,0,0,0,14703,14703,0.00
December 31 2018,Kootenai,ID,Passenger,1,1,2,197,199,1.01
December 31 2018,Chelan,WA,Passenger,141,62,203,55396,55599,0.37
December 31 2018,Chelan,WA,Truck,0,0,0,22717,22717,0.00
November 30 2018,Whitman,WA,Passenger,21,37,58,23282,23340,0.25
March 31 2018,Jefferson,CO,Passenger,0,1,1,75,76,1.32
July 31 2018,Thurston,WA,Truck,0,0,0,55867,55867,0.00
August 31 2018,Bryan,GA,Passenger,1,0,1,58,59,1.69
December 31 2018,Clark,WA,Truck,0,0,0,82185,82185,0.00
December 31 2018,Clay,FL,Passenger,0,1,1,86,87,1.15
December 31 2018,Liberty,GA,Passenger,1,0,1,154,155,0.65
August 31 2018,Camden,GA,Passenger,0,1,1,167,168,0.60
August 31 2018,Carson City,NV,Passenger,1,0,1,11,12,8.33
December 31 2018,Alameda,CA,Passenger,0,2,2,314,316,0.63
December 31 2018,Madison,ID,Passenger,1,0,1,35,36,2.78
March 31 2018,Kittitas,WA,Truck,0,0,0,14506,14506,0.00
December 31 2018,Anne Arundel,MD,Passenger,0,3,3,462,465,0.65
December 31 2018,Cowlitz,WA,Passenger,85,108,193,73783,73976,0.26
December 31 2018,Asotin,WA,Passenger,13,10,23,13007,13030,0.18
December 31 2018,Denver,CO,Passenger,1,0,1,122,123,0.81
December 31 2018,Beaufort,SC,Passenger,1,0,1,31,32,3.12
March 31 2018,Snohomish,WA,Truck,1,0,1,125383,125384,0.00
August 31 2018,Clackamas,OR,Passenger,0,1,1,206,207,0.48
December 31 2018,Douglas,WA,Truck,0,0,0,12503,12503,0.00
October 31 2018,Monroe,IL,Passenger,1,0,1,3,4,25.00
March 31 2018,Stevens,WA,Truck,0,0,0,19334,19334,0.00
December 31 2018,Monterey,CA,Passenger,0,1,1,208,209,0.48
December 31 2018,El Paso,TX,Passenger,1,0,1,508,509,0.20
March 31 2018,Sumter,FL,Passenger,0,1,1,9,10,10.00
December 31 2018,Bucks,PA,Passenger,1,0,1,18,19,5.26
October 31 2018,Nueces,TX,Passenger,1,1,2,98,100,2.00
October 31 2018,Okanogan,WA,Truck,0,0,0,4279,4279,0.00
December 31 2018,Fulton,GA,Passenger,1,2,3,97,100,3.00
March 31 2018,Travis,TX,Passenger,0,1,1,180,181,0.55
December 31 2018,Ozaukee,WI,Passenger,0,1,1,3,4,25.00
December 31 2018,Grant,WA,Passenger,35,57,92,65975,66067,0.14
December 31 2018,Pacific,WA,Truck,0,0,0,7823,7823,0.00
December 31 2018,Grays Harbor,WA,Passenger,73,77,150,48398,48548,0.31
December 31 2018,Palm Beach,FL,Passenger,0,1,1,81,82,1.22
December 31 2018,Pinal,AZ,Passenger,2,0,2,170,172,1.16
August 31 2018,District Of Columbia,DC,Passenger,0,4,4,204,208,1.92
December 31 2018,Hardin,KY,Passenger,0,1,1,110,111,0.90
December 31 2018,Cowlitz,WA,Truck,0,0,0,29577,29577,0.00
March 31 2018,Washoe,NV,Passenger,1,0,1,111,112,0.89
December 31 2018,Douglas,WA,Passenger,51,33,84,28604,28688,0.29
October 31 2018,Saint Marys,MD,Passenger,1,0,1,208,209,0.48
April 30 2018,NULL,WA,Truck,0,0,0,3,3,0.00
March 31 2018,Nueces,TX,Passenger,1,1,2,103,105,1.90
December 31 2018,Island,WA,Truck,0,0,0,21748,21748,0.00
October 31 2018,San Juan,WA,Passenger,171,71,242,14550,14792,1.64
August 31 2018,Flathead,MT,Passenger,1,0,1,49,50,2.00
October 31 2018,San Mateo,CA,Passenger,1,1,2,131,133,1.50
December 31 2018,Fairfax,VA,Passenger,3,3,6,792,798,0.75
October 31 2018,Santa Fe,NM,Passenger,0,1,1,39,40,2.50
March 31 2018,Orleans,LA,Passenger,0,1,1,50,51,1.96
December 31 2018,Kent,MI,Passenger,0,1,1,21,22,4.55
April 30 2018,Benton,WA,Truck,0,0,0,42227,42227,0.00
August 31 2018,Clark,WA,Truck,0,0,0,81600,81600,0.00
December 31 2018,King,WA,Passenger,16765,6813,23578,1398696,1422274,1.66
August 31 2018,Garfield,WA,Truck,0,0,0,989,989,0.00
December 31 2018,Klickitat,WA,Truck,0,0,0,8484,8484,0.00
December 31 2018,Ferry,WA,Passenger,3,2,5,4575,4580,0.11
December 31 2018,Skamania,WA,Passenger,18,13,31,8992,9023,0.34
August 31 2018,Cowlitz,WA,Passenger,74,91,165,73386,73551,0.22
December 31 2018,Larimer,CO,Passenger,0,1,1,47,48,2.08
April 30 2018,Brevard,FL,Passenger,0,1,1,93,94,1.06
March 31 2018,Pend Oreille,WA,Passenger,5,3,8,9860,9868,0.08
December 31 2018,Franklin,WA,Passenger,53,68,121,60410,60531,0.20
December 31 2018,Sumter,FL,Passenger,0,1,1,9,10,10.00
August 31 2018,Cumberland,NC,Passenger,0,1,1,560,561,0.18
December 31 2018,Lewis,WA,Passenger,100,85,185,59591,59776,0.31
October 31 2018,Tulsa,OK,Passenger,0,1,1,41,42,2.38
October 31 2018,Utah,UT,Passenger,0,1,1,129,130,0.77
December 31 2018,Grant,WA,Truck,0,0,0,27304,27304,0.00
December 31 2018,Travis,TX,Passenger,1,1,2,177,179,1.12
December 31 2018,Grays Harbor,WA,Truck,0,0,0,20976,20976,0.00
December 31 2018,Valencia,NM,Passenger,1,0,1,7,8,12.50
December 31 2018,Wahkiakum,WA,Passenger,2,2,4,3026,3030,0.13
August 31 2018,Dupage,IL,Passenger,1,0,1,54,55,1.82
December 31 2018,Island,WA,Passenger,291,236,527,64358,64885,0.81
April 30 2018,Chelan,WA,Truck,0,0,0,22485,22485,0.00
October 31 2018,Yakima,WA,Passenger,81,104,185,168919,169104,0.11
August 31 2018,Jefferson,WA,Passenger,164,107,271,25116,25387,1.07
December 31 2018,Montgomery,TX,Passenger,1,0,1,51,52,1.92
December 31 2018,Whatcom,WA,Passenger,809,388,1197,151995,153192,0.78
August 31 2018,Fairfax,VA,Passenger,1,3,4,799,803,0.50
April 30 2018,Clallam,WA,Truck,0,0,0,21986,21986,0.00
December 31 2018,King,WA,Truck,7,1,8,187737,187745,0.00
August 31 2018,Kent,DE,Passenger,0,1,1,73,74,1.35
March 31 2018,Santa Fe,NM,Passenger,0,1,1,39,40,2.50
November 30 2018,Adams,WA,Passenger,5,5,10,13141,13151,0.08
December 31 2018,Kittitas,WA,Passenger,70,36,106,30074,30180,0.35
December 31 2018,Oklahoma,OK,Passenger,0,1,1,117,118,0.85
August 31 2018,Kitsap,WA,Passenger,901,507,1408,182444,183852,0.77
August 31 2018,Kitsap,WA,Truck,1,0,1,54856,54857,0.00
December 31 2018,Lane,OR,Passenger,0,1,1,167,168,0.60
November 30 2018,Asotin,WA,Passenger,13,10,23,13002,13025,0.18
August 31 2018,Kittitas,WA,Truck,0,0,0,14619,14619,0.00
August 31 2018,Klamath,OR,Passenger,1,0,1,25,26,3.85
August 31 2018,Grant,WA,Passenger,36,53,89,65365,65454,0.14
December 31 2018,Lewis,WA,Truck,0,0,0,26495,26495,0.00
December 31 2018,Pima,AZ,Passenger,0,1,1,371,372,0.27
August 31 2018,Kootenai,ID,Passenger,0,1,1,203,204,0.49
August 31 2018,Grays Harbor,WA,Passenger,65,70,135,47957,48092,0.28
January 31 2019,Brevard,FL,Passenger,0,1,1,79,80,1.25
December 31 2018,Lincoln,WA,Truck,0,0,0,4780,4780,0.00
December 31 2018,Polk,FL,Passenger,1,0,1,64,65,1.54
August 31 2018,Guilford,NC,Passenger,1,0,1,26,27,3.70
January 31 2019,Bryan,GA,Passenger,1,0,1,59,60,1.67
December 31 2018,Prince William,VA,Passenger,0,4,4,253,257,1.56
April 30 2018,Cowlitz,WA,Passenger,66,83,149,72891,73040,0.20
August 31 2018,Gwinnett,GA,Passenger,0,1,1,83,84,1.19
December 31 2018,Maricopa,AZ,Passenger,3,2,5,1362,1367,0.37
December 31 2018,Marion,OR,Passenger,1,0,1,102,103,0.97
November 30 2018,Chelan,WA,Truck,0,0,0,22747,22747,0.00
December 31 2018,Saint Clair,IL,Passenger,0,1,1,164,165,0.61
January 31 2019,Chelan,WA,Truck,0,0,0,22774,22774,0.00
December 31 2018,San Francisco,CA,Passenger,2,1,3,109,112,2.68
August 31 2018,Hennepin,MN,Passenger,1,0,1,105,106,0.94
December 31 2018,Sangamon,IL,Passenger,1,0,1,8,9,11.11
January 31 2019,Clackamas,OR,Passenger,0,1,1,197,198,0.51
November 30 2018,Cochise,AZ,Passenger,0,1,1,125,126,0.79
December 31 2018,Montgomery,PA,Passenger,2,0,2,24,26,7.69
January 31 2019,Cochise,AZ,Passenger,0,1,1,124,125,0.80
December 31 2018,Skamania,WA,Truck,0,0,0,4191,4191,0.00
August 31 2018,Maui,HI,Passenger,1,0,1,54,55,1.82
November 30 2018,Columbia,WA,Truck,0,0,0,1588,1588,0.00
December 31 2018,Nassau,NY,Passenger,2,0,2,30,32,6.25
December 31 2018,Spokane,WA,Passenger,477,403,880,314289,315169,0.28
December 31 2018,New Castle,DE,Passenger,1,0,1,24,25,4.00
December 31 2018,Spokane,WA,Truck,1,0,1,97086,97087,0.00
August 31 2018,Jefferson,WA,Truck,0,0,0,9863,9863,0.00
April 30 2018,Fairfax City,VA,Passenger,1,0,1,9,10,10.00
August 31 2018,Juneau,AK,Passenger,0,1,1,39,40,2.50
January 31 2019,Denver,CO,Passenger,1,0,1,122,123,0.81
December 31 2018,Pend Oreille,WA,Truck,0,0,0,5994,5994,0.00
November 30 2018,Denver,CO,Passenger,1,0,1,124,125,0.80
January 31 2019,Deschutes,OR,Passenger,2,0,2,145,147,1.36
December 31 2018,Tarrant,TX,Passenger,1,0,1,187,188,0.53
November 30 2018,Deschutes,OR,Passenger,2,0,2,146,148,1.35
August 31 2018,Klickitat,WA,Truck,0,0,0,8436,8436,0.00
December 31 2018,Thurston,WA,Passenger,829,608,1437,198907,200344,0.72
March 31 2018,Yakima,WA,Truck,0,0,0,60701,60701,0.00
April 30 2018,Glacier,MT,Passenger,0,1,1,4,5,20.00
April 30 2018,NULL,NULL,Passenger,8,2,10,2275,2285,0.44
April 30 2018,Grant,WA,Passenger,34,46,80,64752,64832,0.12
November 30 2018,El Paso,CO,Passenger,2,1,3,751,754,0.40
December 31 2018,Ventura,CA,Passenger,0,2,2,321,323,0.62
August 31 2018,Palm Beach,FL,Passenger,0,1,1,75,76,1.32
April 30 2018,Grays Harbor,WA,Passenger,57,59,116,47336,47452,0.24
December 31 2018,Walla Walla,WA,Truck,0,0,0,13997,13997,0.00
January 31 2019,Garfield,WA,Truck,0,0,0,992,992,0.00
April 30 2018,Anne Arundel,MD,Passenger,0,3,3,467,470,0.64
November 30 2018,Franklin,WA,Passenger,46,66,112,60222,60334,0.19
January 31 2019,Goochland,VA,Passenger,0,1,1,187,188,0.53
November 30 2018,Fresno,CA,Passenger,1,0,1,184,185,0.54
April 30 2018,Asotin,WA,Passenger,8,6,14,12907,12921,0.11
December 31 2018,Whatcom,WA,Truck,2,0,2,43852,43854,0.00
April 30 2018,Hamilton,TN,Passenger,1,0,1,19,20,5.00
January 31 2019,NULL,NULL,Passenger,9,6,15,2155,2170,0.69
April 30 2018,Hardin,KY,Passenger,0,1,1,120,121,0.83
January 31 2019,NULL,WA,Passenger,0,0,0,2,2,0.00
January 31 2019,Adams,WA,Truck,0,0,0,5385,5385,0.00
December 31 2018,Wahkiakum,WA,Truck,0,0,0,1771,1771,0.00
January 31 2019,Alexandria City,VA,Passenger,4,0,4,162,166,2.41
August 31 2018,Montgomery,MD,Passenger,1,3,4,288,292,1.37
December 31 2018,Walla Walla,WA,Passenger,42,53,95,36813,36908,0.26
January 31 2019,Kern,CA,Passenger,0,1,1,239,240,0.42
December 31 2018,Washtenaw,MI,Passenger,1,0,1,33,34,2.94
January 31 2019,Kitsap,WA,Passenger,1059,578,1637,183177,184814,0.89
November 30 2018,King,WA,Truck,7,1,8,187784,187792,0.00
August 31 2018,Skagit,WA,Passenger,256,184,440,92718,93158,0.47
January 31 2019,Lewis,WA,Passenger,102,89,191,59640,59831,0.32
April 30 2018,King,WA,Passenger,12737,5584,18321,1390898,1409219,1.30
August 31 2018,Snohomish,WA,Passenger,2625,1406,4031,532720,536751,0.75
January 31 2019,Lincoln,WA,Passenger,4,6,10,7984,7994,0.13
January 31 2019,Adams,WA,Passenger,5,6,11,13136,13147,0.08
August 31 2018,Snohomish,WA,Truck,1,0,1,125605,125606,0.00
April 30 2018,Klickitat,WA,Truck,0,0,0,8369,8369,0.00
January 31 2019,Albemarle,VA,Passenger,1,0,1,28,29,3.45
January 31 2019,Lumpkin,GA,Passenger,1,0,1,8,9,11.11
August 31 2018,Stevens,WA,Passenger,14,28,42,32637,32679,0.13
August 31 2018,Stevens,WA,Truck,0,0,0,19491,19491,0.00
January 31 2019,Manassas City,VA,Passenger,0,1,1,9,10,10.00
November 30 2018,Lewis,WA,Passenger,96,78,174,59487,59661,0.29
January 31 2019,Columbia,GA,Passenger,1,1,2,157,159,1.26
November 30 2018,Lewis,WA,Truck,0,0,0,26491,26491,0.00
April 30 2018,Larimer,CO,Passenger,0,1,1,54,55,1.82
January 31 2019,Contra Costa,CA,Passenger,1,0,1,207,208,0.48
January 31 2019,Mason,WA,Truck,0,0,0,20891,20891,0.00
August 31 2018,Sumter,FL,Passenger,0,1,1,9,10,10.00
January 31 2019,Benton,WA,Passenger,248,252,500,135763,136263,0.37
April 30 2018,Lewis,WA,Passenger,84,61,145,58713,58858,0.25
April 30 2018,Lincoln,WA,Passenger,4,7,11,7862,7873,0.14
August 31 2018,Travis,TX,Passenger,0,1,1,178,179,0.56
November 30 2018,Manassas City,VA,Passenger,0,1,1,9,10,10.00
November 30 2018,Manatee,FL,Passenger,1,0,1,33,34,2.94
January 31 2019,Bucks,PA,Passenger,1,0,1,18,19,5.26
January 31 2019,Okanogan,WA,Passenger,3,7,10,6280,6290,0.16
August 31 2018,San Francisco,CA,Passenger,1,1,2,116,118,1.69
January 31 2019,Oldham,KY,Passenger,0,1,1,4,5,20.00
August 31 2018,Virginia Beach City,VA,Passenger,1,1,2,675,677,0.30
January 31 2019,El Paso,CO,Passenger,2,1,3,748,751,0.40
January 31 2019,Orange,CA,Passenger,4,2,6,554,560,1.07
April 30 2018,Mason,WA,Truck,0,0,0,20531,20531,0.00
August 31 2018,Washington,OR,Passenger,0,1,1,443,444,0.23
August 31 2018,Santa Fe,NM,Passenger,0,1,1,42,43,2.33
November 30 2018,Montgomery,PA,Passenger,2,0,2,24,26,7.69
November 30 2018,Montgomery,TX,Passenger,1,0,1,52,53,1.89
January 31 2019,Frederick,MD,Passenger,0,1,1,86,87,1.15
April 30 2018,El Paso,CO,Passenger,2,0,2,759,761,0.26
November 30 2018,Multnomah,OR,Passenger,3,5,8,748,756,1.06
January 31 2019,Pierce,WA,Passenger,1805,1522,3327,550457,553784,0.60
January 31 2019,Clallam,WA,Passenger,161,135,296,51336,51632,0.57
January 31 2019,Garfield,OK,Passenger,1,0,1,14,15,6.67
November 30 2018,Okanogan,WA,Passenger,2,6,8,6342,6350,0.13
January 31 2019,Clark,NV,Passenger,2,1,3,674,677,0.44
November 30 2018,Oldham,KY,Passenger,0,1,1,4,5,20.00
January 31 2019,Columbia,WA,Truck,0,0,0,1602,1602,0.00
September 30 2018,NULL,WA,Passenger,0,0,0,1,1,0.00
August 31 2018,Spokane,WA,Passenger,393,369,762,311426,312188,0.24
January 31 2019,Guilford,NC,Passenger,1,0,1,24,25,4.00
September 30 2018,Alexandria City,VA,Passenger,2,0,2,162,164,1.22
November 30 2018,Pierce,WA,Passenger,1685,1435,3120,548947,552067,0.57
January 31 2019,Riley,KS,Passenger,1,0,1,73,74,1.35
January 31 2019,Harris,TX,Passenger,0,1,1,231,232,0.43
November 30 2018,Pierce,WA,Truck,0,0,0,143309,143309,0.00
January 31 2019,Dakota,MN,Passenger,0,1,1,30,31,3.23
January 31 2019,Dale,AL,Passenger,0,1,1,64,65,1.54
April 30 2018,Garfield,OK,Passenger,1,0,1,20,21,4.76
January 31 2019,Dekalb,IN,Passenger,1,0,1,1,2,50.00
April 30 2018,Oklahoma,OK,Passenger,0,1,1,122,123,0.81
January 31 2019,Honolulu,HI,Passenger,2,1,3,489,492,0.61
September 30 2018,Benton,WA,Passenger,203,219,422,134956,135378,0.31
April 30 2018,Orange,CA,Passenger,3,1,4,589,593,0.67
January 31 2019,Santa Rosa,FL,Passenger,1,0,1,82,83,1.20
November 30 2018,Riverside,CA,Passenger,0,2,2,673,675,0.30
August 31 2018,Utah,UT,Passenger,0,1,1,132,133,0.75
September 30 2018,Brevard,FL,Passenger,0,1,1,83,84,1.19
November 30 2018,Saint Clair,IL,Passenger,0,1,1,165,166,0.60
April 30 2018,Pend Oreille,WA,Passenger,5,5,10,9884,9894,0.10
April 30 2018,Guilford,NC,Passenger,1,0,1,30,31,3.23
August 31 2018,Ventura,CA,Passenger,0,2,2,316,318,0.63
November 30 2018,Saint Marys,MD,Passenger,1,0,1,206,207,0.48
April 30 2018,Honolulu,HI,Passenger,3,1,4,523,527,0.76
November 30 2018,San Juan,WA,Passenger,178,70,248,14548,14796,1.68
January 31 2019,Thurston,WA,Truck,0,0,0,56358,56358,0.00
November 30 2018,Santa Clara,CA,Passenger,8,1,9,358,367,2.45
August 31 2018,Whitman,WA,Passenger,21,31,52,23163,23215,0.22
January 31 2019,Howard,MD,Passenger,0,1,1,97,98,1.02
January 31 2019,Liberty,GA,Passenger,1,0,1,154,155,0.65
January 31 2019,Jefferson,CO,Passenger,0,2,2,63,65,3.08
September 30 2018,Clallam,WA,Passenger,136,128,264,51059,51323,0.51
August 31 2018,Yakima,WA,Truck,0,0,0,61021,61021,0.00
April 30 2018,Riley,KS,Passenger,1,0,1,88,89,1.12
November 30 2018,Thurston,WA,Truck,0,0,0,56334,56334,0.00
September 30 2018,NULL,NULL,Passenger,6,5,11,2213,2224,0.49
January 31 2019,Marion,IN,Passenger,1,0,1,117,118,0.85
January 31 2019,Mason,WA,Passenger,132,117,249,47712,47961,0.52
September 30 2018,Adams,WA,Passenger,5,5,10,13074,13084,0.08
November 30 2018,Tulsa,OK,Passenger,0,1,1,41,42,2.38
September 30 2018,Anne Arundel,MD,Passenger,0,2,2,461,463,0.43
November 30 2018,Volusia,FL,Passenger,0,1,1,31,32,3.12
September 30 2018,Dakota,MN,Passenger,0,1,1,30,31,3.23
January 31 2019,Miami-Dade,FL,Passenger,0,1,1,111,112,0.89
April 30 2018,Santa Rosa,FL,Passenger,1,0,1,94,95,1.05
September 30 2018,Asotin,WA,Passenger,12,9,21,12961,12982,0.16
February 28 2019,Beaufort,SC,Passenger,1,0,1,33,34,2.94
January 31 2019,Montgomery,AL,Passenger,0,1,1,44,45,2.22
January 31 2019,Marion,OR,Passenger,1,0,1,103,104,0.96
December 31 2018,NULL,WA,Truck,0,0,0,3,3,0.00
April 30 2018,Lewis,WA,Truck,0,0,0,26241,26241,0.00
December 31 2018,Albemarle,VA,Passenger,1,0,1,29,30,3.33
February 28 2019,Bucks,PA,Passenger,1,0,1,19,20,5.00
January 31 2019,Norfolk City,VA,Passenger,3,2,5,357,362,1.38
January 31 2019,Multnomah,OR,Passenger,3,5,8,751,759,1.05
September 30 2018,Fairfax City,VA,Passenger,1,0,1,9,10,10.00
December 31 2018,Asotin,WA,Truck,0,0,0,6861,6861,0.00
February 28 2019,Camden,GA,Passenger,0,1,1,161,162,0.62
January 31 2019,Nassau,NY,Passenger,2,0,2,30,32,6.25
January 31 2019,Okanogan,WA,Truck,0,0,0,4253,4253,0.00
December 31 2018,Broward,FL,Passenger,1,1,2,125,127,1.57
September 30 2018,Glacier,MT,Passenger,0,1,1,4,5,20.00
January 31 2019,Pinal,AZ,Passenger,2,0,2,173,175,1.14
December 31 2018,Caddo,LA,Passenger,1,1,2,20,22,9.09
February 28 2019,Columbia,GA,Passenger,1,1,2,156,158,1.27
January 31 2019,Pierce,WA,Truck,0,0,0,143496,143496,0.00
September 30 2018,Guilford,NC,Passenger,1,0,1,25,26,3.85
April 30 2018,Ventura,CA,Passenger,0,1,1,324,325,0.31
February 28 2019,Columbia,WA,Passenger,2,2,4,2487,2491,0.16
December 31 2018,Carson City,NV,Passenger,1,0,1,12,13,7.69
April 30 2018,Wahkiakum,WA,Passenger,2,3,5,2942,2947,0.17
January 31 2019,Riverside,CA,Passenger,0,2,2,656,658,0.30
February 28 2019,Dekalb,IN,Passenger,1,0,1,1,2,50.00
February 28 2019,District Of Columbia,DC,Passenger,1,2,3,212,215,1.40
April 30 2018,Nueces,TX,Passenger,1,1,2,105,107,1.87
January 31 2019,Saint Marys,MD,Passenger,1,0,1,200,201,0.50
January 31 2019,Saint Lucie,FL,Passenger,1,0,1,24,25,4.00
April 30 2018,Okanogan,WA,Truck,0,0,0,4341,4341,0.00
January 31 2019,San Diego,CA,Passenger,7,4,11,2641,2652,0.41
January 31 2019,San Juan,WA,Truck,0,0,0,5995,5995,0.00
February 28 2019,Douglas,NE,Passenger,0,1,1,65,66,1.52
December 31 2018,Cook,IL,Passenger,1,0,1,236,237,0.42
January 31 2019,Santa Clara,CA,Passenger,8,1,9,351,360,2.50
September 30 2018,Douglas,WA,Passenger,49,32,81,28429,28510,0.28
February 28 2019,Ferry,WA,Passenger,3,2,5,4571,4576,0.11
January 31 2019,Shelby,TN,Passenger,0,1,1,102,103,0.97
December 31 2018,Cumberland,NC,Passenger,0,1,1,545,546,0.18
September 30 2018,Jefferson,CO,Passenger,0,1,1,65,66,1.52
September 30 2018,Fairfax,VA,Passenger,1,3,4,793,797,0.50
January 31 2019,Spartanburg,SC,Passenger,0,1,1,27,28,3.57
May 31 2018,Alexandria City,VA,Passenger,2,0,2,167,169,1.18
September 30 2018,Flathead,MT,Passenger,1,0,1,47,48,2.08
February 28 2019,Grays Harbor,WA,Truck,0,0,0,20914,20914,0.00
February 28 2019,Guadalupe,TX,Passenger,2,0,2,67,69,2.90
January 31 2019,Tulsa,OK,Passenger,0,1,1,43,44,2.27
September 30 2018,Franklin,WA,Passenger,45,67,112,59778,59890,0.19
January 31 2019,Volusia,FL,Passenger,0,1,1,32,33,3.03
January 31 2019,Williamson,TX,Passenger,1,0,1,125,126,0.79
December 31 2018,Garfield,WA,Passenger,1,1,2,1359,1361,0.15
December 31 2018,Glacier,MT,Passenger,0,1,1,3,4,25.00
February 28 2019,Adams,WA,Truck,0,0,0,5355,5355,0.00
September 30 2018,Gwinnett,GA,Passenger,0,1,1,85,86,1.16
December 31 2018,Guilford,NC,Passenger,1,0,1,24,25,4.00
May 31 2018,Brevard,FL,Passenger,0,1,1,89,90,1.11
April 30 2018,San Juan,WA,Passenger,145,56,201,14331,14532,1.38
September 30 2018,Mason,WA,Passenger,116,101,217,47202,47419,0.46
February 28 2019,Allegheny,PA,Passenger,1,0,1,76,77,1.30
September 30 2018,Mason,WA,Truck,0,0,0,20771,20771,0.00
April 30 2018,San Mateo,CA,Passenger,1,1,2,135,137,1.46
February 28 2019,Arlington,VA,Passenger,1,2,3,154,157,1.91
September 30 2018,Honolulu,HI,Passenger,2,1,3,502,505,0.59
April 30 2018,Santa Fe,NM,Passenger,0,1,1,39,40,2.50
February 28 2019,Kittitas,WA,Passenger,77,37,114,30190,30304,0.38
September 30 2018,Miami-Dade,FL,Passenger,0,1,1,109,110,0.91
February 28 2019,Klamath,OR,Passenger,1,0,1,25,26,3.85
September 30 2018,Island,WA,Passenger,241,217,458,64033,64491,0.71
February 28 2019,Clark,NV,Passenger,2,1,3,664,667,0.45
February 28 2019,Maricopa,AZ,Passenger,5,2,7,1351,1358,0.52
February 28 2019,Marion,IN,Passenger,1,0,1,113,114,0.88
May 31 2018,Columbia,WA,Passenger,2,1,3,2463,2466,0.12
September 30 2018,King,WA,Truck,8,1,9,187846,187855,0.00
February 28 2019,Columbia,WA,Truck,0,0,0,1597,1597,0.00
February 28 2019,Maui,HI,Passenger,1,0,1,49,50,2.00
September 30 2018,Kitsap,WA,Truck,1,0,1,54943,54944,0.00
December 31 2018,Mason,WA,Passenger,130,112,242,47517,47759,0.51
September 30 2018,Norfolk City,VA,Passenger,3,2,5,351,356,1.40
April 30 2018,Thurston,WA,Truck,0,0,0,55669,55669,0.00
February 28 2019,Dale,AL,Passenger,0,1,1,65,66,1.52
September 30 2018,Orange,CA,Passenger,3,1,4,567,571,0.70
February 28 2019,Cochise,AZ,Passenger,0,1,1,123,124,0.81
December 31 2018,Miami-Dade,FL,Passenger,0,1,1,111,112,0.89
April 30 2018,Tulsa,OK,Passenger,0,1,1,43,44,2.27
February 28 2019,Muscogee,GA,Passenger,0,1,1,191,192,0.52
February 28 2019,Deschutes,OR,Passenger,2,0,2,144,146,1.37
December 31 2018,Montgomery,AL,Passenger,0,1,1,45,46,2.17
April 30 2018,Utah,UT,Passenger,0,1,1,132,133,0.75
February 28 2019,New Castle,DE,Passenger,1,0,1,23,24,4.17
December 31 2018,Moore,NC,Passenger,0,1,1,198,199,0.50
February 28 2019,Norfolk City,VA,Passenger,3,2,5,361,366,1.37
February 28 2019,Douglas,OR,Passenger,1,0,1,49,50,2.00
May 31 2018,Douglas,OR,Passenger,1,0,1,52,53,1.89
September 30 2018,Lewis,WA,Truck,0,0,0,26428,26428,0.00
February 28 2019,Dekalb,GA,Passenger,1,0,1,75,76,1.32
May 31 2018,Dupage,IL,Passenger,1,0,1,62,63,1.59
September 30 2018,Lincoln,WA,Truck,0,0,0,4737,4737,0.00
September 30 2018,Pend Oreille,WA,Passenger,6,5,11,9937,9948,0.11
February 28 2019,El Paso,CO,Passenger,2,2,4,744,748,0.53
February 28 2019,Pacific,WA,Passenger,34,28,62,16145,16207,0.38
February 28 2019,Pend Oreille,WA,Truck,0,0,0,5998,5998,0.00
December 31 2018,Pend Oreille,WA,Passenger,6,5,11,9880,9891,0.11
February 28 2019,Hennepin,MN,Passenger,2,0,2,100,102,1.96
September 30 2018,Manatee,FL,Passenger,1,0,1,33,34,2.94
April 30 2018,Yakima,WA,Passenger,75,91,166,167944,168110,0.10
February 28 2019,Frederick,MD,Passenger,1,1,2,86,88,2.27
September 30 2018,Marion,OR,Passenger,1,0,1,107,108,0.93
May 31 2018,NULL,CA,Passenger,1,1,2,308,310,0.65
February 28 2019,Jefferson,WA,Truck,0,0,0,9857,9857,0.00
May 31 2018,NULL,WA,Truck,0,0,0,3,3,0.00
May 31 2018,Guilford,NC,Passenger,1,0,1,29,30,3.33
February 28 2019,San Diego,CA,Passenger,6,4,10,2679,2689,0.37
September 30 2018,Santa Rosa,FL,Passenger,1,0,1,84,85,1.18
September 30 2018,Montgomery,PA,Passenger,2,0,2,25,27,7.41
May 31 2018,Gwinnett,GA,Passenger,0,1,1,83,84,1.19
February 28 2019,San Juan,WA,Truck,0,0,0,5993,5993,0.00
February 28 2019,Hidalgo,TX,Passenger,0,1,1,90,91,1.10
May 31 2018,Allegheny,PA,Passenger,1,0,1,70,71,1.41
December 31 2018,Santa Fe,NM,Passenger,0,1,1,37,38,2.63
February 28 2019,Shelby,TN,Passenger,0,1,1,102,103,0.97
September 30 2018,Nassau,NY,Passenger,2,0,2,33,35,5.71
February 28 2019,Skagit,WA,Passenger,312,202,514,93119,93633,0.55
February 28 2019,Jackson,OK,Passenger,1,0,1,41,42,2.38
February 28 2019,Jefferson,WA,Passenger,191,122,313,25307,25620,1.22
May 31 2018,Beaufort,SC,Passenger,1,0,1,35,36,2.78
September 30 2018,Okanogan,WA,Truck,0,0,0,4287,4287,0.00
February 28 2019,Virginia Beach City,VA,Passenger,0,1,1,680,681,0.15
February 28 2019,Kent,DE,Passenger,0,1,1,73,74,1.35
December 31 2018,Stevens,WA,Passenger,18,30,48,32702,32750,0.15
February 28 2019,Kittitas,WA,Truck,0,0,0,14776,14776,0.00
February 28 2019,Wahkiakum,WA,Truck,0,0,0,1773,1773,0.00
September 30 2018,Pierce,WA,Truck,0,0,0,142700,142700,0.00
December 31 2018,Tuolumne,CA,Passenger,0,1,1,12,13,7.69
February 28 2019,Kootenai,ID,Passenger,1,1,2,191,193,1.04
May 31 2018,Benton,WA,Truck,0,0,0,42313,42313,0.00
February 28 2019,Washtenaw,MI,Passenger,1,0,1,31,32,3.12
May 31 2018,Jefferson,WA,Truck,0,0,0,9815,9815,0.00
February 28 2019,Manassas City,VA,Passenger,0,1,1,9,10,10.00
May 31 2018,Juneau,AK,Passenger,0,1,1,41,42,2.38
March 31 2019,Adams,WA,Passenger,4,6,10,13038,13048,0.08
December 31 2018,Yakima,WA,Truck,0,0,0,61279,61279,0.00
May 31 2018,Camden,GA,Passenger,0,1,1,169,170,0.59
February 28 2019,Liberty,GA,Passenger,1,0,1,148,149,0.67
February 28 2019,Montgomery,MD,Passenger,1,3,4,280,284,1.41
February 28 2019,Multnomah,OR,Passenger,4,5,9,744,753,1.20
September 30 2018,Saint Marys,MD,Passenger,1,0,1,207,208,0.48
September 30 2018,Santa Clara,CA,Passenger,8,0,8,365,373,2.14
February 28 2019,Los Angeles,CA,Passenger,7,4,11,1067,1078,1.02
October 31 2018,Allegheny,PA,Passenger,1,0,1,76,77,1.30
February 28 2019,Okanogan,NULL,Passenger,17,14,31,20563,20594,0.15
March 31 2019,Calvert,MD,Passenger,0,1,1,93,94,1.06
January 31 2019,Beaufort,SC,Passenger,1,0,1,33,34,2.94
May 31 2018,Charles,MD,Passenger,0,1,1,85,86,1.16
February 28 2019,Okanogan,WA,Passenger,3,7,10,6244,6254,0.16
February 28 2019,Oldham,KY,Passenger,0,1,1,4,5,20.00
March 31 2019,Clallam,WA,Passenger,165,136,301,51250,51551,0.58
January 31 2019,Camden,GA,Passenger,0,1,1,162,163,0.61
March 31 2019,Columbia,WA,Truck,0,0,0,1597,1597,0.00
May 31 2018,Clallam,WA,Truck,0,0,0,22013,22013,0.00
February 28 2019,Mason,WA,Passenger,134,121,255,47724,47979,0.53
March 31 2019,Contra Costa,CA,Passenger,1,0,1,208,209,0.48
February 28 2019,Pierce,WA,Passenger,1834,1530,3364,549725,553089,0.61
February 28 2019,Mecklenburg,NC,Passenger,1,0,1,80,81,1.23
March 31 2019,Dakota,MN,Passenger,0,1,1,31,32,3.12
September 30 2018,Tulsa,OK,Passenger,0,1,1,42,43,2.33
May 31 2018,Mason,WA,Truck,0,0,0,20587,20587,0.00
January 31 2019,Clark,WA,Passenger,1427,906,2333,317988,320321,0.73
February 28 2019,Ramsey,MN,Passenger,1,0,1,37,38,2.63
September 30 2018,Walla Walla,WA,Passenger,37,50,87,36643,36730,0.24
October 31 2018,Camden,GA,Passenger,0,1,1,159,160,0.62
February 28 2019,Riverside,CA,Passenger,0,2,2,642,644,0.31
January 31 2019,Columbia,WA,Passenger,2,2,4,2485,2489,0.16
March 31 2019,Douglas,WA,Passenger,54,34,88,28512,28600,0.31
February 28 2019,Saint Lucie,FL,Passenger,1,0,1,24,25,4.00
March 31 2019,Duval,FL,Passenger,1,1,2,371,373,0.54
September 30 2018,Whitman,WA,Passenger,21,34,55,23166,23221,0.24
February 28 2019,Ozaukee,WI,Passenger,0,1,1,3,4,25.00
May 31 2018,District Of Columbia,DC,Passenger,0,4,4,200,204,1.96
February 28 2019,Palm Beach,FL,Passenger,0,1,1,79,80,1.25
March 31 2019,Flathead,MT,Passenger,1,0,1,51,52,1.92
May 31 2018,Montgomery,MD,Passenger,1,3,4,291,295,1.36
February 28 2019,Santa Cruz,CA,Passenger,1,0,1,37,38,2.63
February 28 2019,Pinal,AZ,Passenger,2,0,2,171,173,1.16
January 31 2019,Douglas,NE,Passenger,0,1,1,66,67,1.49
March 31 2019,Franklin,WA,Passenger,60,71,131,60683,60814,0.22
January 31 2019,Douglas,OR,Passenger,1,0,1,48,49,2.04
May 31 2018,Muscogee,GA,Passenger,0,1,1,202,203,0.49
October 31 2018,Ada,ID,Passenger,0,2,2,295,297,0.67
May 31 2018,Fairfax City,VA,Passenger,1,0,1,9,10,10.00
February 28 2019,Skagit,WA,Truck,1,0,1,33284,33285,0.00
October 31 2018,Columbia,WA,Passenger,2,2,4,2490,2494,0.16
October 31 2018,Alameda,CA,Passenger,0,2,2,323,325,0.62
October 31 2018,Albemarle,VA,Passenger,1,0,1,30,31,3.23
May 31 2018,Norfolk City,VA,Passenger,2,2,4,345,349,1.15
February 28 2019,Twin Falls,ID,Passenger,0,1,1,17,18,5.56
October 31 2018,Dekalb,GA,Passenger,1,0,1,74,75,1.33
March 31 2019,Howard,MD,Passenger,0,1,1,92,93,1.08
May 31 2018,Orange,CA,Passenger,3,1,4,583,587,0.68
January 31 2019,Guadalupe,TX,Passenger,2,0,2,67,69,2.90
March 31 2019,Jefferson,CO,Passenger,0,2,2,60,62,3.23
May 31 2018,Glacier,MT,Passenger,0,1,1,4,5,20.00
May 31 2018,Pacific,WA,Passenger,27,20,47,15842,15889,0.30
October 31 2018,Douglas,NE,Passenger,0,1,1,67,68,1.47
October 31 2018,Bexar,TX,Passenger,3,4,7,707,714,0.98
February 28 2019,Volusia,FL,Passenger,0,1,1,32,33,3.03
October 31 2018,Douglas,OR,Passenger,1,0,1,46,47,2.13
February 28 2019,Snohomish,WA,Truck,1,0,1,125868,125869,0.00
October 31 2018,Dupage,IL,Passenger,1,0,1,53,54,1.85
October 31 2018,Broward,FL,Passenger,1,1,2,131,133,1.50
March 31 2019,King,WA,Truck,7,1,8,186804,186812,0.00
February 28 2019,Stevens,WA,Truck,0,0,0,19540,19540,0.00
May 31 2018,Pierce,WA,Passenger,1397,1217,2614,541258,543872,0.48
February 28 2019,Sumter,FL,Passenger,0,1,1,9,10,10.00
January 31 2019,Jefferson,WA,Passenger,188,121,309,25294,25603,1.21
March 31 2019,Kitsap,WA,Truck,1,0,1,55103,55104,0.00
January 31 2019,King,WA,Passenger,17646,6964,24610,1401597,1426207,1.73
January 31 2019,Kittitas,WA,Passenger,73,36,109,30206,30315,0.36
February 28 2019,Travis,TX,Passenger,1,1,2,180,182,1.10
March 31 2019,Lewis,WA,Truck,0,0,0,26592,26592,0.00
January 31 2019,Klamath,OR,Passenger,1,0,1,25,26,3.85
January 31 2019,Klickitat,WA,Passenger,33,33,66,15854,15920,0.41
May 31 2018,Jefferson,NY,Passenger,1,0,1,249,250,0.40
March 31 2019,Anne Arundel,MD,Passenger,0,3,3,453,456,0.66
October 31 2018,Guadalupe,TX,Passenger,1,0,1,70,71,1.41
March 31 2019,Asotin,WA,Passenger,13,10,23,12956,12979,0.18
March 31 2019,Asotin,WA,Truck,0,0,0,6863,6863,0.00
May 31 2018,Kent,DE,Passenger,0,1,1,74,75,1.33
February 28 2019,Washington,OR,Passenger,0,1,1,432,433,0.23
March 31 2019,Marion,OR,Passenger,1,0,1,101,102,0.98
May 31 2018,Santa Rosa,FL,Passenger,1,0,1,92,93,1.08
October 31 2018,Clark,NV,Passenger,2,1,3,688,691,0.43
October 31 2018,Gwinnett,GA,Passenger,0,1,1,80,81,1.23
February 28 2019,Washoe,NV,Passenger,2,0,2,93,95,2.11
May 31 2018,Saratoga,NY,Passenger,0,1,1,62,63,1.59
May 31 2018,Kittitas,WA,Passenger,48,31,79,29658,29737,0.27
May 31 2018,Kittitas,WA,Truck,0,0,0,14544,14544,0.00
May 31 2018,Klamath,OR,Passenger,1,0,1,25,26,3.85
March 31 2019,Broward,FL,Passenger,1,1,2,122,124,1.61
October 31 2018,Hennepin,MN,Passenger,2,0,2,105,107,1.87
March 31 2019,Montgomery,PA,Passenger,2,0,2,25,27,7.41
October 31 2018,Cowlitz,WA,Truck,0,0,0,29507,29507,0.00
March 31 2019,NULL,CA,Passenger,1,2,3,253,256,1.17
May 31 2018,Kootenai,ID,Passenger,0,1,1,206,207,0.48
January 31 2019,Mecklenburg,NC,Passenger,1,0,1,80,81,1.23
March 31 2019,Allegheny,PA,Passenger,1,0,1,77,78,1.28
March 31 2019,Montgomery,TX,Passenger,1,0,1,51,52,1.92
March 31 2019,Caddo,LA,Passenger,1,1,2,22,24,8.33
March 31 2019,Multnomah,OR,Passenger,4,5,9,728,737,1.22
March 31 2019,Nassau,NY,Passenger,2,0,2,33,35,5.71
October 31 2018,Dale,AL,Passenger,0,1,1,66,67,1.49
March 31 2019,Cascade,MT,Passenger,0,1,1,56,57,1.75
January 31 2019,Muscogee,GA,Passenger,0,1,1,195,196,0.51
October 31 2018,Dekalb,IN,Passenger,1,0,1,1,2,50.00
March 31 2019,Chaves,NM,Passenger,1,0,1,7,8,12.50
January 31 2019,Okanogan,NULL,Passenger,16,14,30,20607,20637,0.15
October 31 2018,Jackson,OK,Passenger,1,0,1,44,45,2.22
May 31 2018,Twin Falls,ID,Passenger,0,1,1,23,24,4.17
March 31 2019,Cook,IL,Passenger,1,0,1,229,230,0.43
May 31 2018,Maui,HI,Passenger,1,0,1,60,61,1.64
October 31 2018,District Of Columbia,DC,Passenger,0,4,4,205,209,1.91
January 31 2019,Pacific,WA,Passenger,34,27,61,16164,16225,0.38
March 31 2019,Pierce,WA,Truck,0,0,0,143380,143380,0.00
October 31 2018,Jefferson,WA,Passenger,174,107,281,25226,25507,1.10
January 31 2019,Pend Oreille,WA,Truck,0,0,0,6000,6000,0.00
October 31 2018,Jefferson,WA,Truck,0,0,0,9848,9848,0.00
May 31 2018,Virginia Beach City,VA,Passenger,1,1,2,665,667,0.30
March 31 2019,Bryan,GA,Passenger,1,0,1,58,59,1.69
October 31 2018,El Paso,TX,Passenger,1,0,1,515,516,0.19
October 31 2018,Juneau,AK,Passenger,0,1,1,38,39,2.56
January 31 2019,Prince William,VA,Passenger,0,4,4,255,259,1.54
October 31 2018,Kent,DE,Passenger,0,1,1,74,75,1.33
March 31 2019,Ferry,WA,Passenger,3,2,5,4557,4562,0.11
March 31 2019,Riverside,CA,Passenger,0,1,1,641,642,0.16
March 31 2019,Ferry,WA,Truck,0,0,0,3779,3779,0.00
January 31 2019,Ramsey,MN,Passenger,1,0,1,37,38,2.63
March 31 2019,Carson City,NV,Passenger,1,0,1,10,11,9.09
October 31 2018,Kitsap,WA,Truck,1,0,1,54998,54999,0.00
March 31 2019,Franklin,WA,Truck,0,0,0,19807,19807,0.00
March 31 2019,Saint Clair,IL,Passenger,0,1,1,162,163,0.61
May 31 2018,Northampton,PA,Passenger,0,1,1,67,68,1.47
January 31 2019,Russell,AL,Passenger,1,0,1,45,46,2.17
October 31 2018,Fulton,GA,Passenger,1,2,3,95,98,3.06
October 31 2018,Klamath,OR,Passenger,1,0,1,24,25,4.00
March 31 2019,Saint Marys,MD,Passenger,1,0,1,198,199,0.50
March 31 2019,Gallatin,MT,Passenger,0,1,1,54,55,1.82
May 31 2018,Whitman,WA,Passenger,20,29,49,23089,23138,0.21
October 31 2018,Garfield,WA,Passenger,1,1,2,1365,1367,0.15
March 31 2019,Santa Clara,CA,Passenger,7,1,8,342,350,2.29
March 31 2019,Garfield,WA,Passenger,1,1,2,1340,1342,0.15
March 31 2019,Chelan,WA,Truck,0,0,0,22796,22796,0.00
October 31 2018,Kootenai,ID,Passenger,1,1,2,200,202,0.99
October 31 2018,Grant,WA,Truck,0,0,0,27123,27123,0.00
January 31 2019,Skagit,WA,Passenger,304,201,505,93220,93725,0.54
March 31 2019,Shasta,CA,Passenger,1,0,1,42,43,2.33
June 30 2018,Ada,ID,Passenger,0,2,2,307,309,0.65
October 31 2018,Grays Harbor,WA,Truck,0,0,0,20912,20912,0.00
January 31 2019,Skagit,WA,Truck,1,0,1,33308,33309,0.00
March 31 2019,Clackamas,OR,Passenger,0,1,1,188,189,0.53
June 30 2018,Alameda,CA,Passenger,0,1,1,338,339,0.29
January 31 2019,Skamania,WA,Truck,0,0,0,4190,4190,0.00
May 31 2018,Pacific,WA,Truck,0,0,0,7810,7810,0.00
January 31 2019,Snohomish,WA,Truck,1,0,1,125978,125979,0.00
May 31 2018,Palm Beach,FL,Passenger,0,1,1,73,74,1.35
June 30 2018,Anne Arundel,MD,Passenger,0,2,2,462,464,0.43
January 31 2019,Stevens,WA,Truck,0,0,0,19546,19546,0.00
June 30 2018,Asotin,WA,Passenger,9,6,15,12893,12908,0.12
March 31 2019,Tulsa,OK,Passenger,0,1,1,42,43,2.33
May 31 2018,Pend Oreille,WA,Passenger,5,5,10,9907,9917,0.10
January 31 2019,Tarrant,TX,Passenger,1,0,1,186,187,0.53
March 31 2019,Volusia,FL,Passenger,0,1,1,31,32,3.12
May 31 2018,Pend Oreille,WA,Truck,0,0,0,5965,5965,0.00
March 31 2019,Walla Walla,WA,Passenger,45,57,102,36823,36925,0.28
June 30 2018,Beaufort,SC,Passenger,1,0,1,35,36,2.78
January 31 2019,Twin Falls,ID,Passenger,0,1,1,17,18,5.56
October 31 2018,Los Angeles,CA,Passenger,8,4,12,1119,1131,1.06
March 31 2019,Cumberland,NC,Passenger,0,2,2,529,531,0.38
January 31 2019,Virginia Beach City,VA,Passenger,0,1,1,680,681,0.15
January 31 2019,Wahkiakum,WA,Truck,0,0,0,1762,1762,0.00
March 31 2019,Williamson,TX,Passenger,1,0,1,123,124,0.81
March 31 2019,Denver,CO,Passenger,1,0,1,123,124,0.81
October 31 2018,Maui,HI,Passenger,1,0,1,51,52,1.92
April 30 2019,NULL,WA,Passenger,0,0,0,2,2,0.00
May 31 2018,Sacramento,CA,Passenger,1,0,1,304,305,0.33
January 31 2019,Washington,OR,Passenger,0,1,1,436,437,0.23
October 31 2018,Mecklenburg,NC,Passenger,1,0,1,78,79,1.27
January 31 2019,Washoe,NV,Passenger,2,0,2,96,98,2.04
March 31 2019,Lumpkin,GA,Passenger,1,0,1,8,9,11.11
January 31 2019,Washtenaw,MI,Passenger,1,0,1,32,33,3.03
March 31 2019,Maricopa,AZ,Passenger,5,2,7,1341,1348,0.52
June 30 2018,Canyon,ID,Passenger,0,1,1,80,81,1.23
October 31 2018,Montgomery,MD,Passenger,1,3,4,286,290,1.38
April 30 2019,Benton,WA,Passenger,264,271,535,135883,136418,0.39
March 31 2019,Fresno,CA,Passenger,1,0,1,182,183,0.55
January 31 2019,Whatcom,WA,Truck,2,0,2,43935,43937,0.00
October 31 2018,Muscogee,GA,Passenger,0,1,1,197,198,0.51
March 31 2019,Garfield,WA,Truck,0,0,0,983,983,0.00
January 31 2019,Whitman,WA,Truck,0,0,0,8778,8778,0.00
March 31 2019,Goochland,VA,Passenger,1,1,2,187,189,1.06
October 31 2018,Okanogan,NULL,Passenger,14,16,30,20568,20598,0.15
April 30 2019,Cascade,MT,Passenger,0,1,1,59,60,1.67
March 31 2019,Grays Harbor,WA,Passenger,81,84,165,48520,48685,0.34
February 28 2019,Albemarle,VA,Passenger,1,0,1,28,29,3.45
April 30 2019,Chaves,NM,Passenger,1,0,1,7,8,12.50
May 31 2018,Skagit,WA,Passenger,234,180,414,92257,92671,0.45
February 28 2019,Alexandria City,VA,Passenger,4,0,4,159,163,2.45
October 31 2018,Pacific,WA,Passenger,31,24,55,16055,16110,0.34
May 31 2018,Skamania,WA,Passenger,14,9,23,8969,8992,0.26
March 31 2019,Monroe,IL,Passenger,1,0,1,3,4,25.00
March 31 2019,Monterey,CA,Passenger,0,1,1,209,210,0.48
October 31 2018,Palm Beach,FL,Passenger,0,1,1,79,80,1.25
April 30 2019,Clallam,WA,Passenger,170,139,309,51368,51677,0.60
February 28 2019,Asotin,WA,Truck,0,0,0,6872,6872,0.00
May 31 2018,Snohomish,WA,Passenger,2435,1315,3750,529530,533280,0.70
March 31 2019,Moore,NC,Passenger,0,1,1,184,185,0.54
March 31 2019,Hardin,KY,Passenger,0,1,1,105,106,0.94
May 31 2018,Stevens,WA,Passenger,13,27,40,32611,32651,0.12
March 31 2019,New Castle,DE,Passenger,1,0,1,24,25,4.00
June 30 2018,Cowlitz,WA,Truck,0,0,0,29317,29317,0.00
February 28 2019,Brevard,FL,Passenger,0,1,1,78,79,1.27
May 31 2018,Sumter,FL,Passenger,0,1,1,8,9,11.11
February 28 2019,Broward,FL,Passenger,1,1,2,122,124,1.61
March 31 2019,Nueces,TX,Passenger,1,1,2,95,97,2.06
February 28 2019,Bryan,GA,Passenger,1,0,1,59,60,1.67
June 30 2018,Douglas,WA,Passenger,44,30,74,28250,28324,0.26
October 31 2018,Ramsey,MN,Passenger,1,0,1,39,40,2.50
March 31 2019,Jefferson,WA,Passenger,190,127,317,25308,25625,1.24
May 31 2018,Travis,TX,Passenger,0,1,1,181,182,0.55
October 31 2018,Orange,FL,Passenger,2,1,3,166,169,1.78
April 30 2019,Duval,FL,Passenger,1,1,2,368,370,0.54
March 31 2019,Kent,DE,Passenger,0,1,1,74,75,1.33
May 31 2018,Wahkiakum,WA,Passenger,2,2,4,2956,2960,0.14
June 30 2018,Fairfax,VA,Passenger,0,3,3,819,822,0.36
March 31 2019,Kern,CA,Passenger,1,1,2,233,235,0.85
April 30 2019,Ferry,WA,Truck,0,0,0,3774,3774,0.00
March 31 2019,Kitsap,WA,Passenger,1075,591,1666,183049,184715,0.90
February 28 2019,Clackamas,OR,Passenger,0,1,1,195,196,0.51
March 31 2019,Kittitas,WA,Truck,0,0,0,14771,14771,0.00
June 30 2018,Ferry,WA,Passenger,3,3,6,4607,4613,0.13
March 31 2019,Klickitat,WA,Truck,0,0,0,8477,8477,0.00
May 31 2018,Washtenaw,MI,Passenger,1,0,1,36,37,2.70
October 31 2018,Santa Cruz,CA,Passenger,1,0,1,37,38,2.63
February 28 2019,Cook,IL,Passenger,1,0,1,226,227,0.44
March 31 2019,Larimer,CO,Passenger,0,1,1,45,46,2.17
June 30 2018,Franklin,WA,Passenger,48,68,116,59161,59277,0.20
March 31 2019,San Juan,WA,Passenger,202,72,274,14644,14918,1.84
May 31 2018,Whatcom,WA,Passenger,661,297,958,149890,150848,0.64
March 31 2019,San Mateo,CA,Passenger,2,1,3,127,130,2.31
October 31 2018,Skagit,WA,Passenger,274,196,470,92854,93324,0.50
March 31 2019,Lewis,WA,Passenger,102,95,197,59787,59984,0.33
October 31 2018,Skagit,WA,Truck,1,0,1,33288,33289,0.00
March 31 2019,Santa Barbara,CA,Passenger,1,0,1,96,97,1.03
October 31 2018,Snohomish,WA,Truck,1,0,1,125758,125759,0.00
March 31 2019,Santa Fe,NM,Passenger,0,1,1,35,36,2.78
October 31 2018,Saint Lucie,FL,Passenger,1,0,1,25,26,3.85
October 31 2018,Stevens,WA,Truck,0,0,0,19508,19508,0.00
June 30 2018,Grant,WA,Truck,0,0,0,26970,26970,0.00
October 31 2018,San Juan,WA,Truck,0,0,0,5990,5990,0.00
June 30 2018,Grays Harbor,WA,Truck,0,0,0,20854,20854,0.00
April 30 2019,Jefferson,CO,Passenger,0,2,2,62,64,3.12
February 28 2019,Garfield,WA,Passenger,1,1,2,1356,1358,0.15
October 31 2018,Sangamon,IL,Passenger,1,0,1,10,11,9.09
March 31 2019,Mecklenburg,NC,Passenger,1,0,1,80,81,1.23
February 28 2019,Garfield,WA,Truck,0,0,0,991,991,0.00
June 30 2018,Asotin,WA,Truck,0,0,0,6854,6854,0.00
April 30 2019,Kent,MI,Passenger,0,1,1,20,21,4.76
October 31 2018,Twin Falls,ID,Passenger,0,1,1,20,21,4.76
April 30 2019,Klickitat,WA,Passenger,37,34,71,15858,15929,0.45
February 28 2019,Goochland,VA,Passenger,1,1,2,185,187,1.07
October 31 2018,Virginia Beach City,VA,Passenger,1,1,2,678,680,0.29
October 31 2018,Snohomish,WA,Passenger,2790,1476,4266,535038,539304,0.79
June 30 2018,Island,WA,Passenger,212,198,410,63759,64169,0.64
March 31 2019,Valencia,NM,Passenger,1,0,1,7,8,12.50
October 31 2018,Spokane,WA,Truck,1,0,1,96697,96698,0.00
June 30 2018,Broward,FL,Passenger,0,1,1,128,129,0.78
October 31 2018,Washington,OR,Passenger,0,1,1,444,445,0.22
March 31 2019,Oklahoma,OK,Passenger,0,1,1,116,117,0.85
October 31 2018,Stevens,WA,Passenger,16,31,47,32726,32773,0.14
October 31 2018,Washoe,NV,Passenger,1,0,1,96,97,1.03
June 30 2018,Caddo,LA,Passenger,0,1,1,21,22,4.55
October 31 2018,Thurston,WA,Passenger,749,586,1335,198358,199693,0.67
March 31 2019,Yakima,WA,Passenger,99,111,210,168846,169056,0.12
April 30 2019,Monroe,IL,Passenger,1,0,1,3,4,25.00
April 30 2019,Montgomery,TX,Passenger,1,0,1,50,51,1.96
October 31 2018,Tuolumne,CA,Passenger,0,1,1,12,13,7.69
February 28 2019,Kitsap,WA,Passenger,1067,592,1659,182999,184658,0.90
April 30 2019,NULL,NULL,Passenger,8,7,15,2092,2107,0.71
June 30 2018,King,WA,Truck,8,1,9,188251,188260,0.00
October 31 2018,Whitman,WA,Passenger,20,35,55,23237,23292,0.24
April 30 2019,Adams,WA,Passenger,5,6,11,13049,13060,0.08
June 30 2018,Kittitas,WA,Passenger,51,31,82,29672,29754,0.28
March 31 2019,Saint Louis,MO,Passenger,1,0,1,74,75,1.33
April 30 2019,Arlington,VA,Passenger,1,2,3,153,156,1.92
June 30 2018,Lane,OR,Passenger,0,1,1,183,184,0.54
April 30 2019,Nueces,TX,Passenger,1,1,2,97,99,2.02
April 30 2019,Okanogan,NULL,Passenger,18,15,33,20621,20654,0.16
November 30 2018,NULL,WA,Truck,0,0,0,4,4,0.00
February 28 2019,Lincoln,WA,Passenger,5,6,11,7970,7981,0.14
June 30 2018,Lewis,WA,Truck,0,0,0,26362,26362,0.00
November 30 2018,Albemarle,VA,Passenger,1,0,1,31,32,3.12
June 30 2018,Cook,IL,Passenger,1,0,1,253,254,0.39
June 30 2018,Lincoln,WA,Truck,0,0,0,4725,4725,0.00
February 28 2019,Lumpkin,GA,Passenger,1,0,1,8,9,11.11
March 31 2019,Stevens,WA,Truck,0,0,0,19504,19504,0.00
November 30 2018,Adams,WA,Truck,0,0,0,5401,5401,0.00
November 30 2018,Benton,WA,Truck,0,0,0,42728,42728,0.00
February 28 2019,Mason,WA,Truck,0,0,0,20901,20901,0.00
March 31 2019,Sumter,FL,Passenger,0,1,1,9,10,10.00
April 30 2019,Prince William,VA,Passenger,1,4,5,257,262,1.91
April 30 2019,Ramsey,MN,Passenger,1,0,1,40,41,2.44
November 30 2018,Brevard,FL,Passenger,0,1,1,84,85,1.18
February 28 2019,Miami-Dade,FL,Passenger,0,1,1,110,111,0.90
April 30 2019,Clark,NV,Passenger,2,1,3,645,648,0.46
March 31 2019,Thurston,WA,Truck,0,0,0,56357,56357,0.00
June 30 2018,Maricopa,AZ,Passenger,2,1,3,1434,1437,0.21
March 31 2019,Travis,TX,Passenger,1,1,2,178,180,1.11
April 30 2019,Cochise,AZ,Passenger,0,1,1,122,123,0.81
November 30 2018,Bucks,PA,Passenger,1,0,1,18,19,5.26
June 30 2018,Marion,OR,Passenger,1,0,1,112,113,0.88
November 30 2018,Asotin,WA,Truck,0,0,0,6843,6843,0.00
April 30 2019,Columbia,GA,Passenger,1,1,2,151,153,1.31
April 30 2019,Columbia,WA,Truck,0,0,0,1598,1598,0.00
April 30 2019,Contra Costa,CA,Passenger,1,0,1,206,207,0.48
February 28 2019,Montgomery,AL,Passenger,0,1,1,43,44,2.27
April 30 2019,Saint Clair,IL,Passenger,0,1,1,159,160,0.62
March 31 2019,Ventura,CA,Passenger,0,2,2,312,314,0.64
April 30 2019,San Mateo,CA,Passenger,2,1,3,123,126,2.38
June 30 2018,Fairfax City,VA,Passenger,1,0,1,9,10,10.00
April 30 2019,Santa Barbara,CA,Passenger,1,0,1,95,96,1.04
November 30 2018,Bexar,TX,Passenger,3,4,7,695,702,1.00
March 31 2019,Washington,OR,Passenger,0,1,1,426,427,0.23
June 30 2018,Montgomery,PA,Passenger,2,0,2,25,27,7.41
February 28 2019,Orange,CA,Passenger,4,2,6,546,552,1.09
April 30 2019,Dale,AL,Passenger,0,1,1,62,63,1.59
November 30 2018,Charles,MD,Passenger,0,1,1,79,80,1.25
April 30 2019,Skagit,WA,Truck,1,0,1,33299,33300,0.00
June 30 2018,Nassau,NY,Passenger,2,0,2,33,35,5.71
November 30 2018,Broward,FL,Passenger,1,1,2,128,130,1.54
April 30 2019,Snohomish,WA,Truck,1,0,1,125887,125888,0.00
April 30 2019,Dekalb,IN,Passenger,1,0,1,1,2,50.00
March 31 2019,Yakima,WA,Truck,0,0,0,61212,61212,0.00
June 30 2018,New Castle,DE,Passenger,1,0,1,25,26,3.85
April 30 2019,Deschutes,OR,Passenger,2,0,2,131,133,1.50
June 30 2018,Garfield,WA,Passenger,1,1,2,1357,1359,0.15
November 30 2018,Caddo,LA,Passenger,1,1,2,22,24,8.33
June 30 2018,Northampton,PA,Passenger,0,1,1,68,69,1.45
April 30 2019,Alexandria City,VA,Passenger,4,0,4,154,158,2.53
June 30 2018,Glacier,MT,Passenger,0,1,1,4,5,20.00
November 30 2018,Clallam,WA,Passenger,156,128,284,51245,51529,0.55
April 30 2019,Tarrant,TX,Passenger,2,0,2,182,184,1.09
April 30 2019,El Paso,CO,Passenger,2,2,4,730,734,0.54
November 30 2018,Clallam,WA,Truck,0,0,0,22185,22185,0.00
June 30 2018,Guilford,NC,Passenger,1,0,1,28,29,3.45
February 28 2019,Riley,KS,Passenger,1,0,1,73,74,1.35
April 30 2019,Frederick,MD,Passenger,2,1,3,82,85,3.53
June 30 2018,Pend Oreille,WA,Truck,0,0,0,5967,5967,0.00
November 30 2018,Chelan,WA,Passenger,136,61,197,55307,55504,0.35
April 30 2019,Washoe,NV,Passenger,2,0,2,93,95,2.11
November 30 2018,Clay,FL,Passenger,0,1,1,87,88,1.14
November 30 2018,Dakota,MN,Passenger,0,1,1,31,32,3.12
February 28 2019,Santa Rosa,FL,Passenger,1,0,1,82,83,1.20
April 30 2019,Yakima,WA,Passenger,103,112,215,169249,169464,0.13
April 30 2019,Hidalgo,TX,Passenger,0,1,1,92,93,1.08
November 30 2018,Cook,IL,Passenger,1,0,1,239,240,0.42
May 31 2019,Adams,WA,Truck,0,0,0,5361,5361,0.00
February 28 2019,Snohomish,WA,Passenger,3310,1600,4910,536942,541852,0.91
April 30 2019,Columbia,WA,Passenger,2,2,4,2501,2505,0.16
June 30 2018,Sacramento,CA,Passenger,1,0,1,300,301,0.33
November 30 2018,Douglas,WA,Passenger,51,33,84,28557,28641,0.29
May 31 2019,Allegheny,PA,Passenger,1,0,1,76,77,1.30
May 31 2019,Arlington,VA,Passenger,1,2,3,149,152,1.97
February 28 2019,Stevens,WA,Passenger,20,31,51,32684,32735,0.16
November 30 2018,Dekalb,GA,Passenger,1,0,1,75,76,1.32
April 30 2019,Douglas,NE,Passenger,0,1,1,61,62,1.61
June 30 2018,Sangamon,IL,Passenger,1,0,1,11,12,8.33
April 30 2019,Douglas,OR,Passenger,1,0,1,50,51,1.96
February 28 2019,Tuolumne,CA,Passenger,0,1,1,11,12,8.33
May 31 2019,Benton,WA,Truck,0,0,0,43052,43052,0.00
April 30 2019,Dupage,IL,Passenger,1,0,1,54,55,1.82
November 30 2018,Douglas,WA,Truck,0,0,0,12470,12470,0.00
November 30 2018,Glacier,MT,Passenger,0,1,1,4,5,20.00
April 30 2019,Liberty,GA,Passenger,1,0,1,144,145,0.69
May 31 2019,Caddo,LA,Passenger,1,1,2,23,25,8.00
April 30 2019,Manassas City,VA,Passenger,0,1,1,8,9,11.11
June 30 2018,Mason,WA,Passenger,103,94,197,46738,46935,0.42
April 30 2019,Guadalupe,TX,Passenger,2,0,2,65,67,2.99
April 30 2019,Guilford,NC,Passenger,1,0,1,26,27,3.70
November 30 2018,Franklin,WA,Truck,0,0,0,19670,19670,0.00
May 31 2019,Charles,MD,Passenger,0,1,1,81,82,1.22
November 30 2018,Frederick,MD,Passenger,0,1,1,87,88,1.14
April 30 2019,Harris,TX,Passenger,0,1,1,229,230,0.43
November 30 2018,Fulton,GA,Passenger,1,2,3,95,98,3.06
November 30 2018,Jefferson,CO,Passenger,0,2,2,65,67,2.99
June 30 2018,Miami-Dade,FL,Passenger,0,1,1,110,111,0.90
November 30 2018,Gallatin,MT,Passenger,0,1,1,57,58,1.72
April 30 2019,Hennepin,MN,Passenger,2,0,2,98,100,2.00
May 31 2019,Clallam,WA,Truck,0,0,0,22259,22259,0.00
June 30 2018,Wahkiakum,WA,Truck,0,0,0,1729,1729,0.00
April 30 2019,Multnomah,OR,Passenger,4,5,9,728,737,1.22
November 30 2018,Garfield,WA,Passenger,1,1,2,1361,1363,0.15
June 30 2018,Walla Walla,WA,Passenger,35,43,78,36414,36492,0.21
April 30 2019,Honolulu,HI,Passenger,2,1,3,476,479,0.63
June 30 2018,Moore,NC,Passenger,0,1,1,197,198,0.51
April 30 2019,Okanogan,WA,Passenger,3,7,10,6219,6229,0.16
April 30 2019,Okanogan,WA,Truck,0,0,0,4215,4215,0.00
June 30 2018,Washtenaw,MI,Passenger,1,0,1,36,37,2.70
November 30 2018,Kittitas,WA,Passenger,65,33,98,30015,30113,0.33
May 31 2019,Dekalb,GA,Passenger,1,0,1,74,75,1.33
April 30 2019,Jefferson,WA,Truck,0,0,0,9881,9881,0.00
May 31 2019,Douglas,WA,Truck,0,0,0,12505,12505,0.00
April 30 2019,Ozaukee,WI,Passenger,0,1,1,3,4,25.00
March 31 2019,Clark,WA,Passenger,1471,922,2393,317951,320344,0.75
November 30 2018,Lincoln,WA,Passenger,4,7,11,7987,7998,0.14
April 30 2019,Juneau,AK,Passenger,0,1,1,27,28,3.57
March 31 2019,Clark,WA,Truck,0,0,0,82334,82334,0.00
November 30 2018,Island,WA,Truck,0,0,0,21730,21730,0.00
April 30 2019,Pierce,WA,Truck,0,0,0,143655,143655,0.00
November 30 2018,Jackson,OK,Passenger,1,0,1,43,44,2.27
March 31 2019,Cowlitz,WA,Passenger,96,116,212,73908,74120,0.29
April 30 2019,Pinal,AZ,Passenger,1,0,1,164,165,0.61
May 31 2019,Franklin,WA,Truck,0,0,0,19877,19877,0.00
July 31 2018,Adams,WA,Passenger,5,5,10,13017,13027,0.08
May 31 2019,Frederick,MD,Passenger,2,1,3,85,88,3.41
November 30 2018,Marion,OR,Passenger,1,0,1,104,105,0.95
November 30 2018,Mason,WA,Truck,0,0,0,20858,20858,0.00
May 31 2019,Gallatin,MT,Passenger,0,1,1,53,54,1.85
March 31 2019,Dupage,IL,Passenger,1,0,1,55,56,1.79
April 30 2019,Riverside,CA,Passenger,0,1,1,643,644,0.16
June 30 2018,Pend Oreille,WA,Passenger,6,5,11,9927,9938,0.11
March 31 2019,Fairfax,VA,Passenger,3,3,6,779,785,0.76
November 30 2018,Kootenai,ID,Passenger,1,1,2,200,202,0.99
May 31 2019,Hidalgo,TX,Passenger,0,1,1,89,90,1.11
April 30 2019,Saint Marys,MD,Passenger,1,0,1,196,197,0.51
April 30 2019,Mason,WA,Truck,0,0,0,20972,20972,0.00
March 31 2019,Grant,WA,Passenger,37,59,96,66021,66117,0.15
March 31 2019,Gwinnett,GA,Passenger,0,1,1,75,76,1.32
November 30 2018,Nassau,NY,Passenger,2,0,2,31,33,6.06
July 31 2018,Benton,WA,Passenger,207,208,415,134321,134736,0.31
April 30 2019,San Juan,WA,Truck,0,0,0,6024,6024,0.00
April 30 2019,Santa Clara,CA,Passenger,6,1,7,339,346,2.02
May 31 2019,Jefferson,NY,Passenger,0,1,1,236,237,0.42
March 31 2019,Hennepin,MN,Passenger,2,0,2,98,100,2.00
April 30 2019,Shelby,TN,Passenger,0,1,1,98,99,1.01
November 30 2018,Orange,CA,Passenger,4,2,6,560,566,1.06
March 31 2019,Island,WA,Passenger,315,246,561,64303,64864,0.86
May 31 2019,Kent,DE,Passenger,0,1,1,74,75,1.33
November 30 2018,Los Angeles,CA,Passenger,9,4,13,1107,1120,1.16
April 30 2019,Montgomery,MD,Passenger,1,4,5,276,281,1.78
May 31 2019,Kittitas,WA,Truck,0,0,0,14850,14850,0.00
April 30 2019,Muscogee,GA,Passenger,0,1,1,188,189,0.53
June 30 2018,Santa Fe,NM,Passenger,0,1,1,41,42,2.38
March 31 2019,Jefferson,WA,Truck,0,0,0,9878,9878,0.00
November 30 2018,Madison,ID,Passenger,1,0,1,36,37,2.70
May 31 2019,Kootenai,ID,Passenger,1,1,2,196,198,1.01
April 30 2019,Norfolk City,VA,Passenger,3,1,4,367,371,1.08
November 30 2018,Pend Oreille,WA,Passenger,6,5,11,9918,9929,0.11
November 30 2018,Pend Oreille,WA,Truck,0,0,0,5999,5999,0.00
April 30 2019,Oldham,KY,Passenger,0,1,1,4,5,20.00
April 30 2019,Tulsa,OK,Passenger,0,1,1,40,41,2.44
April 30 2019,Orange,CA,Passenger,5,1,6,542,548,1.09
March 31 2019,Juneau,AK,Passenger,0,1,1,28,29,3.45
April 30 2019,Volusia,FL,Passenger,0,1,1,31,32,3.12
March 31 2019,Kent,MI,Passenger,0,1,1,19,20,5.00
April 30 2019,Pacific,WA,Passenger,34,31,65,16201,16266,0.40
November 30 2018,Mason,WA,Passenger,125,111,236,47460,47696,0.49
March 31 2019,Klickitat,WA,Passenger,36,32,68,15786,15854,0.43
May 31 2019,Liberty,GA,Passenger,1,0,1,140,141,0.71
April 30 2019,Pierce,WA,Passenger,1922,1583,3505,551594,555099,0.63
July 31 2018,Clallam,WA,Passenger,134,117,251,50877,51128,0.49
November 30 2018,Miami-Dade,FL,Passenger,0,1,1,109,110,0.91
July 31 2018,Clark,NV,Passenger,1,1,2,702,704,0.28
May 31 2019,Los Angeles,CA,Passenger,8,4,12,1062,1074,1.12
July 31 2018,Columbia,WA,Truck,0,0,0,1599,1599,0.00
November 30 2018,Riley,KS,Passenger,1,0,1,76,77,1.30
March 31 2019,Lincoln,WA,Truck,0,0,0,4815,4815,0.00
June 30 2018,Stevens,WA,Passenger,13,27,40,32654,32694,0.12
November 30 2018,Monterey,CA,Passenger,0,2,2,207,209,0.96
April 30 2019,San Diego,CA,Passenger,7,4,11,2703,2714,0.41
May 31 2019,NULL,CA,Passenger,1,2,3,253,256,1.17
May 31 2019,Mason,WA,Passenger,142,125,267,48041,48308,0.55
June 30 2018,Tuolumne,CA,Passenger,0,1,1,11,12,8.33
November 30 2018,Moore,NC,Passenger,0,1,1,199,200,0.50
November 30 2018,Santa Rosa,FL,Passenger,1,0,1,79,80,1.25
May 31 2019,Asotin,WA,Truck,0,0,0,6873,6873,0.00
June 30 2018,Utah,UT,Passenger,0,1,1,129,130,0.77
July 31 2018,Dakota,MN,Passenger,0,1,1,31,32,3.12
March 31 2019,Montgomery,MD,Passenger,1,4,5,277,282,1.77
July 31 2018,Dale,AL,Passenger,0,1,1,68,69,1.45
May 31 2019,Bell,TX,Passenger,0,1,1,455,456,0.22
May 31 2019,Monterey,CA,Passenger,0,1,1,205,206,0.49
April 30 2019,Spartanburg,SC,Passenger,0,1,1,27,28,3.57
May 31 2019,Moore,NC,Passenger,0,1,1,190,191,0.52
July 31 2018,Dekalb,IN,Passenger,1,0,1,1,2,50.00
May 31 2019,Broward,FL,Passenger,1,1,2,122,124,1.61
April 30 2019,Twin Falls,ID,Passenger,0,1,1,19,20,5.00
November 30 2018,Skamania,WA,Passenger,20,14,34,8986,9020,0.38
November 30 2018,Pacific,WA,Truck,0,0,0,7818,7818,0.00
May 31 2019,Bryan,GA,Passenger,1,0,1,57,58,1.72
March 31 2019,Okanogan,NULL,Passenger,18,14,32,20524,20556,0.16
November 30 2018,Palm Beach,FL,Passenger,0,1,1,80,81,1.23
April 30 2019,Virginia Beach City,VA,Passenger,0,1,1,680,681,0.15
May 31 2019,Carson City,NV,Passenger,1,0,1,10,11,9.09
June 30 2018,Yakima,WA,Truck,0,0,0,60923,60923,0.00
April 30 2019,Wayne,MI,Passenger,0,1,1,68,69,1.45
May 31 2019,Ozaukee,WI,Passenger,0,1,1,3,4,25.00
May 31 2019,Pacific,WA,Truck,0,0,0,7864,7864,0.00
March 31 2019,Prince William,VA,Passenger,0,4,4,256,260,1.54
November 30 2018,Pima,AZ,Passenger,0,1,1,372,373,0.27
April 30 2019,Whitman,WA,Passenger,30,49,79,23182,23261,0.34
May 31 2019,Palm Beach,FL,Passenger,0,1,1,75,76,1.32
November 30 2018,Pinal,AZ,Passenger,2,0,2,171,173,1.16
March 31 2019,Ramsey,MN,Passenger,1,0,1,39,40,2.50
May 31 2019,Clackamas,OR,Passenger,0,1,1,194,195,0.51
May 31 2019,Pima,AZ,Passenger,0,1,1,364,365,0.27
November 30 2018,Polk,FL,Passenger,1,0,1,63,64,1.56
May 31 2019,Pinal,AZ,Passenger,1,0,1,163,164,0.61
November 30 2018,Wahkiakum,WA,Passenger,2,2,4,3030,3034,0.13
March 31 2019,Russell,AL,Passenger,1,0,1,41,42,2.38
May 31 2019,Anne Arundel,MD,Passenger,1,3,4,447,451,0.89
November 30 2018,Walla Walla,WA,Passenger,39,53,92,36805,36897,0.25
May 31 2019,Polk,FL,Passenger,1,0,1,67,68,1.47
May 31 2019,Cook,IL,Passenger,2,0,2,225,227,0.88
May 31 2019,Asotin,WA,Passenger,13,9,22,12973,12995,0.17
March 31 2019,San Francisco,CA,Passenger,2,1,3,106,109,2.75
May 31 2019,Cumberland,NC,Passenger,0,2,2,524,526,0.38
November 30 2018,Whatcom,WA,Passenger,780,372,1152,151699,152851,0.75
July 31 2018,Beaufort,SC,Passenger,1,0,1,35,36,2.78
March 31 2019,Skagit,WA,Truck,1,0,1,33236,33237,0.00
May 31 2019,Duval,FL,Passenger,1,1,2,361,363,0.55
March 31 2019,Snohomish,WA,Truck,1,0,1,125854,125855,0.00
November 30 2018,Santa Cruz,CA,Passenger,1,0,1,37,38,2.63
March 31 2019,Spokane,WA,Passenger,526,424,950,315126,316076,0.30
July 31 2018,Jefferson,CO,Passenger,0,1,1,65,66,1.52
May 31 2019,Ferry,WA,Truck,0,0,0,3773,3773,0.00
March 31 2019,Tarrant,TX,Passenger,2,0,2,183,185,1.08
May 31 2019,Skamania,WA,Passenger,25,17,42,8967,9009,0.47
May 31 2019,Flathead,MT,Passenger,1,0,1,53,54,1.85
July 31 2018,Camden,GA,Passenger,0,1,1,169,170,0.59
May 31 2019,Sumter,FL,Passenger,0,1,1,9,10,10.00
May 31 2019,Camden,GA,Passenger,0,1,1,163,164,0.61
May 31 2019,Garfield,WA,Passenger,1,1,2,1319,1321,0.15
May 31 2019,Garfield,WA,Truck,0,0,0,980,980,0.00
May 31 2019,Travis,TX,Passenger,1,1,2,174,176,1.14
March 31 2019,Washoe,NV,Passenger,2,0,2,92,94,2.13
May 31 2019,Goochland,VA,Passenger,1,1,2,191,193,1.04
March 31 2019,Wayne,MI,Passenger,0,1,1,67,68,1.47
May 31 2019,Valencia,NM,Passenger,1,0,1,5,6,16.67
March 31 2019,Whitman,WA,Passenger,28,45,73,23207,23280,0.31
May 31 2019,Columbia,WA,Passenger,2,2,4,2501,2505,0.16
May 31 2019,Vigo,IN,Passenger,1,0,1,4,5,20.00
May 31 2019,Wahkiakum,WA,Passenger,3,3,6,3079,3085,0.19
July 31 2018,Clark,WA,Passenger,1139,780,1919,314349,316268,0.61
March 31 2019,Whitman,WA,Truck,0,0,0,8776,8776,0.00
May 31 2019,Harnett,NC,Passenger,0,1,1,206,207,0.48
November 30 2018,Valencia,NM,Passenger,1,0,1,7,8,12.50
May 31 2019,District Of Columbia,DC,Passenger,1,2,3,214,217,1.38
November 30 2018,Walla Walla,WA,Truck,0,0,0,13992,13992,0.00
May 31 2019,Whatcom,WA,Passenger,896,433,1329,152946,154275,0.86
May 31 2019,Douglas,NE,Passenger,0,1,1,60,61,1.64
May 31 2019,Dupage,IL,Passenger,1,0,1,53,54,1.85
July 31 2018,Manatee,FL,Passenger,1,0,1,33,34,2.94
June 30 2019,NULL,CA,Passenger,1,2,3,256,259,1.16
April 30 2019,Brevard,FL,Passenger,0,1,1,72,73,1.37
July 31 2018,Marion,OR,Passenger,1,0,1,109,110,0.91
December 31 2018,Columbia,WA,Passenger,2,2,4,2485,2489,0.16
July 31 2018,Columbia,WA,Passenger,2,2,4,2479,2483,0.16
June 30 2019,NULL,WA,Truck,0,0,0,2,2,0.00
May 31 2019,Ferry,WA,Passenger,5,2,7,4570,4577,0.15
December 31 2018,Columbia,WA,Truck,0,0,0,1588,1588,0.00
April 30 2019,Bryan,GA,Passenger,1,0,1,58,59,1.69
May 31 2019,Franklin,WA,Passenger,61,73,134,61077,61211,0.22
May 31 2019,Kitsap,WA,Passenger,1109,611,1720,183761,185481,0.93
June 30 2019,Arlington,VA,Passenger,0,2,2,148,150,1.33
April 30 2019,Calvert,MD,Passenger,0,2,2,92,94,2.13
June 30 2019,Bell,TX,Passenger,0,1,1,453,454,0.22
December 31 2018,Deschutes,OR,Passenger,2,0,2,147,149,1.34
May 31 2019,Grays Harbor,WA,Truck,0,0,0,20999,20999,0.00
May 31 2019,Guadalupe,TX,Passenger,2,0,2,65,67,2.99
July 31 2018,Multnomah,OR,Passenger,3,4,7,787,794,0.88
June 30 2019,Benton,WA,Truck,0,0,0,43116,43116,0.00
April 30 2019,Clackamas,OR,Passenger,0,1,1,191,192,0.52
July 31 2018,Douglas,NE,Passenger,0,1,1,70,71,1.41
May 31 2019,Lumpkin,GA,Passenger,1,0,1,6,7,14.29
December 31 2018,Douglas,OR,Passenger,1,0,1,47,48,2.08
July 31 2018,Douglas,OR,Passenger,1,0,1,52,53,1.89
April 30 2019,Clark,WA,Passenger,1526,936,2462,318487,320949,0.77
May 31 2019,Mason,OR,Passenger,2,0,2,9,11,18.18
December 31 2018,Dupage,IL,Passenger,1,0,1,55,56,1.79
July 31 2018,Orange,FL,Passenger,2,1,3,174,177,1.69
April 30 2019,Dakota,MN,Passenger,0,1,1,32,33,3.03
June 30 2019,Carson City,NV,Passenger,1,0,1,10,11,9.09
July 31 2018,Orleans,LA,Passenger,0,1,1,50,51,1.96
May 31 2019,Monroe,IL,Passenger,1,0,1,4,5,20.00
December 31 2018,Bryan,GA,Passenger,1,0,1,58,59,1.69
April 30 2019,Douglas,WA,Passenger,56,34,90,28587,28677,0.31
June 30 2019,Clark,WA,Truck,0,0,0,82556,82556,0.00
May 31 2019,Juneau,AK,Passenger,0,1,1,25,26,3.85
April 30 2019,Flathead,MT,Passenger,1,0,1,52,53,1.89
May 31 2019,Nueces,TX,Passenger,1,1,2,97,99,2.02
July 31 2018,Pierce,WA,Truck,0,0,0,142378,142378,0.00
June 30 2019,Cowlitz,WA,Passenger,108,123,231,74368,74599,0.31
June 30 2019,Cumberland,NC,Passenger,0,2,2,522,524,0.38
December 31 2018,Hennepin,MN,Passenger,2,0,2,98,100,2.00
April 30 2019,Garfield,WA,Truck,0,0,0,985,985,0.00
July 31 2018,Hamilton,IN,Passenger,1,0,1,40,41,2.44
May 31 2019,Kitsap,WA,Truck,1,0,1,55318,55319,0.00
April 30 2019,Goochland,VA,Passenger,1,1,2,187,189,1.06
May 31 2019,Klamath,OR,Passenger,1,0,1,26,27,3.70
July 31 2018,Riverside,CA,Passenger,0,2,2,686,688,0.29
December 31 2018,Clark,WA,Passenger,1353,879,2232,317298,319530,0.70
April 30 2019,Howard,MD,Passenger,0,1,1,91,92,1.09
December 31 2018,Jackson,OK,Passenger,1,0,1,43,44,2.27
May 31 2019,Lewis,WA,Truck,0,0,0,26735,26735,0.00
December 31 2018,Cochise,AZ,Passenger,0,1,1,124,125,0.80
July 31 2018,Saint Lucie,FL,Passenger,1,0,1,25,26,3.85
April 30 2019,Island,WA,Passenger,327,253,580,64405,64985,0.89
May 31 2019,Saint Louis,MO,Passenger,1,0,1,79,80,1.25
May 31 2019,Maricopa,AZ,Passenger,5,2,7,1322,1329,0.53
December 31 2018,Jefferson,WA,Truck,0,0,0,9844,9844,0.00
July 31 2018,Jefferson,WA,Passenger,159,105,264,25015,25279,1.04
May 31 2019,Maui,HI,Passenger,1,0,1,45,46,2.17
July 31 2018,San Juan,WA,Truck,0,0,0,5929,5929,0.00
June 30 2019,Glacier,MT,Passenger,0,1,1,4,5,20.00
April 30 2019,Jefferson,WA,Passenger,199,128,327,25329,25656,1.27
May 31 2019,Santa Barbara,CA,Passenger,1,0,1,94,95,1.05
December 31 2018,Juneau,AK,Passenger,0,1,1,38,39,2.56
May 31 2019,Santa Fe,NM,Passenger,0,1,1,34,35,2.86
July 31 2018,Santa Clara,CA,Passenger,7,0,7,364,371,1.89
June 30 2019,Grant,WA,Passenger,44,66,110,66437,66547,0.17
June 30 2019,Grays Harbor,WA,Passenger,85,88,173,48808,48981,0.35
December 31 2018,El Paso,CO,Passenger,2,1,3,752,755,0.40
April 30 2019,Kitsap,WA,Passenger,1082,598,1680,183274,184954,0.91
July 31 2018,Kittitas,WA,Passenger,52,31,83,29695,29778,0.28
April 30 2019,Kitsap,WA,Truck,1,0,1,55193,55194,0.00
May 31 2019,Montgomery,PA,Passenger,2,0,2,24,26,7.69
May 31 2019,Snohomish,WA,Passenger,3540,1677,5217,539418,544635,0.96
July 31 2018,Klamath,OR,Passenger,1,0,1,26,27,3.70
May 31 2019,Muscogee,GA,Passenger,0,1,1,183,184,0.54
June 30 2019,Harnett,NC,Passenger,0,1,1,204,205,0.49
July 31 2018,Klickitat,WA,Passenger,28,33,61,15567,15628,0.39
December 31 2018,Fresno,CA,Passenger,1,0,1,185,186,0.54
May 31 2019,Stevens,WA,Passenger,23,33,56,32571,32627,0.17
May 31 2019,New Castle,DE,Passenger,1,0,1,23,24,4.17
December 31 2018,Garfield,OK,Passenger,1,0,1,14,15,6.67
June 30 2019,Hennepin,MN,Passenger,2,0,2,98,100,2.00
December 31 2018,Garfield,WA,Truck,0,0,0,995,995,0.00
June 30 2019,Hidalgo,TX,Passenger,0,1,1,87,88,1.14
April 30 2019,Lincoln,WA,Passenger,5,7,12,7997,8009,0.15
April 30 2019,Lincoln,WA,Truck,0,0,0,4830,4830,0.00
May 31 2019,Tuolumne,CA,Passenger,0,1,1,11,12,8.33
May 31 2019,Pacific,WA,Passenger,35,31,66,16214,16280,0.41
June 30 2019,Kittitas,WA,Truck,0,0,0,14885,14885,0.00
April 30 2019,Marion,OR,Passenger,1,0,1,100,101,0.99
June 30 2019,Klickitat,WA,Truck,0,0,0,8508,8508,0.00
April 30 2019,Mason,OR,Passenger,1,0,1,7,8,12.50
April 30 2019,Mecklenburg,NC,Passenger,1,0,1,84,85,1.18
December 31 2018,Jefferson,WA,Passenger,181,115,296,25283,25579,1.16
June 30 2019,Larimer,CO,Passenger,0,1,1,47,48,2.08
December 31 2018,Los Angeles,CA,Passenger,9,4,13,1085,1098,1.18
July 31 2018,Maui,HI,Passenger,1,0,1,56,57,1.75
July 31 2018,Volusia,FL,Passenger,0,1,1,29,30,3.33
May 31 2019,Yakima,WA,Truck,0,0,0,61455,61455,0.00
December 31 2018,Manassas City,VA,Passenger,0,1,1,9,10,10.00
December 31 2018,Klickitat,WA,Passenger,32,33,65,15800,15865,0.41
June 30 2019,NULL,NULL,Passenger,9,6,15,2051,2066,0.73
June 30 2019,Adams,WA,Truck,0,0,0,5361,5361,0.00
April 30 2019,Nassau,NY,Passenger,2,0,2,34,36,5.56
May 31 2019,Shasta,CA,Passenger,1,0,1,43,44,2.27
June 30 2019,Alexandria City,VA,Passenger,4,0,4,145,149,2.68
December 31 2018,Lincoln,WA,Passenger,4,6,10,8004,8014,0.12
July 31 2018,Muscogee,GA,Passenger,0,1,1,200,201,0.50
May 31 2019,Skagit,WA,Passenger,327,219,546,93533,94079,0.58
December 31 2018,Mecklenburg,NC,Passenger,1,0,1,79,80,1.25
July 31 2018,Okanogan,NULL,Passenger,10,15,25,20440,20465,0.12
December 31 2018,Montgomery,MD,Passenger,1,3,4,280,284,1.41
December 31 2018,Multnomah,OR,Passenger,3,5,8,748,756,1.06
July 31 2018,Pacific,WA,Passenger,29,22,51,15911,15962,0.32
August 31 2018,Asotin,WA,Truck,0,0,0,6874,6874,0.00
June 30 2019,Oklahoma,OK,Passenger,0,2,2,118,120,1.67
May 31 2019,Virginia Beach City,VA,Passenger,0,1,1,688,689,0.15
December 31 2018,Okanogan,WA,Passenger,2,6,8,6314,6322,0.13
July 31 2018,Pend Oreille,WA,Truck,0,0,0,5984,5984,0.00
April 30 2019,Riley,KS,Passenger,1,0,1,71,72,1.39
April 30 2019,Russell,AL,Passenger,1,0,1,40,41,2.44
December 31 2018,Okanogan,NULL,Passenger,15,16,31,20587,20618,0.15
December 31 2018,Oldham,KY,Passenger,0,1,1,4,5,20.00
June 30 2019,Pend Oreille,WA,Passenger,5,5,10,9882,9892,0.10
August 31 2018,Broward,FL,Passenger,0,1,1,130,131,0.76
June 30 2019,Columbia,GA,Passenger,1,1,2,151,153,1.31
June 30 2019,Pinellas,FL,Passenger,1,0,1,93,94,1.06
June 30 2019,Contra Costa,CA,Passenger,1,0,1,204,205,0.49
December 31 2018,Pacific,WA,Passenger,33,26,59,16123,16182,0.36
April 30 2019,Santa Rosa,FL,Passenger,1,0,1,80,81,1.23
August 31 2018,Caddo,LA,Passenger,1,1,2,21,23,8.70
December 31 2018,Riley,KS,Passenger,1,0,1,73,74,1.35
July 31 2018,Ramsey,MN,Passenger,1,0,1,37,38,2.63
April 30 2019,Shasta,CA,Passenger,1,0,1,41,42,2.38
December 31 2018,Russell,AL,Passenger,1,0,1,45,46,2.17
May 31 2019,Whitman,WA,Passenger,32,49,81,23168,23249,0.35
June 30 2019,Dekalb,IN,Passenger,1,0,1,1,2,50.00
July 31 2018,Russell,AL,Passenger,1,0,1,50,51,1.96
December 31 2018,Pierce,WA,Passenger,1726,1472,3198,549508,552706,0.58
June 30 2019,Saint Louis,MO,Passenger,1,0,1,77,78,1.28
April 30 2019,Stevens,WA,Truck,0,0,0,19447,19447,0.00
December 31 2018,San Juan,WA,Passenger,186,71,257,14568,14825,1.73
June 30 2019,El Paso,CO,Passenger,1,1,2,709,711,0.28
December 31 2018,San Mateo,CA,Passenger,2,1,3,133,136,2.21
August 31 2018,Columbia,WA,Truck,0,0,0,1597,1597,0.00
August 31 2018,Cook,IL,Passenger,1,0,1,242,243,0.41
June 30 2019,Santa Fe,NM,Passenger,0,1,1,33,34,2.94
June 30 2019,Frederick,MD,Passenger,2,1,3,83,86,3.49
July 31 2018,Skagit,WA,Passenger,251,186,437,92610,93047,0.47
December 31 2018,Ramsey,MN,Passenger,1,0,1,38,39,2.56
June 30 2019,NULL,WA,Passenger,0,0,0,2,2,0.00
July 31 2018,Skagit,WA,Truck,1,0,1,33109,33110,0.00
June 30 2019,Adams,WA,Passenger,5,6,11,13134,13145,0.08
July 31 2018,Skamania,WA,Truck,0,0,0,4146,4146,0.00
June 30 2019,Spartanburg,SC,Passenger,0,1,1,29,30,3.33
December 31 2018,Snohomish,WA,Truck,1,0,1,125891,125892,0.00
December 31 2018,Riverside,CA,Passenger,0,2,2,666,668,0.30
April 30 2019,Walla Walla,WA,Passenger,47,58,105,36887,36992,0.28
July 31 2018,Snohomish,WA,Truck,1,0,1,125623,125624,0.00
June 30 2019,Albemarle,VA,Passenger,1,0,1,28,29,3.45
August 31 2018,Dekalb,GA,Passenger,1,0,1,76,77,1.30
June 30 2019,Sumter,FL,Passenger,0,1,1,9,10,10.00
June 30 2019,Guilford,NC,Passenger,1,0,1,27,28,3.57
April 30 2019,Whitman,WA,Truck,0,0,0,8796,8796,0.00
December 31 2018,Stevens,WA,Truck,0,0,0,19539,19539,0.00
June 30 2019,Harris,TX,Passenger,1,1,2,223,225,0.89
December 31 2018,Saint Lucie,FL,Passenger,1,0,1,24,25,4.00
June 30 2019,Travis,TX,Passenger,1,1,2,171,173,1.16
June 30 2019,Honolulu,HI,Passenger,3,1,4,470,474,0.84
June 30 2019,Benton,WA,Passenger,272,290,562,136343,136905,0.41
April 30 2019,Williamson,TX,Passenger,1,0,1,120,121,0.83
July 31 2018,Stevens,WA,Truck,0,0,0,19457,19457,0.00
August 31 2018,Duval,FL,Passenger,1,1,2,376,378,0.53
December 31 2018,Thurston,WA,Truck,0,0,0,56298,56298,0.00
June 30 2019,Ventura,CA,Passenger,0,2,2,317,319,0.63
June 30 2019,Wahkiakum,WA,Passenger,2,3,5,3077,3082,0.16
May 31 2019,Ada,ID,Passenger,0,2,2,282,284,0.70
June 30 2019,Bucks,PA,Passenger,1,0,1,20,21,4.76
July 31 2018,Tarrant,TX,Passenger,1,0,1,206,207,0.48
December 31 2018,Santa Cruz,CA,Passenger,1,0,1,38,39,2.56
May 31 2019,Alameda,CA,Passenger,3,2,5,299,304,1.64
August 31 2018,Ferry,WA,Truck,0,0,0,3758,3758,0.00
July 31 2018,Twin Falls,ID,Passenger,0,1,1,23,24,4.17
December 31 2018,Skagit,WA,Truck,1,0,1,33288,33289,0.00
August 31 2018,Franklin,WA,Truck,0,0,0,19480,19480,0.00
December 31 2018,Washington,OR,Passenger,0,1,1,435,436,0.23
June 30 2019,Clallam,WA,Passenger,184,148,332,51417,51749,0.64
July 31 2018,Virginia Beach City,VA,Passenger,1,1,2,670,672,0.30
June 30 2019,Clark,NV,Passenger,2,1,3,642,645,0.47
July 31 2018,Wahkiakum,WA,Truck,0,0,0,1735,1735,0.00
August 31 2018,Garfield,WA,Passenger,1,1,2,1351,1353,0.15
June 30 2019,Yakima,WA,Truck,0,0,0,61494,61494,0.00
December 31 2018,Whitman,WA,Truck,0,0,0,8815,8815,0.00
June 30 2019,Columbia,WA,Truck,0,0,0,1600,1600,0.00
June 30 2019,Liberty,GA,Passenger,1,0,1,135,136,0.74
May 31 2019,Bexar,TX,Passenger,3,5,8,631,639,1.25
July 31 2019,Alexandria City,VA,Passenger,4,0,4,146,150,2.67
December 31 2018,Twin Falls,ID,Passenger,0,1,1,21,22,4.55
July 31 2018,Washington,OR,Passenger,0,1,1,448,449,0.22
January 31 2019,NULL,CA,Passenger,1,2,3,261,264,1.14
June 30 2019,Dale,AL,Passenger,0,1,1,65,66,1.52
January 31 2019,NULL,WA,Truck,0,0,0,2,2,0.00
July 31 2018,Washoe,NV,Passenger,1,0,1,105,106,0.94
December 31 2018,Volusia,FL,Passenger,0,1,1,32,33,3.03
June 30 2019,Mason,WA,Passenger,147,126,273,48206,48479,0.56
July 31 2018,Washtenaw,MI,Passenger,1,0,1,34,35,2.86
January 31 2019,Arlington,VA,Passenger,1,2,3,154,157,1.91
July 31 2018,Whatcom,WA,Truck,2,0,2,43506,43508,0.00
May 31 2019,Chelan,WA,Passenger,153,70,223,55549,55772,0.40
July 31 2019,Boulder,CO,Passenger,1,0,1,36,37,2.70
June 30 2019,Montgomery,AL,Passenger,0,2,2,39,41,4.88
July 31 2018,Whitman,WA,Truck,0,0,0,8770,8770,0.00
January 31 2019,Benton,WA,Truck,0,0,0,42894,42894,0.00
December 31 2018,Washoe,NV,Passenger,2,0,2,98,100,2.00
May 31 2019,Clark,NV,Passenger,2,1,3,643,646,0.46
August 31 2018,NULL,NULL,Passenger,7,5,12,2234,2246,0.53
August 31 2018,Jackson,OK,Passenger,1,0,1,40,41,2.44
June 30 2019,Norfolk City,VA,Passenger,3,1,4,360,364,1.10
May 31 2019,Clark,WA,Truck,0,0,0,82470,82470,0.00
August 31 2018,Adams,WA,Passenger,5,5,10,13059,13069,0.08
May 31 2019,Clay,FL,Passenger,0,1,1,87,88,1.14
June 30 2019,Okanogan,WA,Truck,0,0,0,4178,4178,0.00
July 31 2019,Columbia,WA,Passenger,2,2,4,2510,2514,0.16
June 30 2019,Ozaukee,WI,Passenger,0,1,1,3,4,25.00
June 30 2019,Howard,MD,Passenger,0,1,1,89,90,1.11
August 31 2018,Anne Arundel,MD,Passenger,0,2,2,463,465,0.43
January 31 2019,Carson City,NV,Passenger,1,0,1,11,12,8.33
August 31 2018,Arlington,VA,Passenger,1,1,2,167,169,1.18
June 30 2019,Jefferson,CO,Passenger,0,2,2,60,62,3.23
January 31 2019,Charles,MD,Passenger,0,1,1,76,77,1.30
August 31 2018,Asotin,WA,Passenger,12,9,21,12939,12960,0.16
May 31 2019,Cowlitz,WA,Passenger,107,124,231,74275,74506,0.31
June 30 2019,Pinal,AZ,Passenger,1,0,1,165,166,0.60
May 31 2019,Cowlitz,WA,Truck,0,0,0,29659,29659,0.00
January 31 2019,Clallam,WA,Truck,0,0,0,22212,22212,0.00
May 31 2019,Dale,AL,Passenger,0,1,1,65,66,1.52
July 31 2019,Douglas,NE,Passenger,0,1,1,58,59,1.69
January 31 2019,Anne Arundel,MD,Passenger,0,3,3,459,462,0.65
July 31 2019,Douglas,OR,Passenger,1,0,1,47,48,2.08
January 31 2019,Asotin,WA,Passenger,13,10,23,13016,13039,0.18
January 31 2019,Asotin,WA,Truck,0,0,0,6876,6876,0.00
January 31 2019,Cumberland,NC,Passenger,0,2,2,544,546,0.37
June 30 2019,Saint Marys,MD,Passenger,1,0,1,199,200,0.50
July 31 2019,Ferry,WA,Passenger,5,2,7,4574,4581,0.15
June 30 2019,San Diego,CA,Passenger,8,4,12,2742,2754,0.44
May 31 2019,El Paso,TX,Passenger,2,0,2,491,493,0.41
June 30 2019,Santa Clara,CA,Passenger,4,2,6,336,342,1.75
August 31 2018,Los Angeles,CA,Passenger,8,4,12,1127,1139,1.05
June 30 2019,Shelby,TN,Passenger,0,1,1,94,95,1.05
July 31 2019,Guadalupe,TX,Passenger,2,0,2,62,64,3.12
May 31 2019,Fulton,GA,Passenger,1,2,3,101,104,2.88
January 31 2019,Broward,FL,Passenger,1,1,2,125,127,1.57
July 31 2019,Harrison,MS,Passenger,1,0,1,65,66,1.52
May 31 2019,Grant,WA,Passenger,42,64,106,66321,66427,0.16
May 31 2019,Grant,WA,Truck,0,0,0,27513,27513,0.00
June 30 2019,Tulsa,OK,Passenger,0,1,1,39,40,2.50
January 31 2019,Glacier,MT,Passenger,0,1,1,3,4,25.00
May 31 2019,Grays Harbor,WA,Passenger,85,87,172,48741,48913,0.35
January 31 2019,Caddo,LA,Passenger,1,1,2,20,22,9.09
June 30 2019,Marion,OR,Passenger,1,0,1,100,101,0.99
January 31 2019,Grays Harbor,WA,Passenger,78,81,159,48396,48555,0.33
August 31 2018,Monroe,IL,Passenger,1,0,1,4,5,20.00
May 31 2019,Hennepin,MN,Passenger,2,0,2,99,101,1.98
July 31 2019,NULL,CA,Passenger,1,2,3,250,253,1.19
August 31 2018,Moore,NC,Passenger,0,1,1,200,201,0.50
July 31 2019,Allegheny,PA,Passenger,1,0,1,71,72,1.39
August 31 2018,Dallas,TX,Passenger,0,1,1,179,180,0.56
June 30 2019,Multnomah,OR,Passenger,5,5,10,710,720,1.39
July 31 2019,Bell,TX,Passenger,0,1,1,448,449,0.22
July 31 2019,King,WA,Passenger,20123,7423,27546,1410900,1438446,1.91
August 31 2018,Nueces,TX,Passenger,1,1,2,96,98,2.04
May 31 2019,Island,WA,Truck,0,0,0,21785,21785,0.00
January 31 2019,Cook,IL,Passenger,1,0,1,231,232,0.43
January 31 2019,Hardin,KY,Passenger,0,1,1,107,108,0.93
August 31 2018,Okanogan,NULL,Passenger,10,15,25,20468,20493,0.12
May 31 2019,Jefferson,WA,Truck,0,0,0,9893,9893,0.00
July 31 2019,Bryan,GA,Passenger,1,0,1,58,59,1.69
July 31 2019,Lewis,WA,Passenger,108,102,210,60585,60795,0.35
July 31 2019,Camden,GA,Passenger,0,1,1,160,161,0.62
June 30 2019,Pierce,WA,Truck,0,0,0,143972,143972,0.00
May 31 2019,Klickitat,WA,Truck,0,0,0,8498,8498,0.00
July 31 2019,Carson City,NV,Passenger,1,0,1,10,11,9.09
January 31 2019,Kittitas,WA,Truck,0,0,0,14754,14754,0.00
January 31 2019,Klickitat,WA,Truck,0,0,0,8501,8501,0.00
July 31 2019,Maricopa,AZ,Passenger,6,3,9,1296,1305,0.69
August 31 2018,Franklin,WA,Passenger,45,67,112,59637,59749,0.19
August 31 2018,Frederick,MD,Passenger,0,1,1,88,89,1.12
June 30 2019,Riverside,CA,Passenger,0,1,1,630,631,0.16
July 31 2019,Mason,WA,Truck,0,0,0,21035,21035,0.00
May 31 2019,Larimer,CO,Passenger,0,1,1,47,48,2.08
August 31 2018,Ramsey,MN,Passenger,1,0,1,37,38,2.63
August 31 2018,Gallatin,MT,Passenger,0,1,1,56,57,1.75
July 31 2019,Clackamas,OR,Passenger,0,1,1,193,194,0.52
January 31 2019,Ferry,WA,Passenger,3,2,5,4577,4582,0.11
January 31 2019,Larimer,CO,Passenger,0,1,1,46,47,2.13
January 31 2019,Ferry,WA,Truck,0,0,0,3773,3773,0.00
June 30 2019,San Juan,WA,Truck,0,0,0,6052,6052,0.00
January 31 2019,Franklin,WA,Truck,0,0,0,19797,19797,0.00
January 31 2019,Fresno,CA,Passenger,1,0,1,182,183,0.55
July 31 2019,Muscogee,GA,Passenger,0,1,1,186,187,0.53
August 31 2018,Saint Lucie,FL,Passenger,1,0,1,26,27,3.70
August 31 2018,Hardin,KY,Passenger,0,1,1,122,123,0.81
July 31 2019,Norfolk City,VA,Passenger,3,1,4,363,367,1.09
January 31 2019,Gallatin,MT,Passenger,0,1,1,55,56,1.79
August 31 2018,San Mateo,CA,Passenger,1,1,2,138,140,1.43
July 31 2019,District Of Columbia,DC,Passenger,1,2,3,214,217,1.38
July 31 2019,Oldham,KY,Passenger,0,1,1,4,5,20.00
May 31 2019,Montgomery,MD,Passenger,1,4,5,279,284,1.76
July 31 2019,Orange,CA,Passenger,5,1,6,520,526,1.14
August 31 2018,Honolulu,HI,Passenger,2,1,3,508,511,0.59
July 31 2019,Flathead,MT,Passenger,1,0,1,54,55,1.82
June 30 2019,Volusia,FL,Passenger,0,1,1,31,32,3.12
May 31 2019,Oklahoma,OK,Passenger,0,2,2,116,118,1.69
July 31 2019,Pacific,WA,Passenger,35,33,68,16280,16348,0.42
June 30 2019,Westchester,NY,Passenger,0,1,1,29,30,3.33
August 31 2018,Skagit,WA,Truck,1,0,1,33186,33187,0.00
July 31 2019,Garfield,WA,Truck,0,0,0,985,985,0.00
July 31 2019,Goochland,VA,Passenger,1,1,2,186,188,1.06
July 31 2019,Pierce,WA,Passenger,2105,1676,3781,554668,558449,0.68
May 31 2019,Pinellas,FL,Passenger,1,0,1,91,92,1.09
January 31 2019,Oklahoma,OK,Passenger,0,1,1,117,118,0.85
July 31 2019,Harnett,NC,Passenger,0,1,1,200,201,0.50
January 31 2019,Ozaukee,WI,Passenger,0,1,1,3,4,25.00
August 31 2018,King,WA,Truck,8,1,9,187969,187978,0.00
January 31 2019,Pend Oreille,WA,Passenger,6,5,11,9879,9890,0.11
July 31 2019,Asotin,WA,Truck,0,0,0,6890,6890,0.00
August 31 2018,Tuolumne,CA,Passenger,0,1,1,12,13,7.69
July 31 2019,Boone,MO,Passenger,0,1,1,7,8,12.50
May 31 2019,Saint Lucie,FL,Passenger,1,0,1,24,25,4.00
July 31 2019,Broward,FL,Passenger,1,1,2,121,123,1.63
August 31 2018,Larimer,CO,Passenger,0,1,1,50,51,1.96
July 31 2019,Jefferson,WA,Passenger,214,129,343,25475,25818,1.33
July 31 2019,San Diego,CA,Passenger,8,5,13,2774,2787,0.47
May 31 2019,San Francisco,CA,Passenger,2,1,3,103,106,2.83
August 31 2018,Latah,ID,Passenger,0,1,1,74,75,1.33
July 31 2019,Caddo,LA,Passenger,1,1,2,20,22,9.09
July 31 2019,Santa Rosa,FL,Passenger,1,0,1,84,85,1.18
July 31 2019,Kent,DE,Passenger,0,1,1,73,74,1.35
May 31 2019,Sangamon,IL,Passenger,1,0,1,7,8,12.50
July 31 2019,Sarasota,FL,Passenger,1,0,1,22,23,4.35
January 31 2019,Saint Louis,MO,Passenger,1,0,1,79,80,1.25
July 31 2019,Kitsap,WA,Passenger,1169,650,1819,184239,186058,0.98
May 31 2019,Santa Cruz,CA,Passenger,1,0,1,37,38,2.63
July 31 2019,Kitsap,WA,Truck,1,0,1,55393,55394,0.00
August 31 2018,Lewis,WA,Truck,0,0,0,26455,26455,0.00
July 31 2019,Kittitas,WA,Truck,0,0,0,14939,14939,0.00
July 31 2019,Cascade,MT,Passenger,0,1,1,62,63,1.59
July 31 2019,Klamath,OR,Passenger,1,0,1,26,27,3.70
August 31 2018,Liberty,GA,Passenger,1,0,1,152,153,0.65
August 31 2018,Washoe,NV,Passenger,1,0,1,100,101,0.99
July 31 2019,Chaves,NM,Passenger,1,0,1,8,9,11.11
July 31 2019,Kootenai,ID,Passenger,1,1,2,196,198,1.01
May 31 2019,Spokane,WA,Passenger,566,453,1019,318135,319154,0.32
July 31 2019,Skamania,WA,Truck,0,0,0,4234,4234,0.00
May 31 2019,Spokane,WA,Truck,1,0,1,97830,97831,0.00
July 31 2019,Columbia,WA,Truck,0,0,0,1597,1597,0.00
July 31 2019,Cook,IL,Passenger,2,0,2,225,227,0.88
January 31 2019,Sumter,FL,Passenger,0,1,1,9,10,10.00
August 31 2018,Madison,ID,Passenger,1,0,1,34,35,2.86
July 31 2019,Twin Falls,ID,Passenger,0,1,1,22,23,4.35
July 31 2019,Maui,HI,Passenger,1,0,1,44,45,2.22
August 31 2018,Manatee,FL,Passenger,1,0,1,33,34,2.94
August 31 2018,Yakima,WA,Passenger,79,100,179,168652,168831,0.11
January 31 2019,Travis,TX,Passenger,1,1,2,182,184,1.09
May 31 2019,Thurston,WA,Passenger,935,675,1610,200327,201937,0.80
July 31 2019,Wahkiakum,WA,Truck,0,0,0,1808,1808,0.00
July 31 2019,Dekalb,GA,Passenger,1,0,1,71,72,1.39
July 31 2019,Mecklenburg,NC,Passenger,1,0,1,86,87,1.15
January 31 2019,Ventura,CA,Passenger,0,2,2,319,321,0.62
January 31 2019,Wahkiakum,WA,Passenger,2,2,4,3056,3060,0.13
September 30 2018,NULL,WA,Truck,0,0,0,4,4,0.00
January 31 2019,Madison,ID,Passenger,1,0,1,35,36,2.78
September 30 2018,Adams,WA,Truck,0,0,0,5393,5393,0.00
May 31 2019,Ventura,CA,Passenger,0,2,2,318,320,0.62
July 31 2019,Whatcom,WA,Truck,2,0,2,43974,43976,0.00
May 31 2019,Walla Walla,WA,Truck,0,0,0,14067,14067,0.00
July 31 2019,Duval,FL,Passenger,1,1,2,359,361,0.55
January 31 2019,Maricopa,AZ,Passenger,4,2,6,1362,1368,0.44
May 31 2019,Wayne,MI,Passenger,0,1,1,66,67,1.49
August 31 2019,NULL,NULL,Passenger,9,6,15,2017,2032,0.74
September 30 2018,Arlington,VA,Passenger,1,1,2,164,166,1.20
July 31 2019,Ferry,WA,Truck,0,0,0,3755,3755,0.00
January 31 2019,Yakima,WA,Truck,0,0,0,61353,61353,0.00
July 31 2019,Palm Beach,FL,Passenger,0,1,1,70,71,1.41
August 31 2019,Adams,WA,Passenger,5,5,10,13194,13204,0.08
August 31 2019,Anne Arundel,MD,Passenger,1,3,4,435,439,0.91
July 31 2019,Franklin,WA,Truck,0,0,0,19970,19970,0.00
May 31 2019,Westchester,NY,Passenger,0,1,1,29,30,3.33
September 30 2018,Benton,WA,Truck,0,0,0,42624,42624,0.00
August 31 2019,Asotin,WA,Passenger,13,8,21,12964,12985,0.16
August 31 2018,Monterey,CA,Passenger,0,2,2,202,204,0.98
February 28 2019,NULL,NULL,Passenger,8,6,14,2144,2158,0.65
July 31 2019,Garfield,WA,Passenger,1,1,2,1328,1330,0.15
August 31 2018,Montgomery,PA,Passenger,2,0,2,25,27,7.41
January 31 2019,Monroe,IL,Passenger,1,0,1,3,4,25.00
February 28 2019,Adams,WA,Passenger,4,6,10,13071,13081,0.08
January 31 2019,Monterey,CA,Passenger,0,1,1,207,208,0.48
June 30 2019,Allegheny,PA,Passenger,1,0,1,71,72,1.39
February 28 2019,Anne Arundel,MD,Passenger,0,3,3,453,456,0.66
August 31 2018,Multnomah,OR,Passenger,3,5,8,769,777,1.03
July 31 2019,Saint Louis,MO,Passenger,1,0,1,76,77,1.30
January 31 2019,Moore,NC,Passenger,0,1,1,193,194,0.52
February 28 2019,Asotin,WA,Passenger,13,10,23,12974,12997,0.18
January 31 2019,New Castle,DE,Passenger,1,0,1,23,24,4.17
August 31 2019,Calvert,MD,Passenger,0,2,2,91,93,2.15
January 31 2019,Nueces,TX,Passenger,1,1,2,94,96,2.08
August 31 2018,Okanogan,WA,Truck,0,0,0,4302,4302,0.00
August 31 2018,Oklahoma,OK,Passenger,0,1,1,120,121,0.83
September 30 2018,Charles,MD,Passenger,0,1,1,82,83,1.20
June 30 2019,Calvert,MD,Passenger,0,2,2,92,94,2.13
July 31 2019,Shasta,CA,Passenger,1,0,1,41,42,2.38
August 31 2018,Ozaukee,WI,Passenger,0,1,1,4,5,20.00
July 31 2019,Skagit,WA,Passenger,342,230,572,93969,94541,0.61
February 28 2019,Calvert,MD,Passenger,0,1,1,93,94,1.06
August 31 2019,Contra Costa,CA,Passenger,1,0,1,198,199,0.50
June 30 2019,Charles,MD,Passenger,0,1,1,83,84,1.19
July 31 2019,Snohomish,WA,Passenger,3727,1726,5453,541646,547099,1.00
June 30 2019,Chelan,WA,Passenger,157,70,227,55540,55767,0.41
July 31 2019,Snohomish,WA,Truck,0,0,0,126325,126325,0.00
August 31 2018,Pierce,WA,Truck,0,0,0,142522,142522,0.00
September 30 2018,Clallam,WA,Truck,0,0,0,22064,22064,0.00
August 31 2018,Pinal,AZ,Passenger,2,0,2,175,177,1.13
August 31 2019,Douglas,WA,Passenger,62,36,98,28749,28847,0.34
July 31 2019,Stevens,WA,Passenger,22,33,55,32571,32626,0.17
June 30 2019,Clallam,WA,Truck,1,0,1,22251,22252,0.00
June 30 2019,Clay,FL,Passenger,0,1,1,88,89,1.12
September 30 2018,Clark,WA,Passenger,1196,820,2016,315385,317401,0.64
July 31 2019,Stevens,WA,Truck,0,0,0,19411,19411,0.00
August 31 2019,Dupage,IL,Passenger,2,0,2,50,52,3.85
July 31 2019,Los Angeles,CA,Passenger,8,4,12,1072,1084,1.11
August 31 2019,Fairfax,VA,Passenger,3,3,6,741,747,0.80
September 30 2018,Cochise,AZ,Passenger,0,1,1,126,127,0.79
July 31 2019,Sumter,FL,Passenger,0,1,1,9,10,10.00
February 28 2019,Contra Costa,CA,Passenger,1,0,1,202,203,0.49
July 31 2019,Travis,TX,Passenger,1,1,2,174,176,1.14
June 30 2019,Dekalb,GA,Passenger,1,0,1,74,75,1.33
August 31 2019,Franklin,WA,Passenger,57,78,135,61482,61617,0.22
June 30 2019,Douglas,WA,Passenger,58,37,95,28624,28719,0.33
June 30 2019,Douglas,WA,Truck,0,0,0,12514,12514,0.00
July 31 2019,Mason,OR,Passenger,2,0,2,9,11,18.18
February 28 2019,Douglas,WA,Passenger,53,34,87,28561,28648,0.30
August 31 2018,Riverside,CA,Passenger,0,2,2,683,685,0.29
February 28 2019,Dupage,IL,Passenger,1,0,1,55,56,1.79
June 30 2019,Dupage,IL,Passenger,1,0,1,52,53,1.89
January 31 2019,San Juan,WA,Passenger,193,70,263,14602,14865,1.77
January 31 2019,San Mateo,CA,Passenger,2,1,3,130,133,2.26
September 30 2018,Dallas,TX,Passenger,0,1,1,177,178,0.56
February 28 2019,Fairfax,VA,Passenger,3,3,6,784,790,0.76
June 30 2019,Fairfax,VA,Passenger,3,3,6,752,758,0.79
January 31 2019,Santa Fe,NM,Passenger,0,1,1,37,38,2.63
August 31 2019,Guilford,NC,Passenger,1,0,1,30,31,3.23
July 31 2019,Yakima,WA,Truck,0,0,0,61568,61568,0.00
July 31 2019,Monroe,IL,Passenger,1,0,1,4,5,20.00
February 28 2019,Franklin,WA,Passenger,58,71,129,60585,60714,0.21
August 31 2019,Ada,ID,Passenger,0,2,2,279,281,0.71
August 31 2018,Saint Marys,MD,Passenger,1,0,1,208,209,0.48
August 31 2019,Harris,TX,Passenger,1,1,2,226,228,0.88
August 31 2019,Alameda,CA,Passenger,4,1,5,284,289,1.73
September 30 2018,El Paso,CO,Passenger,2,1,3,749,752,0.40
July 31 2019,Moore,NC,Passenger,0,1,1,185,186,0.54
August 31 2018,Santa Clara,CA,Passenger,8,0,8,370,378,2.12
February 28 2019,Guilford,NC,Passenger,1,0,1,26,27,3.70
February 28 2019,Gwinnett,GA,Passenger,0,1,1,76,77,1.30
July 31 2019,Nueces,TX,Passenger,1,1,2,93,95,2.11
August 31 2019,Bexar,TX,Passenger,2,6,8,604,612,1.31
August 31 2019,Honolulu,HI,Passenger,3,0,3,454,457,0.66
February 28 2019,Harris,TX,Passenger,0,1,1,231,232,0.43
July 31 2019,Okanogan,NULL,Passenger,21,19,40,20735,20775,0.19
August 31 2019,Howard,MD,Passenger,0,1,1,89,90,1.11
February 28 2019,Honolulu,HI,Passenger,2,1,3,478,481,0.62
June 30 2019,Island,WA,Passenger,335,253,588,64520,65108,0.90
June 30 2019,Island,WA,Truck,0,0,0,21803,21803,0.00
August 31 2019,Island,WA,Passenger,355,258,613,64572,65185,0.94
September 30 2018,Frederick,MD,Passenger,0,1,1,90,91,1.10
February 28 2019,Howard,MD,Passenger,0,1,1,96,97,1.03
February 28 2019,Island,WA,Passenger,309,245,554,64367,64921,0.85
August 31 2019,Chelan,WA,Truck,0,0,0,22976,22976,0.00
September 30 2018,Garfield,OK,Passenger,1,0,1,16,17,5.88
June 30 2019,Jefferson,NY,Passenger,0,1,1,230,231,0.43
June 30 2019,Jefferson,WA,Truck,0,0,0,9890,9890,0.00
August 31 2019,Clark,WA,Truck,0,0,0,82998,82998,0.00
August 31 2019,Juneau,AK,Passenger,0,1,1,24,25,4.00
August 31 2019,Clay,FL,Passenger,0,1,1,83,84,1.19
February 28 2019,Juneau,AK,Passenger,0,1,1,33,34,2.94
June 30 2019,Juneau,AK,Passenger,0,1,1,24,25,4.00
July 31 2019,Ramsey,MN,Passenger,1,0,1,34,35,2.86
August 31 2019,Kitsap,WA,Truck,1,0,1,55404,55405,0.00
July 31 2019,Saginaw,MI,Passenger,1,0,1,11,12,8.33
February 28 2019,Kitsap,WA,Truck,1,0,1,55098,55099,0.00
January 31 2019,Valencia,NM,Passenger,1,0,1,7,8,12.50
June 30 2019,Kent,DE,Passenger,0,1,1,73,74,1.35
August 31 2019,Cowlitz,WA,Passenger,117,123,240,74583,74823,0.32
June 30 2019,Kitsap,WA,Truck,1,0,1,55380,55381,0.00
August 31 2018,Tulsa,OK,Passenger,0,1,1,42,43,2.33
August 31 2019,Cowlitz,WA,Truck,0,0,0,29693,29693,0.00
June 30 2019,Kootenai,ID,Passenger,1,1,2,198,200,1.00
August 31 2019,Lewis,WA,Truck,0,0,0,26779,26779,0.00
July 31 2019,San Mateo,CA,Passenger,2,1,3,117,120,2.50
February 28 2019,Lewis,WA,Truck,0,0,0,26569,26569,0.00
August 31 2018,Volusia,FL,Passenger,0,1,1,31,32,3.12
February 28 2019,Lincoln,WA,Truck,0,0,0,4805,4805,0.00
August 31 2019,Denver,CO,Passenger,1,0,1,116,117,0.85
August 31 2019,Lincoln,WA,Truck,0,0,0,4818,4818,0.00
July 31 2019,Santa Barbara,CA,Passenger,1,0,1,96,97,1.03
July 31 2019,Santa Cruz,CA,Passenger,1,0,1,36,37,2.70
June 30 2019,Lincoln,WA,Truck,0,0,0,4805,4805,0.00
January 31 2019,Yakima,WA,Passenger,94,109,203,169474,169677,0.12
August 31 2019,El Paso,TX,Passenger,2,0,2,489,491,0.41
July 31 2019,Skagit,WA,Truck,1,0,1,33441,33442,0.00
June 30 2019,Los Angeles,CA,Passenger,8,4,12,1063,1075,1.12
February 28 2019,Marion,OR,Passenger,1,0,1,100,101,0.99
February 28 2019,Ada,ID,Passenger,0,2,2,285,287,0.70
August 31 2019,Fulton,GA,Passenger,0,2,2,97,99,2.02
February 28 2019,Alameda,CA,Passenger,1,2,3,309,312,0.96
August 31 2019,Montgomery,PA,Passenger,2,0,2,25,27,7.41
September 30 2018,Klickitat,WA,Passenger,28,34,62,15717,15779,0.39
August 31 2019,Nassau,NY,Passenger,2,0,2,31,33,6.06
July 31 2019,Tuolumne,CA,Passenger,0,1,1,11,12,8.33
February 28 2019,Montgomery,PA,Passenger,2,0,2,25,27,7.41
June 30 2019,Montgomery,MD,Passenger,1,4,5,281,286,1.75
July 31 2019,Valencia,NM,Passenger,1,0,1,4,5,20.00
August 31 2019,Grant,WA,Passenger,48,66,114,66861,66975,0.17
February 28 2019,Nassau,NY,Passenger,2,0,2,31,33,6.06
June 30 2019,Nassau,NY,Passenger,2,0,2,32,34,5.88
August 31 2019,Grant,WA,Truck,0,0,0,27672,27672,0.00
August 31 2019,Okanogan,WA,Truck,0,0,0,4155,4155,0.00
February 28 2019,Bexar,TX,Passenger,3,4,7,661,668,1.05
August 31 2019,Grays Harbor,WA,Passenger,101,89,190,48965,49155,0.39
February 28 2019,Okanogan,WA,Truck,0,0,0,4259,4259,0.00
July 31 2019,Washoe,NV,Passenger,2,0,2,91,93,2.15
September 30 2018,Latah,ID,Passenger,0,1,1,72,73,1.37
June 30 2019,Pacific,WA,Truck,0,0,0,7858,7858,0.00
August 31 2019,Pierce,WA,Truck,0,0,0,144375,144375,0.00
July 31 2019,Westchester,NY,Passenger,0,1,1,30,31,3.23
June 30 2019,Palm Beach,FL,Passenger,0,1,1,71,72,1.39
September 30 2018,Liberty,GA,Passenger,1,0,1,153,154,0.65
February 28 2019,Pierce,WA,Truck,0,0,0,143358,143358,0.00
June 30 2019,Pima,AZ,Passenger,0,1,1,360,361,0.28
September 30 2018,Lincoln,WA,Passenger,4,7,11,7971,7982,0.14
July 31 2019,Yakima,WA,Passenger,120,116,236,169854,170090,0.14
June 30 2019,Polk,FL,Passenger,1,0,1,69,70,1.43
February 28 2019,Chelan,WA,Passenger,146,69,215,55436,55651,0.39
August 31 2019,Island,WA,Truck,0,0,0,21807,21807,0.00
February 28 2019,Chelan,WA,Truck,0,0,0,22766,22766,0.00
August 31 2019,Saint Marys,MD,Passenger,1,0,1,200,201,0.50
August 31 2019,Santa Clara,CA,Passenger,3,2,5,337,342,1.46
August 31 2019,Kent,MI,Passenger,0,1,1,21,22,4.55
August 31 2019,Benton,WA,Truck,0,0,0,43338,43338,0.00
February 28 2019,Clark,WA,Truck,0,0,0,82313,82313,0.00
August 31 2019,Kern,CA,Passenger,1,1,2,230,232,0.86
February 28 2019,Clay,FL,Passenger,0,1,1,83,84,1.19
August 31 2019,Shasta,CA,Passenger,1,0,1,42,43,2.33
August 31 2019,King,WA,Passenger,20503,7523,28026,1412476,1440502,1.95
June 30 2019,San Francisco,CA,Passenger,2,1,3,101,104,2.88
February 28 2019,Saint Marys,MD,Passenger,1,0,1,198,199,0.50
August 31 2019,King,WA,Truck,7,1,8,186857,186865,0.00
August 31 2019,Klickitat,WA,Truck,0,0,0,8536,8536,0.00
June 30 2019,Santa Cruz,CA,Passenger,1,0,1,38,39,2.56
February 28 2019,Santa Clara,CA,Passenger,8,1,9,348,357,2.52
August 31 2019,Caddo,LA,Passenger,1,1,2,18,20,10.00
August 31 2019,Larimer,CO,Passenger,0,1,1,46,47,2.13
September 30 2018,Clark,WA,Truck,0,0,0,81675,81675,0.00
June 30 2019,Skamania,WA,Passenger,25,18,43,8965,9008,0.48
February 28 2019,Shasta,CA,Passenger,1,0,1,46,47,2.13
June 30 2019,Spokane,WA,Passenger,577,464,1041,318951,319992,0.33
August 31 2019,Cascade,MT,Passenger,0,1,1,61,62,1.61
August 31 2019,Charles,MD,Passenger,0,1,1,82,83,1.20
August 31 2019,Lewis,WA,Passenger,113,102,215,60557,60772,0.35
February 28 2019,Cowlitz,WA,Passenger,94,115,209,73806,74015,0.28
August 31 2019,Tulsa,OK,Passenger,0,1,1,40,41,2.44
August 31 2019,Chaves,NM,Passenger,1,0,1,9,10,10.00
February 28 2019,Cowlitz,WA,Truck,0,0,0,29559,29559,0.00
September 30 2018,Okanogan,WA,Passenger,1,5,6,6393,6399,0.09
September 30 2018,Columbia,WA,Truck,0,0,0,1587,1587,0.00
August 31 2019,Walla Walla,WA,Passenger,56,64,120,36969,37089,0.32
August 31 2019,Chelan,WA,Passenger,166,74,240,55619,55859,0.43
June 30 2019,Vigo,IN,Passenger,1,0,1,4,5,20.00
February 28 2019,Tulsa,OK,Passenger,0,1,1,43,44,2.27
February 28 2019,Denver,CO,Passenger,1,0,1,121,122,0.82
June 30 2019,Walla Walla,WA,Passenger,49,62,111,36930,37041,0.30
September 30 2018,Cowlitz,WA,Passenger,76,95,171,73386,73557,0.23
June 30 2019,Walla Walla,WA,Truck,0,0,0,14037,14037,0.00
February 28 2019,Walla Walla,WA,Passenger,44,55,99,36804,36903,0.27
August 31 2019,Whitman,WA,Passenger,35,48,83,23135,23218,0.36
September 30 2018,Ozaukee,WI,Passenger,0,1,1,4,5,20.00
August 31 2019,Clallam,WA,Truck,1,0,1,22325,22326,0.00
September 30 2018,Pacific,WA,Truck,0,0,0,7833,7833,0.00
June 30 2019,Wayne,MI,Passenger,0,1,1,65,66,1.52
August 31 2019,Williamson,TX,Passenger,1,0,1,119,120,0.83
August 31 2019,Clark,WA,Passenger,1761,1005,2766,321190,323956,0.85
June 30 2019,Whatcom,WA,Passenger,912,448,1360,153142,154502,0.88
February 28 2019,El Paso,TX,Passenger,2,0,2,507,509,0.39
February 28 2019,Whitman,WA,Passenger,26,43,69,23250,23319,0.30
June 30 2019,Whitman,WA,Passenger,32,50,82,23159,23241,0.35
February 28 2019,Williamson,TX,Passenger,1,0,1,127,128,0.78
September 30 2018,Pinal,AZ,Passenger,2,0,2,172,174,1.15
September 30 2019,Adams,WA,Passenger,5,5,10,13234,13244,0.08
September 30 2018,Dupage,IL,Passenger,1,0,1,53,54,1.85
June 30 2019,Williamson,TX,Passenger,1,0,1,117,118,0.85
August 31 2019,Oklahoma,OK,Passenger,0,2,2,117,119,1.68
July 31 2019,Ada,ID,Passenger,0,2,2,279,281,0.71
September 30 2019,Benton,WA,Passenger,303,308,611,137130,137741,0.44
August 31 2019,Douglas,WA,Truck,0,0,0,12570,12570,0.00
February 28 2019,Fulton,GA,Passenger,1,2,3,99,102,2.94
March 31 2019,Ada,ID,Passenger,0,2,2,284,286,0.70
July 31 2019,Alameda,CA,Passenger,4,2,6,293,299,2.01
March 31 2019,Alameda,CA,Passenger,3,2,5,309,314,1.59
March 31 2019,Albemarle,VA,Passenger,1,0,1,27,28,3.57
August 31 2019,Powhatan,VA,Passenger,1,0,1,0,1,100.00
February 28 2019,Grant,WA,Passenger,36,60,96,66099,66195,0.15
August 31 2019,Prince William,VA,Passenger,1,3,4,248,252,1.59
August 31 2019,Franklin,WA,Truck,0,0,0,20090,20090,0.00
September 30 2018,Grant,WA,Passenger,36,54,90,65559,65649,0.14
February 28 2019,Grant,WA,Truck,0,0,0,27366,27366,0.00
September 30 2018,Riley,KS,Passenger,1,0,1,78,79,1.27
September 30 2018,Grays Harbor,WA,Passenger,67,70,137,48106,48243,0.28
September 30 2019,Clallam,WA,Passenger,199,155,354,51700,52054,0.68
August 31 2019,Fresno,CA,Passenger,1,0,1,184,185,0.54
February 28 2019,Grays Harbor,WA,Passenger,77,83,160,48397,48557,0.33
March 31 2019,Bexar,TX,Passenger,3,4,7,649,656,1.07
September 30 2019,Columbia,WA,Truck,0,0,0,1607,1607,0.00
September 30 2018,Hamilton,IN,Passenger,1,0,1,42,43,2.33
September 30 2018,Russell,AL,Passenger,1,0,1,48,49,2.04
September 30 2018,Hardin,KY,Passenger,0,1,1,123,124,0.81
August 31 2019,San Francisco,CA,Passenger,2,1,3,101,104,2.88
March 31 2019,Bucks,PA,Passenger,1,0,1,19,20,5.00
February 28 2019,Hardin,KY,Passenger,0,1,1,107,108,0.93
August 31 2019,Sangamon,IL,Passenger,1,0,1,6,7,14.29
July 31 2019,Chelan,WA,Truck,0,0,0,22959,22959,0.00
September 30 2018,Hennepin,MN,Passenger,1,0,1,104,105,0.95
August 31 2019,Jefferson,NY,Passenger,0,1,1,228,229,0.44
September 30 2019,Duval,FL,Passenger,1,1,2,355,357,0.56
July 31 2019,Clark,NV,Passenger,2,1,3,636,639,0.47
August 31 2019,Skamania,WA,Truck,0,0,0,4241,4241,0.00
September 30 2019,Ferry,WA,Truck,0,0,0,3752,3752,0.00
July 31 2019,Cochise,AZ,Passenger,0,1,1,120,121,0.83
August 31 2019,Spokane,WA,Passenger,613,472,1085,320173,321258,0.34
September 30 2019,Flathead,MT,Passenger,1,0,1,56,57,1.75
August 31 2019,Spokane,WA,Truck,1,0,1,98567,98568,0.00
August 31 2019,Klickitat,WA,Passenger,42,36,78,15950,16028,0.49
September 30 2019,Franklin,WA,Passenger,57,80,137,61597,61734,0.22
September 30 2018,Skamania,WA,Passenger,17,11,28,8963,8991,0.31
February 28 2019,Island,WA,Truck,0,0,0,21752,21752,0.00
September 30 2018,Jefferson,WA,Truck,0,0,0,9877,9877,0.00
March 31 2019,Clark,NV,Passenger,2,1,3,659,662,0.45
July 31 2019,Columbia,GA,Passenger,1,1,2,150,152,1.32
August 31 2019,Tarrant,TX,Passenger,2,0,2,178,180,1.11
September 30 2018,Juneau,AK,Passenger,0,1,1,38,39,2.56
August 31 2019,Thurston,WA,Passenger,1019,708,1727,201358,203085,0.85
July 31 2019,Cowlitz,WA,Truck,0,0,0,29678,29678,0.00
February 28 2019,Kent,MI,Passenger,0,1,1,20,21,4.76
February 28 2019,Kern,CA,Passenger,1,1,2,241,243,0.82
March 31 2019,Columbia,GA,Passenger,1,1,2,154,156,1.28
September 30 2018,Kent,MI,Passenger,0,1,1,25,26,3.85
July 31 2019,Dale,AL,Passenger,0,1,1,65,66,1.52
August 31 2019,Ventura,CA,Passenger,0,2,2,313,315,0.63
September 30 2019,Howard,MD,Passenger,0,1,1,91,92,1.09
August 31 2019,Walla Walla,WA,Truck,0,0,0,14072,14072,0.00
September 30 2018,Klickitat,WA,Truck,0,0,0,8416,8416,0.00
July 31 2019,Dekalb,IN,Passenger,1,0,1,1,2,50.00
February 28 2019,King,WA,Passenger,18012,7048,25060,1400557,1425617,1.76
July 31 2019,Denver,CO,Passenger,1,0,1,117,118,0.85
February 28 2019,King,WA,Truck,7,1,8,187087,187095,0.00
September 30 2019,Jefferson,CO,Passenger,0,1,1,60,61,1.64
July 31 2019,Deschutes,OR,Passenger,2,0,2,128,130,1.54
February 28 2019,Klickitat,WA,Truck,0,0,0,8488,8488,0.00
March 31 2019,Cowlitz,WA,Truck,0,0,0,29610,29610,0.00
August 31 2019,Whatcom,WA,Truck,2,0,2,44029,44031,0.00
September 30 2018,Larimer,CO,Passenger,0,1,1,50,51,1.96
September 30 2019,Kent,MI,Passenger,0,1,1,20,21,4.76
July 31 2019,El Paso,CO,Passenger,1,1,2,710,712,0.28
September 30 2019,King,WA,Truck,7,1,8,187013,187021,0.00
February 28 2019,Larimer,CO,Passenger,0,1,1,45,46,2.17
July 31 2019,El Paso,TX,Passenger,2,0,2,494,496,0.40
September 30 2018,Wahkiakum,WA,Passenger,2,2,4,3025,3029,0.13
March 31 2019,Dale,AL,Passenger,0,1,1,63,64,1.56
September 30 2019,Allegheny,PA,Passenger,1,0,1,70,71,1.41
March 31 2019,Dekalb,IN,Passenger,1,0,1,1,2,50.00
July 31 2019,Fairbanks North Star,AK,Passenger,0,1,1,97,98,1.02
March 31 2019,District Of Columbia,DC,Passenger,1,2,3,208,211,1.42
February 28 2019,Lewis,WA,Passenger,103,90,193,59615,59808,0.32
July 31 2019,Fresno,CA,Passenger,1,0,1,187,188,0.53
March 31 2019,El Paso,TX,Passenger,2,0,2,503,505,0.40
September 30 2018,Whatcom,WA,Passenger,713,350,1063,151051,152114,0.70
August 31 2019,Moore,NC,Passenger,0,1,1,183,184,0.54
September 30 2018,Whitman,WA,Truck,0,0,0,8792,8792,0.00
July 31 2019,Grant,WA,Truck,0,0,0,27642,27642,0.00
September 30 2019,Boone,MO,Passenger,0,1,1,7,8,12.50
July 31 2019,Grays Harbor,WA,Truck,0,0,0,21056,21056,0.00
August 31 2019,Otero,NM,Passenger,0,1,1,41,42,2.38
September 30 2019,Camden,GA,Passenger,1,1,2,159,161,1.24
October 31 2018,NULL,CA,Passenger,1,1,2,279,281,0.71
March 31 2019,Grant,WA,Truck,0,0,0,27396,27396,0.00
September 30 2019,Mason,OR,Passenger,2,0,2,14,16,12.50
August 31 2019,Pacific,WA,Truck,0,0,0,7873,7873,0.00
March 31 2019,Grays Harbor,WA,Truck,0,0,0,20943,20943,0.00
August 31 2019,Pima,AZ,Passenger,0,1,1,348,349,0.29
August 31 2019,Polk,FL,Passenger,1,0,1,70,71,1.41
September 30 2018,Montgomery,MD,Passenger,1,3,4,291,295,1.36
September 30 2019,Monroe,IL,Passenger,1,0,1,4,5,20.00
October 31 2018,Arlington,VA,Passenger,1,1,2,160,162,1.23
September 30 2018,Montgomery,TX,Passenger,1,0,1,51,52,1.92
September 30 2019,Columbia,WA,Passenger,3,2,5,2500,2505,0.20
September 30 2018,Multnomah,OR,Passenger,3,5,8,764,772,1.04
February 28 2019,Montgomery,TX,Passenger,1,0,1,51,52,1.92
September 30 2019,Montgomery,PA,Passenger,2,0,2,24,26,7.69
September 30 2019,Davidson,TN,Passenger,1,0,1,65,66,1.52
August 31 2019,Saginaw,MI,Passenger,1,0,1,12,13,7.69
July 31 2019,Kern,CA,Passenger,1,1,2,225,227,0.88
September 30 2019,Multnomah,OR,Passenger,5,6,11,700,711,1.55
September 30 2019,Dekalb,GA,Passenger,1,0,1,73,74,1.35
September 30 2018,Okanogan,NULL,Passenger,10,15,25,20487,20512,0.12
August 31 2019,San Juan,WA,Passenger,229,77,306,14741,15047,2.03
March 31 2019,Kittitas,WA,Passenger,76,39,115,30171,30286,0.38
August 31 2019,San Mateo,CA,Passenger,2,1,3,117,120,2.50
February 28 2019,Oklahoma,OK,Passenger,0,1,1,117,118,0.85
September 30 2018,Oklahoma,OK,Passenger,0,1,1,116,117,0.85
September 30 2019,Douglas,NE,Passenger,0,1,1,56,57,1.75
September 30 2019,Douglas,OR,Passenger,1,0,1,46,47,2.13
August 31 2019,Shelby,OH,Passenger,0,1,1,1,2,50.00
September 30 2019,Dupage,IL,Passenger,2,0,2,51,53,3.77
August 31 2019,Skamania,WA,Passenger,28,17,45,8988,9033,0.50
October 31 2018,Bryan,GA,Passenger,1,0,1,59,60,1.67
September 30 2019,Osceola,FL,Passenger,1,0,1,36,37,2.70
July 31 2019,Manassas City,VA,Passenger,0,1,1,8,9,11.11
March 31 2019,Maui,HI,Passenger,1,0,1,48,49,2.04
October 31 2018,Carson City,NV,Passenger,1,0,1,11,12,8.33
August 31 2019,Thurston,WA,Truck,0,0,0,56690,56690,0.00
February 28 2019,Prince William,VA,Passenger,0,4,4,254,258,1.55
September 30 2019,Pierce,WA,Truck,0,0,0,144489,144489,0.00
September 30 2018,Prince William,VA,Passenger,0,4,4,257,261,1.53
September 30 2019,Guadalupe,TX,Passenger,2,0,2,59,61,3.28
September 30 2018,Ramsey,MN,Passenger,1,0,1,38,39,2.56
August 31 2019,Valencia,NM,Passenger,1,0,1,4,5,20.00
September 30 2019,Prince William,VA,Passenger,1,3,4,239,243,1.65
July 31 2019,New Castle,DE,Passenger,1,0,1,23,24,4.17
September 30 2018,Riverside,CA,Passenger,0,2,2,680,682,0.29
August 31 2019,Vigo,IN,Passenger,1,0,1,4,5,20.00
February 28 2019,Saint Clair,IL,Passenger,0,1,1,165,166,0.60
July 31 2019,Okanogan,WA,Passenger,3,7,10,6158,6168,0.16
October 31 2018,Clackamas,OR,Passenger,0,1,1,202,203,0.49
August 31 2019,Wahkiakum,WA,Passenger,2,3,5,3091,3096,0.16
February 28 2019,San Francisco,CA,Passenger,2,1,3,108,111,2.70
September 30 2019,Riverside,CA,Passenger,1,1,2,625,627,0.32
October 31 2018,Cochise,AZ,Passenger,0,1,1,127,128,0.78
February 28 2019,Sangamon,IL,Passenger,2,0,2,7,9,22.22
September 30 2019,Jefferson,WA,Passenger,219,137,356,25545,25901,1.37
September 30 2018,Saint Clair,IL,Passenger,0,1,1,160,161,0.62
September 30 2019,Jefferson,WA,Truck,0,0,0,9902,9902,0.00
August 31 2019,Whatcom,WA,Passenger,958,472,1430,153596,155026,0.92
March 31 2019,Saint Lucie,FL,Passenger,1,0,1,24,25,4.00
September 30 2019,Santa Barbara,CA,Passenger,1,0,1,96,97,1.03
August 31 2019,Whitman,WA,Truck,0,0,0,8865,8865,0.00
September 30 2018,San Francisco,CA,Passenger,1,1,2,110,112,1.79
February 28 2019,Skamania,WA,Truck,0,0,0,4178,4178,0.00
July 31 2019,Putnam,TN,Passenger,0,1,1,2,3,33.33
October 31 2018,Cumberland,NC,Passenger,0,1,1,549,550,0.18
March 31 2019,San Juan,WA,Truck,0,0,0,6007,6007,0.00
September 30 2019,Juneau,AK,Passenger,0,1,1,21,22,4.55
February 28 2019,Spokane,WA,Passenger,519,418,937,314586,315523,0.30
October 31 2018,Dallas,TX,Passenger,0,1,1,178,179,0.56
September 30 2019,Shasta,CA,Passenger,1,0,1,40,41,2.44
March 31 2019,Sangamon,IL,Passenger,2,0,2,7,9,22.22
February 28 2019,Spokane,WA,Truck,1,0,1,97274,97275,0.00
August 31 2019,Yakima,WA,Passenger,122,118,240,170033,170273,0.14
March 31 2019,Shelby,TN,Passenger,0,1,1,101,102,0.98
September 30 2018,Skagit,WA,Truck,1,0,1,33218,33219,0.00
September 30 2019,Kent,DE,Passenger,0,1,1,73,74,1.35
September 30 2019,NULL,CA,Passenger,1,2,3,251,254,1.18
July 31 2019,San Juan,WA,Passenger,224,76,300,14746,15046,1.99
March 31 2019,Snohomish,WA,Passenger,3361,1619,4980,537220,542200,0.92
July 31 2019,San Juan,WA,Truck,0,0,0,6068,6068,0.00
September 30 2019,Kitsap,WA,Truck,1,0,1,55443,55444,0.00
October 31 2018,Deschutes,OR,Passenger,2,0,2,142,144,1.39
July 31 2019,Sangamon,IL,Passenger,1,0,1,6,7,14.29
February 28 2019,Tarrant,TX,Passenger,1,0,1,188,189,0.53
September 30 2019,Klamath,OR,Passenger,1,0,1,26,27,3.70
September 30 2018,Spokane,WA,Passenger,395,378,773,311910,312683,0.25
September 30 2019,Arlington,VA,Passenger,0,2,2,141,143,1.40
March 31 2019,Spokane,WA,Truck,1,0,1,97362,97363,0.00
July 31 2019,Shelby,TN,Passenger,0,1,1,92,93,1.08
September 30 2019,Kootenai,ID,Passenger,1,1,2,193,195,1.03
February 28 2019,Thurston,WA,Passenger,870,631,1501,199223,200724,0.75
September 30 2019,Volusia,FL,Passenger,0,1,1,35,36,2.78
September 30 2019,Bell,TX,Passenger,0,1,1,435,436,0.23
March 31 2019,Stevens,WA,Passenger,20,31,51,32586,32637,0.16
July 31 2019,Spokane,WA,Truck,1,0,1,98317,98318,0.00
September 30 2018,Tarrant,TX,Passenger,1,0,1,196,197,0.51
September 30 2019,Boulder,CO,Passenger,1,1,2,39,41,4.88
February 28 2019,Ventura,CA,Passenger,0,2,2,314,316,0.63
March 31 2019,Thurston,WA,Passenger,890,638,1528,199470,200998,0.76
July 31 2019,Thurston,WA,Truck,0,0,0,56570,56570,0.00
September 30 2019,Los Angeles,CA,Passenger,8,6,14,1052,1066,1.31
October 31 2019,Adams,WA,Truck,0,0,0,5370,5370,0.00
February 28 2019,Walla Walla,WA,Truck,0,0,0,14013,14013,0.00
March 31 2019,Tuolumne,CA,Passenger,0,1,1,11,12,8.33
October 31 2019,Albemarle,VA,Passenger,1,0,1,30,31,3.23
September 30 2019,Bryan,GA,Passenger,1,0,1,58,59,1.69
September 30 2019,Maui,HI,Passenger,1,0,1,40,41,2.44
October 31 2018,Garfield,WA,Truck,0,0,0,991,991,0.00
February 28 2019,Whatcom,WA,Truck,2,0,2,43898,43900,0.00
September 30 2019,Carson City,NV,Passenger,1,0,1,9,10,10.00
September 30 2018,Ventura,CA,Passenger,0,2,2,311,313,0.64
October 31 2019,Asotin,WA,Truck,0,0,0,6908,6908,0.00
September 30 2018,Volusia,FL,Passenger,0,1,1,34,35,2.86
March 31 2019,NULL,NULL,Passenger,8,7,15,2130,2145,0.70
March 31 2019,NULL,WA,Passenger,0,0,0,2,2,0.00
September 30 2019,Montgomery,MD,Passenger,0,4,4,273,277,1.44
September 30 2019,Clackamas,OR,Passenger,1,1,2,189,191,1.05
March 31 2019,Adams,WA,Truck,0,0,0,5347,5347,0.00
April 30 2019,Adams,WA,Truck,0,0,0,5352,5352,0.00
September 30 2019,Cochise,AZ,Passenger,0,1,1,115,116,0.86
October 31 2019,Bay,FL,Passenger,1,0,1,36,37,2.70
September 30 2019,Muscogee,GA,Passenger,0,1,1,180,181,0.55
April 30 2019,Albemarle,VA,Passenger,1,0,1,29,30,3.33
August 31 2019,NULL,CA,Passenger,1,2,3,250,253,1.19
March 31 2019,Alexandria City,VA,Passenger,4,0,4,156,160,2.50
August 31 2019,NULL,WA,Passenger,0,0,0,2,2,0.00
August 31 2019,NULL,WA,Truck,0,0,0,1,1,0.00
October 31 2019,Bexar,TX,Passenger,1,6,7,598,605,1.16
September 30 2019,Cumberland,NC,Passenger,0,2,2,507,509,0.39
October 31 2019,Boone,MO,Passenger,0,1,1,8,9,11.11
September 30 2019,Okanogan,NULL,Passenger,23,19,42,20825,20867,0.20
September 30 2019,Pacific,WA,Passenger,36,31,67,16327,16394,0.41
October 31 2019,Broward,FL,Passenger,1,1,2,116,118,1.69
September 30 2018,Washoe,NV,Passenger,1,0,1,97,98,1.02
April 30 2019,Asotin,WA,Truck,0,0,0,6865,6865,0.00
August 31 2019,Bell,TX,Passenger,0,1,1,441,442,0.23
September 30 2019,Palm Beach,FL,Passenger,0,1,1,69,70,1.43
September 30 2019,Deschutes,OR,Passenger,2,0,2,127,129,1.55
August 31 2019,Benton,WA,Passenger,291,301,592,136882,137474,0.43
October 31 2019,Caddo,LA,Passenger,1,0,1,18,19,5.26
March 31 2019,Benton,WA,Passenger,252,259,511,135592,136103,0.38
April 30 2019,Bexar,TX,Passenger,3,4,7,638,645,1.09
August 31 2019,Carson City,NV,Passenger,1,0,1,10,11,9.09
September 30 2019,Ramsey,MN,Passenger,1,0,1,35,36,2.78
April 30 2019,Broward,FL,Passenger,1,1,2,121,123,1.63
September 30 2019,Garfield,WA,Truck,0,0,0,992,992,0.00
October 31 2019,Chelan,WA,Passenger,193,79,272,55780,56052,0.49
October 31 2018,Adams,WA,Truck,0,0,0,5387,5387,0.00
August 31 2019,Clallam,WA,Passenger,197,152,349,51596,51945,0.67
September 30 2019,Goochland,VA,Passenger,2,1,3,185,188,1.60
October 31 2019,Clay,FL,Passenger,0,1,1,84,85,1.18
October 31 2018,Alexandria City,VA,Passenger,2,0,2,163,165,1.21
April 30 2019,Caddo,LA,Passenger,1,1,2,22,24,8.33
September 30 2019,San Bernardino,CA,Passenger,0,1,1,460,461,0.22
October 31 2018,Kitsap,WA,Passenger,953,526,1479,183079,184558,0.80
September 30 2019,Harnett,NC,Passenger,0,1,1,194,195,0.51
August 31 2019,Cumberland,NC,Passenger,0,2,2,510,512,0.39
October 31 2018,Kittitas,WA,Truck,0,0,0,14634,14634,0.00
September 30 2019,Santa Cruz,CA,Passenger,1,0,1,33,34,2.94
September 30 2019,Skagit,WA,Passenger,350,231,581,94249,94830,0.61
September 30 2019,Hennepin,MN,Passenger,2,0,2,99,101,1.98
October 31 2019,Cook,IL,Passenger,1,0,1,215,216,0.46
October 31 2018,Asotin,WA,Truck,0,0,0,6858,6858,0.00
September 30 2019,Skagit,WA,Truck,1,0,1,33426,33427,0.00
September 30 2019,Hidalgo,TX,Passenger,0,1,1,83,84,1.19
September 30 2019,Snohomish,WA,Truck,0,0,0,126595,126595,0.00
April 30 2019,Chelan,WA,Passenger,148,69,217,55525,55742,0.39
October 31 2019,Dekalb,GA,Passenger,1,0,1,73,74,1.35
September 30 2019,Stevens,WA,Truck,0,0,0,19426,19426,0.00
April 30 2019,Clay,FL,Passenger,0,1,1,87,88,1.14
August 31 2019,Duval,FL,Passenger,1,1,2,359,361,0.55
October 31 2019,Douglas,WA,Truck,0,0,0,12598,12598,0.00
September 30 2019,Twin Falls,ID,Passenger,0,1,1,24,25,4.00
April 30 2019,Cook,IL,Passenger,1,0,1,225,226,0.44
August 31 2019,Ferry,WA,Truck,0,0,0,3754,3754,0.00
September 30 2019,Kitsap,WA,Passenger,1212,670,1882,184605,186487,1.01
August 31 2019,Flathead,MT,Passenger,1,0,1,56,57,1.75
September 30 2019,Kittitas,WA,Truck,0,0,0,14984,14984,0.00
October 31 2018,Lumpkin,GA,Passenger,1,0,1,9,10,10.00
October 31 2018,Caddo,LA,Passenger,1,1,2,23,25,8.00
April 30 2019,Dekalb,GA,Passenger,1,0,1,75,76,1.32
August 31 2019,Glacier,MT,Passenger,0,1,1,5,6,16.67
October 31 2018,Manassas City,VA,Passenger,0,1,1,9,10,10.00
October 31 2019,Franklin,WA,Truck,0,0,0,20246,20246,0.00
September 30 2019,Washoe,NV,Passenger,2,0,2,85,87,2.30
April 30 2019,Douglas,WA,Truck,0,0,0,12504,12504,0.00
August 31 2019,Harnett,NC,Passenger,0,1,1,196,197,0.51
October 31 2019,Fulton,GA,Passenger,0,2,2,99,101,1.98
September 30 2019,Wayne,MI,Passenger,0,1,1,62,63,1.59
September 30 2019,Westchester,NY,Passenger,0,1,1,30,31,3.23
October 31 2019,Garfield,WA,Passenger,0,1,1,1326,1327,0.08
September 30 2019,Whitman,WA,Passenger,37,48,85,23133,23218,0.37
March 31 2019,El Paso,CO,Passenger,2,2,4,736,740,0.54
April 30 2019,Franklin,WA,Truck,0,0,0,19861,19861,0.00
September 30 2019,Manassas City,VA,Passenger,0,1,1,6,7,14.29
April 30 2019,Fulton,GA,Passenger,1,2,3,105,108,2.78
August 31 2019,Jefferson,CO,Passenger,0,1,1,61,62,1.61
October 31 2019,Ada,ID,Passenger,0,1,1,275,276,0.36
April 30 2019,Garfield,WA,Passenger,1,1,2,1327,1329,0.15
October 31 2019,Alameda,CA,Passenger,4,0,4,278,282,1.42
March 31 2019,Frederick,MD,Passenger,1,1,2,86,88,2.27
October 31 2018,Columbia,GA,Passenger,1,1,2,162,164,1.22
October 31 2019,Anne Arundel,MD,Passenger,1,3,4,436,440,0.91
October 31 2019,Asotin,WA,Passenger,13,9,22,12955,12977,0.17
October 31 2018,Cook,IL,Passenger,1,0,1,241,242,0.41
August 31 2019,Kittitas,WA,Truck,0,0,0,14961,14961,0.00
October 31 2019,Island,WA,Truck,0,0,0,21819,21819,0.00
March 31 2019,Guilford,NC,Passenger,1,0,1,26,27,3.70
September 30 2019,Okanogan,WA,Passenger,2,7,9,6161,6170,0.15
September 30 2019,Oldham,KY,Passenger,0,1,1,4,5,20.00
April 30 2019,Island,WA,Truck,0,0,0,21807,21807,0.00
March 31 2019,Harris,TX,Passenger,0,1,1,231,232,0.43
October 31 2018,Okanogan,WA,Passenger,2,5,7,6369,6376,0.11
October 31 2018,Oldham,KY,Passenger,0,1,1,4,5,20.00
August 31 2019,Mason,OR,Passenger,2,0,2,12,14,14.29
October 31 2019,Chelan,WA,Truck,0,0,0,23083,23083,0.00
September 30 2019,Pierce,WA,Passenger,2203,1707,3910,555668,559578,0.70
March 31 2019,Honolulu,HI,Passenger,2,1,3,473,476,0.63
October 31 2018,Ozaukee,WI,Passenger,0,1,1,4,5,20.00
September 30 2019,Pinellas,FL,Passenger,1,1,2,92,94,2.13
October 31 2019,Los Angeles,CA,Passenger,8,7,15,1033,1048,1.43
August 31 2019,Monroe,IL,Passenger,1,0,1,4,5,20.00
October 31 2018,Ferry,WA,Passenger,3,2,5,4592,4597,0.11
September 30 2019,Putnam,TN,Passenger,0,1,1,2,3,33.33
October 31 2018,Pierce,WA,Passenger,1618,1397,3015,547649,550664,0.55
October 31 2019,Cowlitz,WA,Truck,0,0,0,29818,29818,0.00
October 31 2018,Franklin,WA,Truck,0,0,0,19624,19624,0.00
October 31 2019,Denver,CO,Passenger,1,0,1,119,120,0.83
October 31 2018,Frederick,MD,Passenger,0,1,1,87,88,1.14
April 30 2019,Los Angeles,CA,Passenger,8,4,12,1060,1072,1.12
August 31 2019,Nueces,TX,Passenger,1,1,2,93,95,2.11
October 31 2019,Mason,WA,Passenger,165,135,300,48558,48858,0.61
October 31 2018,Gallatin,MT,Passenger,0,1,1,58,59,1.69
September 30 2019,Saint Louis,MO,Passenger,1,0,1,73,74,1.35
October 31 2018,Prince George,VA,Passenger,0,1,1,78,79,1.27
October 31 2019,El Paso,TX,Passenger,2,0,2,469,471,0.42
October 31 2019,Fairbanks North Star,AK,Passenger,0,1,1,101,102,0.98
April 30 2019,Mason,WA,Passenger,140,124,264,47900,48164,0.55
August 31 2019,Osceola,FL,Passenger,1,0,1,37,38,2.63
October 31 2019,Montgomery,AL,Passenger,0,2,2,37,39,5.13
October 31 2019,Ferry,WA,Passenger,5,2,7,4593,4600,0.15
October 31 2019,Moore,NC,Passenger,0,1,1,179,180,0.56
August 31 2019,Pend Oreille,WA,Passenger,6,6,12,9834,9846,0.12
October 31 2019,Franklin,WA,Passenger,61,82,143,61865,62008,0.23
April 30 2019,Montgomery,AL,Passenger,0,2,2,44,46,4.35
April 30 2019,Moore,NC,Passenger,0,1,1,188,189,0.53
September 30 2019,Santa Fe,NM,Passenger,0,1,1,35,36,2.78
October 31 2019,Fresno,CA,Passenger,1,0,1,182,183,0.55
October 31 2019,Pima,AZ,Passenger,1,1,2,332,334,0.60
August 31 2019,Saint Louis,MO,Passenger,1,0,1,75,76,1.32
October 31 2019,Grant,WA,Truck,0,0,0,27811,27811,0.00
April 30 2019,Pacific,WA,Truck,0,0,0,7866,7866,0.00
September 30 2019,Sumter,FL,Passenger,0,1,1,8,9,11.11
March 31 2019,Mason,WA,Passenger,137,122,259,47756,48015,0.54
October 31 2019,Polk,FL,Passenger,1,0,1,68,69,1.45
August 31 2019,Santa Barbara,CA,Passenger,1,0,1,97,98,1.02
October 31 2019,Grays Harbor,WA,Truck,0,0,0,21218,21218,0.00
September 30 2019,Travis,TX,Passenger,1,1,2,174,176,1.14
August 31 2019,Santa Fe,NM,Passenger,0,1,1,33,34,2.94
April 30 2019,Pima,AZ,Passenger,0,1,1,368,369,0.27
April 30 2019,Polk,FL,Passenger,1,0,1,66,67,1.49
August 31 2019,Spartanburg,SC,Passenger,0,1,1,30,31,3.23
March 31 2019,Montgomery,AL,Passenger,0,1,1,43,44,2.27
October 31 2019,San Bernardino,CA,Passenger,0,1,1,461,462,0.22
October 31 2019,Santa Cruz,CA,Passenger,1,0,1,33,34,2.94
September 30 2019,Yakima,WA,Truck,0,0,0,61683,61683,0.00
October 31 2018,Sumter,FL,Passenger,0,1,1,9,10,10.00
April 30 2019,Saint Lucie,FL,Passenger,1,0,1,25,26,3.85
October 31 2019,Kern,CA,Passenger,2,1,3,226,229,1.31
March 31 2019,Norfolk City,VA,Passenger,3,2,5,364,369,1.36
October 31 2019,King,WA,Truck,7,1,8,187003,187011,0.00
October 31 2019,Stafford,VA,Passenger,1,0,1,88,89,1.12
October 31 2018,Lane,OR,Passenger,0,1,1,173,174,0.57
March 31 2019,Okanogan,WA,Truck,0,0,0,4236,4236,0.00
August 31 2019,Yakima,WA,Truck,0,0,0,61672,61672,0.00
October 31 2019,Larimer,CO,Passenger,0,1,1,48,49,2.04
April 30 2019,Santa Cruz,CA,Passenger,1,0,1,36,37,2.70
September 30 2019,NULL,NULL,Passenger,8,6,14,2000,2014,0.70
September 30 2019,NULL,WA,Passenger,0,0,0,2,2,0.00
October 31 2019,Lewis,WA,Truck,0,0,0,26813,26813,0.00
October 31 2019,Thurston,WA,Passenger,1094,735,1829,202041,203870,0.90
September 30 2019,Anne Arundel,MD,Passenger,1,3,4,434,438,0.91
October 31 2018,Liberty,GA,Passenger,1,0,1,153,154,0.65
October 31 2019,Tuolumne,CA,Passenger,0,1,1,10,11,9.09
September 30 2019,Asotin,WA,Passenger,13,9,22,12949,12971,0.17
October 31 2019,Valencia,NM,Passenger,1,0,1,4,5,20.00
October 31 2019,Vigo,IN,Passenger,1,0,1,4,5,20.00
March 31 2019,Pinal,AZ,Passenger,2,0,2,165,167,1.20
October 31 2019,Clark,WA,Truck,0,0,0,83251,83251,0.00
October 31 2019,Walla Walla,WA,Truck,0,0,0,14078,14078,0.00
October 31 2018,Madison,ID,Passenger,1,0,1,36,37,2.70
October 31 2018,Yakima,WA,Truck,0,0,0,61171,61171,0.00
October 31 2019,Cowlitz,WA,Passenger,121,121,242,74855,75097,0.32
October 31 2019,Westchester,NY,Passenger,0,1,1,28,29,3.45
April 30 2019,Tuolumne,CA,Passenger,0,1,1,11,12,8.33
October 31 2018,Maricopa,AZ,Passenger,3,1,4,1386,1390,0.29
November 30 2018,NULL,NULL,Passenger,8,5,13,2188,2201,0.59
April 30 2019,Valencia,NM,Passenger,1,0,1,6,7,14.29
October 31 2019,Cumberland,NC,Passenger,0,2,2,507,509,0.39
April 30 2019,Vigo,IN,Passenger,1,0,1,4,5,20.00
April 30 2019,Walla Walla,WA,Truck,0,0,0,14051,14051,0.00
October 31 2018,Marion,IN,Passenger,1,0,1,119,120,0.83
November 30 2019,NULL,CA,Passenger,1,2,3,243,246,1.22
November 30 2019,NULL,WA,Truck,0,0,0,1,1,0.00
October 31 2019,Montgomery,PA,Passenger,1,0,1,24,25,4.00
November 30 2018,Alexandria City,VA,Passenger,2,0,2,160,162,1.23
November 30 2019,Adams,WA,Truck,0,0,0,5404,5404,0.00
September 30 2019,Cascade,MT,Passenger,0,1,1,60,61,1.64
October 31 2018,Mason,WA,Passenger,123,109,232,47371,47603,0.49
September 30 2019,Chaves,NM,Passenger,1,0,1,9,10,10.00
October 31 2019,New Castle,DE,Passenger,1,0,1,24,25,4.00
November 30 2019,Allegheny,PA,Passenger,1,0,1,67,68,1.47
October 31 2019,Fairfax,VA,Passenger,3,3,6,735,741,0.81
October 31 2019,Oklahoma,OK,Passenger,0,2,2,119,121,1.65
November 30 2019,Arapahoe,CO,Passenger,1,0,1,131,132,0.76
November 30 2019,Arlington,VA,Passenger,0,2,2,143,145,1.38
March 31 2019,San Diego,CA,Passenger,7,4,11,2700,2711,0.41
November 30 2018,Beaufort,SC,Passenger,1,0,1,31,32,3.12
October 31 2018,Miami-Dade,FL,Passenger,0,1,1,110,111,0.90
October 31 2019,Grant,WA,Passenger,58,69,127,67039,67166,0.19
September 30 2019,Contra Costa,CA,Passenger,1,0,1,198,199,0.50
November 30 2019,Bell,TX,Passenger,0,1,1,424,425,0.24
October 31 2019,Grays Harbor,WA,Passenger,108,100,208,49107,49315,0.42
November 30 2019,Benton,WA,Truck,0,0,0,43544,43544,0.00
October 31 2019,Harrison,MS,Passenger,1,0,1,62,63,1.59
October 31 2018,Monterey,CA,Passenger,0,2,2,204,206,0.97
October 31 2019,San Juan,WA,Passenger,242,80,322,14714,15036,2.14
September 30 2019,El Paso,CO,Passenger,1,1,2,709,711,0.28
November 30 2019,Boone,MO,Passenger,0,1,1,8,9,11.11
March 31 2019,Spartanburg,SC,Passenger,0,1,1,27,28,3.57
October 31 2019,Sangamon,IL,Passenger,1,0,1,5,6,16.67
October 31 2018,Moore,NC,Passenger,0,1,1,199,200,0.50
May 31 2019,Cascade,MT,Passenger,0,1,1,60,61,1.64
September 30 2019,Fresno,CA,Passenger,1,0,1,184,185,0.54
October 31 2019,Spokane,WA,Truck,1,0,1,99124,99125,0.00
November 30 2019,Charles,MD,Passenger,0,1,1,78,79,1.27
May 31 2019,Chaves,NM,Passenger,1,0,1,7,8,12.50
October 31 2018,New Castle,DE,Passenger,1,0,1,27,28,3.57
October 31 2018,Norfolk City,VA,Passenger,3,2,5,353,358,1.40
November 30 2019,Clallam,WA,Truck,1,0,1,22334,22335,0.00
October 31 2019,King,WA,Passenger,21866,7721,29587,1415554,1445141,2.05
May 31 2019,Clark,WA,Passenger,1585,952,2537,319111,321648,0.79
October 31 2019,Thurston,WA,Truck,0,0,0,56863,56863,0.00
October 31 2019,Klickitat,WA,Truck,0,0,0,8547,8547,0.00
May 31 2019,Cochise,AZ,Passenger,0,1,1,119,120,0.83
September 30 2019,Greene,MO,Passenger,0,1,1,19,20,5.00
November 30 2019,Davidson,TN,Passenger,1,0,1,65,66,1.52
November 30 2018,Clark,WA,Truck,0,0,0,82074,82074,0.00
September 30 2019,Guilford,NC,Passenger,1,0,1,28,29,3.45
November 30 2019,Dekalb,GA,Passenger,1,0,1,74,75,1.33
September 30 2019,Harris,TX,Passenger,1,1,2,222,224,0.89
October 31 2019,Lewis,WA,Passenger,117,109,226,60626,60852,0.37
September 30 2019,Honolulu,HI,Passenger,3,0,3,456,459,0.65
October 31 2018,Pinal,AZ,Passenger,2,0,2,175,177,1.13
November 30 2018,Cowlitz,WA,Passenger,82,103,185,73713,73898,0.25
May 31 2019,El Paso,CO,Passenger,1,1,2,717,719,0.28
April 30 2019,Ada,ID,Passenger,0,2,2,282,284,0.70
April 30 2019,Alameda,CA,Passenger,3,2,5,303,308,1.62
October 31 2019,Maricopa,AZ,Passenger,5,4,9,1254,1263,0.71
November 30 2019,Frederick,MD,Passenger,2,1,3,86,89,3.37
April 30 2019,Anne Arundel,MD,Passenger,0,3,3,448,451,0.67
April 30 2019,Asotin,WA,Passenger,13,9,22,12961,12983,0.17
May 31 2019,Fresno,CA,Passenger,1,0,1,182,183,0.55
September 30 2019,Lewis,WA,Truck,0,0,0,26752,26752,0.00
November 30 2019,Hidalgo,TX,Passenger,0,1,1,82,83,1.20
November 30 2019,Boulder,CO,Passenger,1,1,2,39,41,4.88
November 30 2018,Fairfax,VA,Passenger,1,3,4,790,794,0.50
November 30 2019,Jefferson,NY,Passenger,0,1,1,227,228,0.44
May 31 2019,Jefferson,WA,Passenger,203,129,332,25418,25750,1.29
October 31 2018,San Diego,CA,Passenger,6,4,10,2622,2632,0.38
November 30 2019,Kent,DE,Passenger,0,1,1,71,72,1.39
November 30 2019,Columbia,WA,Passenger,3,2,5,2500,2505,0.20
November 30 2019,Kittitas,WA,Truck,0,0,0,15022,15022,0.00
November 30 2019,Columbia,WA,Truck,0,0,0,1600,1600,0.00
May 31 2019,Klickitat,WA,Passenger,39,34,73,15893,15966,0.46
November 30 2019,Kootenai,ID,Passenger,1,1,2,195,197,1.02
November 30 2018,Grant,WA,Passenger,35,57,92,65830,65922,0.14
September 30 2019,Nueces,TX,Passenger,1,1,2,93,95,2.11
April 30 2019,Chelan,WA,Truck,0,0,0,22820,22820,0.00
September 30 2019,Okanogan,WA,Truck,0,0,0,4157,4157,0.00
October 31 2019,Powhatan,VA,Passenger,1,0,1,0,1,100.00
November 30 2018,Guilford,NC,Passenger,1,0,1,25,26,3.85
November 30 2019,Liberty,GA,Passenger,1,0,1,129,130,0.77
November 30 2019,Deschutes,OR,Passenger,2,0,2,119,121,1.65
October 31 2018,Shelby,TN,Passenger,0,1,1,110,111,0.90
November 30 2019,Douglas,OR,Passenger,1,0,1,45,46,2.17
May 31 2019,Mecklenburg,NC,Passenger,1,0,1,83,84,1.19
November 30 2019,Dupage,IL,Passenger,2,0,2,52,54,3.70
November 30 2018,Honolulu,HI,Passenger,2,1,3,495,498,0.60
October 31 2019,San Francisco,CA,Passenger,2,1,3,95,98,3.06
September 30 2019,Saginaw,MI,Passenger,1,0,1,11,12,8.33
April 30 2019,Cowlitz,WA,Truck,0,0,0,29678,29678,0.00
September 30 2019,Saint Marys,MD,Passenger,1,0,1,200,201,0.50
November 30 2018,Island,WA,Passenger,281,233,514,64291,64805,0.79
September 30 2019,San Juan,WA,Passenger,234,77,311,14728,15039,2.07
October 31 2019,Santa Fe,NM,Passenger,0,1,1,35,36,2.78
September 30 2019,San Mateo,CA,Passenger,2,1,3,119,122,2.46
October 31 2019,Sarasota,FL,Passenger,1,0,1,24,25,4.00
November 30 2019,Guadalupe,TX,Passenger,2,0,2,56,58,3.45
October 31 2018,Valencia,NM,Passenger,1,0,1,7,8,12.50
April 30 2019,Denver,CO,Passenger,1,0,1,120,121,0.83
September 30 2019,Santa Clara,CA,Passenger,3,2,5,324,329,1.52
October 31 2019,Skamania,WA,Truck,0,0,0,4268,4268,0.00
November 30 2019,Hennepin,MN,Passenger,2,0,2,95,97,2.06
November 30 2018,King,WA,Passenger,16244,6677,22921,1397581,1420502,1.61
October 31 2019,Spokane,WA,Passenger,656,497,1153,321396,322549,0.36
April 30 2019,El Paso,TX,Passenger,2,0,2,498,500,0.40
May 31 2019,Russell,AL,Passenger,1,0,1,38,39,2.56
November 30 2019,Otero,NM,Passenger,0,1,1,38,39,2.56
November 30 2019,Ozaukee,WI,Passenger,0,1,1,3,4,25.00
November 30 2019,Pacific,WA,Truck,0,0,0,7927,7927,0.00
November 30 2019,Jefferson,WA,Truck,0,0,0,9862,9862,0.00
May 31 2019,Saginaw,MI,Passenger,1,0,1,11,12,8.33
November 30 2019,Palm Beach,FL,Passenger,0,1,1,68,69,1.45
September 30 2019,Thurston,WA,Truck,0,0,0,56763,56763,0.00
November 30 2018,Ada,ID,Passenger,0,2,2,297,299,0.67
November 30 2019,Jones,GA,Passenger,1,0,1,1,2,50.00
November 30 2018,Lincoln,WA,Truck,0,0,0,4774,4774,0.00
May 31 2019,San Juan,WA,Passenger,210,74,284,14675,14959,1.90
November 30 2019,Juneau,AK,Passenger,0,1,1,21,22,4.55
September 30 2019,Tulsa,OK,Passenger,0,1,1,42,43,2.33
April 30 2019,Franklin,WA,Passenger,61,70,131,60769,60900,0.22
November 30 2019,Pinal,AZ,Passenger,1,0,1,158,159,0.63
November 30 2018,Alameda,CA,Passenger,0,2,2,319,321,0.62
May 31 2019,San Mateo,CA,Passenger,2,1,3,122,125,2.40
October 31 2019,Ventura,CA,Passenger,0,2,2,309,311,0.64
April 30 2019,Fresno,CA,Passenger,1,0,1,182,183,0.55
October 31 2019,Wahkiakum,WA,Truck,0,0,0,1794,1794,0.00
April 30 2019,Gallatin,MT,Passenger,0,1,1,53,54,1.85
May 31 2019,Snohomish,WA,Truck,1,0,1,125905,125906,0.00
November 30 2018,Arlington,VA,Passenger,1,1,2,159,161,1.24
May 31 2019,Stevens,WA,Truck,0,0,0,19426,19426,0.00
October 31 2019,Whatcom,WA,Truck,2,0,2,44138,44140,0.00
April 30 2019,Grant,WA,Truck,0,0,0,27437,27437,0.00
September 30 2019,Yakima,WA,Passenger,123,123,246,170058,170304,0.14
April 30 2019,Grays Harbor,WA,Truck,0,0,0,20947,20947,0.00
May 31 2019,Thurston,WA,Truck,0,0,0,56441,56441,0.00
October 31 2019,NULL,CA,Passenger,1,2,3,247,250,1.20
October 31 2019,NULL,WA,Truck,0,0,0,1,1,0.00
November 30 2019,Los Angeles,CA,Passenger,7,8,15,1025,1040,1.44
October 31 2019,Allegheny,PA,Passenger,1,0,1,68,69,1.45
November 30 2019,NULL,NULL,Passenger,8,6,14,2004,2018,0.69
October 31 2019,Arapahoe,CO,Passenger,1,0,1,132,133,0.75
November 30 2019,Manassas City,VA,Passenger,0,1,1,6,7,14.29
November 30 2019,Skamania,WA,Passenger,29,19,48,9012,9060,0.53
November 30 2019,Adams,WA,Passenger,6,8,14,13264,13278,0.11
November 30 2018,Norfolk City,VA,Passenger,3,2,5,357,362,1.38
October 31 2019,Bell,TX,Passenger,0,1,1,431,432,0.23
October 31 2019,Benton,WA,Truck,0,0,0,43502,43502,0.00
November 30 2019,Sumter,FL,Passenger,0,1,1,8,9,11.11
May 31 2019,Washoe,NV,Passenger,2,0,2,93,95,2.11
November 30 2018,Okanogan,WA,Truck,0,0,0,4279,4279,0.00
November 30 2019,Montgomery,MD,Passenger,0,4,4,270,274,1.46
May 31 2019,Whitman,WA,Truck,0,0,0,8811,8811,0.00
November 30 2019,Multnomah,OR,Passenger,4,6,10,684,694,1.44
November 30 2019,Travis,TX,Passenger,1,1,2,170,172,1.16
May 31 2019,Yakima,WA,Passenger,105,113,218,169567,169785,0.13
October 31 2019,Bucks,PA,Passenger,1,0,1,23,24,4.17
November 30 2019,Okanogan,NULL,Passenger,26,22,48,20850,20898,0.23
November 30 2018,Clark,NV,Passenger,2,1,3,681,684,0.44
October 31 2019,Camden,GA,Passenger,1,1,2,160,162,1.23
November 30 2019,Valencia,NM,Passenger,1,0,1,3,4,25.00
November 30 2019,Vigo,IN,Passenger,1,0,1,4,5,20.00
November 30 2019,Oldham,KY,Passenger,0,1,1,4,5,20.00
November 30 2019,Wahkiakum,WA,Passenger,4,4,8,3106,3114,0.26
October 31 2019,Carson City,NV,Passenger,1,0,1,10,11,9.09
April 30 2019,Kern,CA,Passenger,1,1,2,233,235,0.85
November 30 2019,Camden,GA,Passenger,1,1,2,157,159,1.26
November 30 2019,Pacific,WA,Passenger,39,33,72,16365,16437,0.44
June 30 2019,Boulder,CO,Passenger,1,0,1,34,35,2.86
November 30 2018,Columbia,GA,Passenger,1,1,2,162,164,1.22
April 30 2019,King,WA,Truck,6,1,7,186734,186741,0.00
October 31 2019,Charles,MD,Passenger,0,1,1,77,78,1.28
November 30 2019,Whatcom,WA,Passenger,1020,495,1515,154019,155534,0.97
June 30 2019,Brevard,FL,Passenger,0,1,1,72,73,1.37
November 30 2019,Pierce,WA,Passenger,2322,1749,4071,557787,561858,0.72
November 30 2019,Pinellas,FL,Passenger,1,1,2,86,88,2.27
November 30 2019,Clark,NV,Passenger,2,1,3,627,630,0.48
April 30 2019,Larimer,CO,Passenger,0,1,1,45,46,2.17
June 30 2019,Bryan,GA,Passenger,1,0,1,59,60,1.67
November 30 2018,Cowlitz,WA,Truck,0,0,0,29568,29568,0.00
October 31 2019,Clallam,WA,Truck,1,0,1,22338,22339,0.00
November 30 2019,Columbia,GA,Passenger,1,1,2,149,151,1.32
November 30 2019,Putnam,TN,Passenger,0,1,1,2,3,33.33
November 30 2019,Contra Costa,CA,Passenger,2,0,2,189,191,1.05
November 30 2019,Ramsey,MN,Passenger,1,0,1,35,36,2.78
November 30 2018,Dale,AL,Passenger,0,1,1,65,66,1.52
April 30 2019,Lewis,WA,Passenger,102,97,199,60080,60279,0.33
November 30 2019,Riverside,CA,Passenger,2,1,3,606,609,0.49
June 30 2019,Chelan,WA,Truck,0,0,0,22897,22897,0.00
April 30 2019,Lewis,WA,Truck,0,0,0,26666,26666,0.00
November 30 2018,Dallas,TX,Passenger,0,1,1,177,178,0.56
November 30 2018,Dekalb,IN,Passenger,1,0,1,1,2,50.00
November 30 2018,San Diego,CA,Passenger,6,4,10,2623,2633,0.38
June 30 2019,Clackamas,OR,Passenger,0,1,1,194,195,0.51
December 31 2019,Boulder,CO,Passenger,1,1,2,38,40,5.00
November 30 2018,San Francisco,CA,Passenger,2,1,3,112,115,2.61
November 30 2019,Dekalb,IN,Passenger,1,0,1,1,2,50.00
December 31 2019,Brevard,FL,Passenger,0,1,1,73,74,1.35
November 30 2019,San Bernardino,CA,Passenger,0,1,1,460,461,0.22
November 30 2019,District Of Columbia,DC,Passenger,1,2,3,213,216,1.39
June 30 2019,Cochise,AZ,Passenger,0,1,1,121,122,0.82
November 30 2018,El Paso,TX,Passenger,1,0,1,508,509,0.20
December 31 2019,Bryan,GA,Passenger,1,0,1,59,60,1.67
November 30 2019,Douglas,NE,Passenger,0,1,1,53,54,1.85
November 30 2019,Santa Cruz,CA,Passenger,1,0,1,34,35,2.86
October 31 2019,Davidson,TN,Passenger,1,0,1,65,66,1.52
November 30 2019,Skagit,WA,Truck,1,0,1,33453,33454,0.00
November 30 2019,Flathead,MT,Passenger,1,0,1,55,56,1.79
October 31 2019,District Of Columbia,DC,Passenger,1,2,3,213,216,1.39
November 30 2018,Skamania,WA,Truck,0,0,0,4186,4186,0.00
June 30 2019,Denver,CO,Passenger,1,0,1,122,123,0.81
June 30 2019,Deschutes,OR,Passenger,2,0,2,131,133,1.50
December 31 2019,Chelan,WA,Truck,0,0,0,23133,23133,0.00
November 30 2019,Twin Falls,ID,Passenger,0,1,1,23,24,4.17
November 30 2018,Spokane,WA,Passenger,445,390,835,313882,314717,0.27
December 31 2019,Clackamas,OR,Passenger,1,1,2,182,184,1.09
April 30 2019,Monterey,CA,Passenger,0,1,1,206,207,0.48
November 30 2019,Harris,TX,Passenger,1,1,2,218,220,0.91
November 30 2018,Grant,WA,Truck,0,0,0,27207,27207,0.00
April 30 2019,Montgomery,PA,Passenger,2,0,2,25,27,7.41
November 30 2019,Volusia,FL,Passenger,0,1,1,36,37,2.70
October 31 2019,Glacier,MT,Passenger,0,1,1,5,6,16.67
November 30 2018,Grays Harbor,WA,Passenger,72,73,145,48303,48448,0.30
December 31 2019,Cochise,AZ,Passenger,0,1,1,111,112,0.89
November 30 2018,Grays Harbor,WA,Truck,0,0,0,20953,20953,0.00
June 30 2019,Garfield,WA,Truck,0,0,0,988,988,0.00
April 30 2019,New Castle,DE,Passenger,1,0,1,24,25,4.00
November 30 2019,Washoe,NV,Passenger,1,0,1,84,85,1.18
October 31 2019,Harnett,NC,Passenger,0,1,1,192,193,0.52
June 30 2019,Goochland,VA,Passenger,1,1,2,189,191,1.05
April 30 2019,Oklahoma,OK,Passenger,0,1,1,115,116,0.86
November 30 2019,Wayne,MI,Passenger,0,1,1,59,60,1.67
November 30 2019,Honolulu,HI,Passenger,3,0,3,447,450,0.67
November 30 2018,Hardin,KY,Passenger,0,1,1,114,115,0.87
November 30 2019,Westchester,NY,Passenger,0,1,1,28,29,3.45
November 30 2018,Wahkiakum,WA,Truck,0,0,0,1753,1753,0.00
December 31 2019,Denver,CO,Passenger,1,0,1,116,117,0.85
December 31 2019,Deschutes,OR,Passenger,2,0,2,121,123,1.63
October 31 2019,Jefferson,NY,Passenger,0,1,1,226,227,0.44
November 30 2019,Whitman,WA,Passenger,42,49,91,23117,23208,0.39
October 31 2019,Kent,DE,Passenger,0,1,1,71,72,1.39
June 30 2019,Kern,CA,Passenger,1,1,2,230,232,0.86
October 31 2019,Kittitas,WA,Passenger,93,47,140,30629,30769,0.46
November 30 2018,Washtenaw,MI,Passenger,1,0,1,33,34,2.94
October 31 2019,Kittitas,WA,Truck,0,0,0,15016,15016,0.00
October 31 2019,Klamath,OR,Passenger,1,0,1,26,27,3.70
December 31 2019,Anne Arundel,MD,Passenger,1,3,4,430,434,0.92
November 30 2018,Whatcom,WA,Truck,2,0,2,43835,43837,0.00
November 30 2019,Kitsap,WA,Truck,1,0,1,55649,55650,0.00
October 31 2019,Kootenai,ID,Passenger,1,1,2,194,196,1.02
November 30 2019,Klamath,OR,Passenger,1,0,1,25,26,3.85
June 30 2019,King,WA,Passenger,19578,7314,26892,1409068,1435960,1.87
December 31 2019,Asotin,WA,Passenger,15,10,25,13003,13028,0.19
December 31 2019,Asotin,WA,Truck,0,0,0,6926,6926,0.00
December 31 2019,Garfield,WA,Truck,0,0,0,995,995,0.00
June 30 2019,Kitsap,WA,Passenger,1124,628,1752,183872,185624,0.94
December 31 2019,Goochland,VA,Passenger,2,1,3,177,180,1.67
April 30 2019,San Juan,WA,Passenger,209,72,281,14672,14953,1.88
December 31 2018,NULL,NULL,Passenger,8,6,14,2182,2196,0.64
October 31 2019,Maui,HI,Passenger,1,0,1,41,42,2.38
April 30 2019,Sangamon,IL,Passenger,2,0,2,7,9,22.22
December 31 2018,Adams,WA,Passenger,5,6,11,13135,13146,0.08
June 30 2019,Lewis,WA,Passenger,107,98,205,60368,60573,0.34
December 31 2019,Caddo,LA,Passenger,1,0,1,16,17,5.88
June 30 2019,Lincoln,WA,Passenger,4,9,13,8010,8023,0.16
April 30 2019,Spokane,WA,Truck,1,0,1,97664,97665,0.00
November 30 2019,Maui,HI,Passenger,1,0,1,41,42,2.38
November 30 2018,Klickitat,WA,Truck,0,0,0,8456,8456,0.00
December 31 2019,Cascade,MT,Passenger,0,1,1,58,59,1.69
June 30 2019,Manassas City,VA,Passenger,0,1,1,8,9,11.11
November 30 2018,Larimer,CO,Passenger,0,1,1,48,49,2.04
December 31 2019,Chaves,NM,Passenger,1,0,1,9,10,10.00
November 30 2019,Muscogee,GA,Passenger,0,1,1,179,180,0.56
October 31 2019,Otero,NM,Passenger,0,1,1,38,39,2.56
October 31 2019,Pacific,WA,Truck,0,0,0,7908,7908,0.00
December 31 2019,Kern,CA,Passenger,1,1,2,227,229,0.87
June 30 2019,Mason,WA,Truck,0,0,0,20996,20996,0.00
April 30 2019,Thurston,WA,Passenger,909,656,1565,200016,201581,0.78
November 30 2019,Okanogan,WA,Truck,0,0,0,4121,4121,0.00
October 31 2019,Palm Beach,FL,Passenger,0,1,1,69,70,1.43
December 31 2019,Cook,IL,Passenger,1,0,1,212,213,0.47
April 30 2019,Thurston,WA,Truck,0,0,0,56399,56399,0.00
December 31 2019,King,WA,Passenger,22468,7874,30342,1414702,1445044,2.10
October 31 2019,Pend Oreille,WA,Passenger,8,6,14,9826,9840,0.14
November 30 2018,Liberty,GA,Passenger,1,0,1,154,155,0.65
December 31 2019,Kitsap,WA,Passenger,1281,684,1965,185524,187489,1.05
October 31 2019,Pend Oreille,WA,Truck,0,0,0,5981,5981,0.00
November 30 2019,Pierce,WA,Truck,0,0,0,144716,144716,0.00
December 31 2019,Fairbanks North Star,AK,Passenger,0,1,1,99,100,1.00
June 30 2019,Okanogan,WA,Passenger,3,7,10,6167,6177,0.16
December 31 2019,Lewis,WA,Passenger,116,110,226,60732,60958,0.37
June 30 2019,Oldham,KY,Passenger,0,1,1,4,5,20.00
December 31 2018,Camden,GA,Passenger,0,1,1,162,163,0.61
November 30 2018,Marion,IN,Passenger,1,0,1,119,120,0.83
October 31 2019,Saint Louis,MO,Passenger,1,0,1,70,71,1.41
December 31 2019,Ferry,WA,Passenger,5,2,7,4562,4569,0.15
June 30 2019,Orange,CA,Passenger,5,1,6,530,536,1.12
December 31 2019,Lincoln,WA,Passenger,3,11,14,8012,8026,0.17
November 30 2019,Saint Marys,MD,Passenger,1,0,1,198,199,0.50
December 31 2019,Franklin,WA,Truck,0,0,0,20381,20381,0.00
December 31 2019,Fresno,CA,Passenger,1,0,1,174,175,0.57
November 30 2019,San Diego,CA,Passenger,8,7,15,2817,2832,0.53
October 31 2019,Skagit,WA,Passenger,371,231,602,94317,94919,0.63
June 30 2019,Pierce,WA,Passenger,2036,1661,3697,553509,557206,0.66
November 30 2019,San Juan,WA,Truck,0,0,0,6082,6082,0.00
December 31 2019,Manassas City,VA,Passenger,0,1,1,5,6,16.67
October 31 2019,Skamania,WA,Passenger,28,19,47,9029,9076,0.52
November 30 2019,Santa Clara,CA,Passenger,4,2,6,320,326,1.84
October 31 2019,Snohomish,WA,Passenger,4074,1795,5869,544062,549931,1.07
December 31 2019,Mason,WA,Truck,0,0,0,21121,21121,0.00
December 31 2019,Grays Harbor,WA,Truck,0,0,0,21252,21252,0.00
May 31 2019,NULL,WA,Passenger,0,0,0,2,2,0.00
December 31 2018,Clark,NV,Passenger,2,1,3,675,678,0.44
May 31 2019,NULL,WA,Truck,0,0,0,2,2,0.00
October 31 2019,Stevens,WA,Passenger,32,31,63,32460,32523,0.19
November 30 2019,Shasta,CA,Passenger,1,0,1,40,41,2.44
October 31 2019,Sumter,FL,Passenger,0,1,1,8,9,11.11
November 30 2019,Shelby,TN,Passenger,0,1,1,92,93,1.08
May 31 2019,Albemarle,VA,Passenger,1,0,1,28,29,3.45
November 30 2019,Skagit,WA,Passenger,382,232,614,94321,94935,0.65
October 31 2019,Travis,TX,Passenger,1,1,2,173,175,1.14
December 31 2019,Harrison,MS,Passenger,1,0,1,61,62,1.61
December 31 2018,Columbia,GA,Passenger,1,1,2,162,164,1.22
June 30 2019,Putnam,TN,Passenger,0,1,1,2,3,33.33
November 30 2019,Snohomish,WA,Passenger,4122,1816,5938,544424,550362,1.08
November 30 2018,New Castle,DE,Passenger,1,0,1,25,26,3.85
October 31 2019,Wahkiakum,WA,Passenger,4,4,8,3116,3124,0.26
May 31 2019,Benton,WA,Passenger,268,281,549,136187,136736,0.40
December 31 2019,Okanogan,WA,Passenger,3,8,11,6110,6121,0.18
June 30 2019,Riley,KS,Passenger,1,0,1,67,68,1.47
December 31 2019,Oldham,KY,Passenger,0,1,1,3,4,25.00
October 31 2019,Washtenaw,MI,Passenger,1,0,1,31,32,3.12
November 30 2018,Oklahoma,OK,Passenger,0,1,1,115,116,0.86
May 31 2019,Brevard,FL,Passenger,0,1,1,72,73,1.37
December 31 2019,Orange,CA,Passenger,6,1,7,501,508,1.38
November 30 2018,Orange,FL,Passenger,2,1,3,167,170,1.76
October 31 2019,Whatcom,WA,Passenger,1004,494,1498,153898,155396,0.96
June 30 2019,Santa Rosa,FL,Passenger,1,0,1,81,82,1.22
December 31 2018,Dale,AL,Passenger,0,1,1,64,65,1.54
November 30 2018,Ozaukee,WI,Passenger,0,1,1,4,5,20.00
October 31 2019,Yakima,WA,Truck,0,0,0,61767,61767,0.00
December 31 2019,Pierce,WA,Passenger,2367,1772,4139,558251,562390,0.74
November 30 2019,Tulsa,OK,Passenger,0,1,1,41,42,2.38
December 31 2018,Dekalb,IN,Passenger,1,0,1,1,2,50.00
November 30 2019,Albemarle,VA,Passenger,1,0,1,31,32,3.12
December 31 2018,District Of Columbia,DC,Passenger,1,4,5,207,212,2.36
May 31 2019,Clallam,WA,Passenger,177,144,321,51481,51802,0.62
December 31 2018,Douglas,NE,Passenger,0,1,1,66,67,1.49
November 30 2019,Asotin,WA,Truck,0,0,0,6918,6918,0.00
December 31 2019,Putnam,TN,Passenger,0,1,1,2,3,33.33
December 31 2019,Lewis,WA,Truck,0,0,0,26846,26846,0.00
December 31 2019,Ada,ID,Passenger,0,1,1,263,264,0.38
December 31 2019,Riley,KS,Passenger,1,0,1,64,65,1.54
December 31 2018,Flathead,MT,Passenger,1,0,1,51,52,1.92
May 31 2019,Dakota,MN,Passenger,0,1,1,33,34,2.94
December 31 2019,Alameda,CA,Passenger,4,0,4,266,270,1.48
November 30 2019,Broward,FL,Passenger,1,1,2,116,118,1.69
December 31 2019,Maricopa,AZ,Passenger,6,4,10,1224,1234,0.81
November 30 2019,Caddo,LA,Passenger,1,0,1,17,18,5.56
November 30 2018,Saint Lucie,FL,Passenger,1,0,1,25,26,3.85
December 31 2019,Santa Rosa,FL,Passenger,1,0,1,83,84,1.19
November 30 2019,Carson City,NV,Passenger,1,0,1,9,10,10.00
December 31 2019,Bexar,TX,Passenger,1,6,7,590,597,1.17
November 30 2018,San Juan,WA,Truck,0,0,0,5999,5999,0.00
December 31 2019,Broward,FL,Passenger,0,1,1,117,118,0.85
November 30 2018,Sangamon,IL,Passenger,1,0,1,8,9,11.11
November 30 2019,Cook,IL,Passenger,1,0,1,212,213,0.47
December 31 2018,Guadalupe,TX,Passenger,1,0,1,69,70,1.43
November 30 2018,Shelby,TN,Passenger,0,1,1,109,110,0.91
December 31 2019,Moore,NC,Passenger,0,1,1,168,169,0.59
December 31 2018,Gwinnett,GA,Passenger,0,1,1,79,80,1.25
November 30 2019,Cumberland,NC,Passenger,0,2,2,498,500,0.40
December 31 2019,New Castle,DE,Passenger,1,0,1,22,23,4.35
November 30 2018,Spokane,WA,Truck,1,0,1,96949,96950,0.00
May 31 2019,Glacier,MT,Passenger,0,1,1,4,5,20.00
December 31 2019,Cowlitz,WA,Truck,0,0,0,29849,29849,0.00
December 31 2019,Nueces,TX,Passenger,1,1,2,85,87,2.30
July 31 2019,Clark,WA,Truck,0,0,0,82789,82789,0.00
December 31 2019,District Of Columbia,DC,Passenger,1,2,3,215,218,1.38
July 31 2019,Cowlitz,WA,Passenger,116,122,238,74451,74689,0.32
November 30 2018,Thurston,WA,Passenger,794,601,1395,198766,200161,0.70
December 31 2019,Duval,FL,Passenger,1,1,2,341,343,0.58
July 31 2019,Cumberland,NC,Passenger,0,2,2,517,519,0.39
November 30 2019,Franklin,WA,Truck,0,0,0,20324,20324,0.00
December 31 2019,El Paso,TX,Passenger,2,0,2,458,460,0.43
December 31 2018,Honolulu,HI,Passenger,2,1,3,491,494,0.61
November 30 2018,Ventura,CA,Passenger,0,2,2,319,321,0.62
December 31 2019,Ferry,WA,Truck,0,0,0,3732,3732,0.00
July 31 2019,Dupage,IL,Passenger,2,0,2,49,51,3.92
November 30 2019,Garfield,WA,Passenger,0,1,1,1326,1327,0.08
December 31 2019,Flathead,MT,Passenger,1,0,1,54,55,1.82
November 30 2019,Glacier,MT,Passenger,0,1,1,5,6,16.67
May 31 2019,Jefferson,CO,Passenger,0,2,2,60,62,3.23
July 31 2019,Fairfax,VA,Passenger,3,3,6,755,761,0.79
November 30 2019,Guilford,NC,Passenger,1,0,1,28,29,3.45
December 31 2019,Saginaw,MI,Passenger,1,0,1,10,11,9.09
December 31 2019,Franklin,WA,Passenger,62,81,143,62216,62359,0.23
December 31 2019,Fulton,GA,Passenger,0,2,2,99,101,1.98
December 31 2019,Garfield,WA,Passenger,0,1,1,1328,1329,0.08
November 30 2019,Harnett,NC,Passenger,0,1,1,189,190,0.53
December 31 2019,San Juan,WA,Passenger,257,83,340,14711,15051,2.26
July 31 2019,Grant,WA,Passenger,46,66,112,66724,66836,0.17
July 31 2019,Grays Harbor,WA,Passenger,95,89,184,48857,49041,0.38
December 31 2019,San Mateo,CA,Passenger,1,1,2,117,119,1.68
December 31 2019,Grant,WA,Truck,0,0,0,27895,27895,0.00
July 31 2019,Guilford,NC,Passenger,1,0,1,28,29,3.45
December 31 2019,Sarasota,FL,Passenger,1,0,1,22,23,4.35
January 31 2020,Clark,WA,Truck,0,0,0,83808,83808,0.00
December 31 2018,Kitsap,WA,Truck,1,0,1,55019,55020,0.00
July 31 2019,Hennepin,MN,Passenger,2,0,2,99,101,1.98
May 31 2019,Lincoln,WA,Passenger,5,9,14,8012,8026,0.17
December 31 2018,Klamath,OR,Passenger,1,0,1,26,27,3.70
December 31 2018,NULL,WA,Passenger,0,0,0,2,2,0.00
July 31 2019,Honolulu,HI,Passenger,3,1,4,463,467,0.86
January 31 2020,Cowlitz,WA,Passenger,137,126,263,74911,75174,0.35
December 31 2018,Alexandria City,VA,Passenger,2,0,2,162,164,1.22
December 31 2019,Suffolk City,VA,Passenger,1,0,1,121,122,0.82
January 31 2020,Cumberland,NC,Passenger,0,2,2,501,503,0.40
December 31 2019,Kent,MI,Passenger,0,1,1,21,22,4.55
May 31 2019,Mason,WA,Truck,0,0,0,21010,21010,0.00
December 31 2019,Thurston,WA,Truck,0,0,0,56946,56946,0.00
July 31 2019,Jefferson,WA,Truck,0,0,0,9900,9900,0.00
December 31 2019,King,WA,Truck,7,1,8,186826,186834,0.00
July 31 2019,Juneau,AK,Passenger,0,1,1,25,26,3.85
November 30 2019,Mason,WA,Passenger,165,136,301,48596,48897,0.62
December 31 2018,Benton,WA,Passenger,243,244,487,135464,135951,0.36
December 31 2019,Valencia,NM,Passenger,1,0,1,3,4,25.00
July 31 2019,Klickitat,WA,Truck,0,0,0,8507,8507,0.00
December 31 2018,Brevard,FL,Passenger,0,1,1,83,84,1.19
January 31 2020,Dupage,IL,Passenger,2,0,2,52,54,3.70
January 31 2020,Fairfax,VA,Passenger,4,3,7,727,734,0.95
November 30 2019,Montgomery,AL,Passenger,0,2,2,36,38,5.26
December 31 2018,Manatee,FL,Passenger,1,0,1,31,32,3.12
May 31 2019,Montgomery,AL,Passenger,0,2,2,42,44,4.55
November 30 2019,Moore,NC,Passenger,0,1,1,177,178,0.56
December 31 2019,Mason,OR,Passenger,2,0,2,16,18,11.11
December 31 2018,Marion,IN,Passenger,1,0,1,119,120,0.83
December 31 2019,Yakima,WA,Passenger,130,124,254,170684,170938,0.15
December 31 2019,Monroe,IL,Passenger,1,0,1,3,4,25.00
December 31 2018,Clackamas,OR,Passenger,0,1,1,200,201,0.50
December 31 2018,Maui,HI,Passenger,1,0,1,49,50,2.00
December 31 2018,Clallam,WA,Passenger,159,131,290,51278,51568,0.56
January 31 2020,Grant,WA,Passenger,61,76,137,67308,67445,0.20
January 31 2020,Grays Harbor,WA,Passenger,117,110,227,49291,49518,0.46
July 31 2019,Montgomery,MD,Passenger,1,4,5,280,285,1.75
December 31 2019,Montgomery,PA,Passenger,1,0,1,24,25,4.00
January 31 2020,Guilford,NC,Passenger,1,0,1,28,29,3.45
January 31 2020,Arapahoe,CO,Passenger,1,0,1,129,130,0.77
May 31 2019,Orange,CA,Passenger,5,1,6,534,540,1.11
December 31 2018,Muscogee,GA,Passenger,0,1,1,199,200,0.50
January 31 2020,Benton,WA,Truck,0,0,0,43718,43718,0.00
November 30 2019,Pend Oreille,WA,Passenger,8,7,15,9843,9858,0.15
January 31 2020,Hennepin,MN,Passenger,2,0,2,91,93,2.15
January 31 2020,Bucks,PA,Passenger,1,0,1,18,19,5.26
May 31 2019,Pend Oreille,WA,Passenger,5,5,10,9894,9904,0.10
July 31 2019,Pinellas,FL,Passenger,1,0,1,93,94,1.06
December 31 2018,Okanogan,WA,Truck,0,0,0,4265,4265,0.00
January 31 2020,Calvert,MD,Passenger,0,2,2,92,94,2.13
July 31 2019,Powhatan,VA,Passenger,1,0,1,0,1,100.00
December 31 2018,Orange,FL,Passenger,2,0,2,168,170,1.18
December 31 2018,Dakota,MN,Passenger,0,1,1,31,32,3.12
January 31 2020,Jefferson,WA,Truck,0,0,0,9866,9866,0.00
January 31 2020,Charles,MD,Passenger,0,1,1,74,75,1.33
December 31 2019,Prince William,VA,Passenger,1,3,4,229,233,1.72
January 31 2020,Juneau,AK,Passenger,0,1,1,22,23,4.35
January 31 2020,Chesapeake City,VA,Passenger,0,2,2,419,421,0.48
November 30 2019,Saint Louis,MO,Passenger,1,0,1,70,71,1.41
January 31 2020,Klickitat,WA,Truck,0,0,0,8542,8542,0.00
May 31 2019,Riley,KS,Passenger,1,0,1,68,69,1.45
January 31 2020,Clallam,WA,Truck,1,0,1,22363,22364,0.00
December 31 2018,Pierce,WA,Truck,0,0,0,143448,143448,0.00
July 31 2019,San Francisco,CA,Passenger,2,1,3,102,105,2.86
December 31 2018,Duval,FL,Passenger,1,1,2,374,376,0.53
January 31 2020,Clark,WA,Passenger,2054,1102,3156,325462,328618,0.96
December 31 2019,Santa Barbara,CA,Passenger,1,0,1,90,91,1.10
July 31 2019,Santa Fe,NM,Passenger,0,1,1,33,34,2.94
December 31 2019,Shasta,CA,Passenger,1,0,1,39,40,2.50
December 31 2019,Snohomish,WA,Passenger,4213,1822,6035,545259,551294,1.09
May 31 2019,Santa Rosa,FL,Passenger,1,0,1,80,81,1.23
December 31 2019,Spokane,WA,Truck,1,0,1,99417,99418,0.00
December 31 2018,Ferry,WA,Truck,0,0,0,3775,3775,0.00
November 30 2019,Spartanburg,SC,Passenger,0,1,1,35,36,2.78
July 31 2019,Spartanburg,SC,Passenger,0,1,1,30,31,3.23
January 31 2020,Douglas,WA,Passenger,70,39,109,28912,29021,0.38
November 30 2019,Stafford,VA,Passenger,1,0,1,89,90,1.11
July 31 2019,Spokane,WA,Passenger,594,469,1063,319815,320878,0.33
December 31 2019,Stevens,WA,Passenger,34,34,68,32451,32519,0.21
January 31 2020,Montgomery,MD,Passenger,0,4,4,261,265,1.51
November 30 2019,Stevens,WA,Passenger,34,33,67,32449,32516,0.21
December 31 2018,Saint Marys,MD,Passenger,1,0,1,201,202,0.50
December 31 2019,Thurston,WA,Passenger,1147,757,1904,202208,204112,0.93
December 31 2018,Goochland,VA,Passenger,0,1,1,187,188,0.53
December 31 2018,San Diego,CA,Passenger,6,4,10,2628,2638,0.38
December 31 2019,Tuolumne,CA,Passenger,0,1,1,9,10,10.00
November 30 2019,Tuolumne,CA,Passenger,0,1,1,9,10,10.00
December 31 2018,San Juan,WA,Truck,0,0,0,6011,6011,0.00
May 31 2019,Spartanburg,SC,Passenger,0,1,1,29,30,3.33
July 31 2019,Ventura,CA,Passenger,0,2,2,313,315,0.63
January 31 2020,Glacier,MT,Passenger,0,1,1,4,5,20.00
December 31 2018,Santa Clara,CA,Passenger,8,1,9,357,366,2.46
December 31 2018,Shasta,CA,Passenger,1,0,1,44,45,2.22
July 31 2019,Wayne,MI,Passenger,0,1,1,65,66,1.52
January 31 2020,Pinellas,FL,Passenger,1,1,2,85,87,2.30
January 31 2020,Howard,MD,Passenger,0,1,1,88,89,1.12
July 31 2019,Whitman,WA,Passenger,34,49,83,23139,23222,0.36
December 31 2018,Shelby,TN,Passenger,0,1,1,105,106,0.94
January 31 2020,Powhatan,VA,Passenger,1,0,1,0,1,100.00
January 31 2020,Island,WA,Passenger,412,275,687,64749,65436,1.05
November 30 2019,Yakima,WA,Truck,0,0,0,61864,61864,0.00
December 31 2018,Skagit,WA,Passenger,293,203,496,93070,93566,0.53
December 31 2018,Snohomish,WA,Passenger,3073,1536,4609,536424,541033,0.85
August 31 2019,Alexandria City,VA,Passenger,4,0,4,145,149,2.68
January 31 2020,NULL,WA,Passenger,0,0,0,4,4,0.00
January 31 2020,San Francisco,CA,Passenger,2,1,3,91,94,3.19
January 31 2020,Kittitas,WA,Passenger,99,49,148,30741,30889,0.48
January 31 2020,Adams,WA,Truck,0,0,0,5433,5433,0.00
January 31 2020,Albemarle,VA,Passenger,1,0,1,32,33,3.03
December 31 2018,Jefferson,CO,Passenger,0,2,2,63,65,3.08
January 31 2020,Lincoln,WA,Passenger,3,11,14,7999,8013,0.17
January 31 2020,Lincoln,WA,Truck,0,0,0,4806,4806,0.00
December 31 2018,Tulsa,OK,Passenger,0,1,1,42,43,2.33
January 31 2020,Bay,FL,Passenger,1,0,1,35,36,2.78
January 31 2020,Spartanburg,SC,Passenger,0,1,1,35,36,2.78
January 31 2020,Spokane,WA,Passenger,729,501,1230,323557,324787,0.38
January 31 2020,Benton,WA,Passenger,348,324,672,137909,138581,0.48
December 31 2019,Camden,GA,Passenger,1,1,2,157,159,1.26
December 31 2018,Virginia Beach City,VA,Passenger,1,1,2,678,680,0.29
January 31 2020,Bexar,TX,Passenger,2,6,8,585,593,1.35
August 31 2019,Bucks,PA,Passenger,1,0,1,22,23,4.35
December 31 2018,Kitsap,WA,Passenger,1022,565,1587,183045,184632,0.86
June 30 2019,Anne Arundel,MD,Passenger,1,3,4,442,446,0.90
August 31 2019,Camden,GA,Passenger,1,1,2,160,162,1.23
January 31 2020,Nassau,NY,Passenger,2,0,2,32,34,5.88
December 31 2019,Chesapeake City,VA,Passenger,0,2,2,420,422,0.47
June 30 2019,Asotin,WA,Passenger,13,9,22,12941,12963,0.17
January 31 2020,Ventura,CA,Passenger,0,2,2,304,306,0.65
December 31 2019,Clark,WA,Passenger,1957,1087,3044,323479,326523,0.93
June 30 2019,Asotin,WA,Truck,0,0,0,6886,6886,0.00
December 31 2018,Whitman,WA,Passenger,25,40,65,23307,23372,0.28
January 31 2020,Otero,NM,Passenger,0,1,1,36,37,2.70
January 31 2020,Wayne,MI,Passenger,0,1,1,56,57,1.75
January 31 2020,Pacific,WA,Truck,0,0,0,7946,7946,0.00
December 31 2019,Columbia,WA,Passenger,3,3,6,2506,2512,0.24
January 31 2020,Whitman,WA,Passenger,43,51,94,23078,23172,0.41
January 31 2020,Pend Oreille,WA,Passenger,9,7,16,9792,9808,0.16
August 31 2019,Columbia,GA,Passenger,1,1,2,150,152,1.32
January 31 2019,Ada,ID,Passenger,0,2,2,291,293,0.68
January 31 2020,Yakima,WA,Truck,0,0,0,61935,61935,0.00
January 31 2020,Pend Oreille,WA,Truck,0,0,0,6015,6015,0.00
August 31 2019,Columbia,WA,Passenger,2,2,4,2512,2516,0.16
December 31 2018,Lumpkin,GA,Passenger,1,0,1,9,10,10.00
January 31 2019,Alameda,CA,Passenger,0,2,2,307,309,0.65
January 31 2020,Chelan,WA,Passenger,215,81,296,55724,56020,0.53
February 29 2020,Ada,ID,Passenger,0,1,1,255,256,0.39
January 31 2020,Clallam,WA,Passenger,216,164,380,51757,52137,0.73
December 31 2019,Douglas,NE,Passenger,0,1,1,51,52,1.92
February 29 2020,Alameda,CA,Passenger,2,0,2,253,255,0.78
December 31 2019,Douglas,OR,Passenger,1,0,1,44,45,2.22
January 31 2020,Clay,FL,Passenger,0,1,1,85,86,1.16
June 30 2019,Caddo,LA,Passenger,1,1,2,21,23,8.70
August 31 2019,Dekalb,IN,Passenger,1,0,1,1,2,50.00
December 31 2018,Mason,WA,Truck,0,0,0,20859,20859,0.00
August 31 2019,District Of Columbia,DC,Passenger,1,2,3,214,217,1.38
January 31 2019,Bexar,TX,Passenger,3,4,7,678,685,1.02
August 31 2019,Douglas,NE,Passenger,0,1,1,56,57,1.75
January 31 2020,Riley,KS,Passenger,1,0,1,64,65,1.54
June 30 2019,Cascade,MT,Passenger,0,1,1,62,63,1.59
June 30 2019,Chaves,NM,Passenger,1,0,1,8,9,11.11
January 31 2020,Sacramento,CA,Passenger,1,0,1,264,265,0.38
August 31 2019,Fairbanks North Star,AK,Passenger,0,1,1,97,98,1.02
December 31 2019,Guadalupe,TX,Passenger,2,0,2,55,57,3.51
August 31 2019,Ferry,WA,Passenger,5,2,7,4591,4598,0.15
February 29 2020,Bucks,PA,Passenger,1,0,1,18,19,5.26
January 31 2020,Douglas,WA,Truck,0,0,0,12623,12623,0.00
December 31 2018,Monroe,IL,Passenger,1,0,1,3,4,25.00
February 29 2020,Camden,GA,Passenger,1,1,2,153,155,1.29
January 31 2020,Shelby,OH,Passenger,0,1,1,1,2,50.00
December 31 2019,Jefferson,WA,Passenger,231,147,378,25597,25975,1.46
August 31 2019,Grays Harbor,WA,Truck,0,0,0,21082,21082,0.00
January 31 2020,Fulton,GA,Passenger,1,2,3,99,102,2.94
August 31 2019,Guadalupe,TX,Passenger,2,0,2,59,61,3.28
January 31 2020,Skamania,WA,Passenger,32,19,51,8989,9040,0.56
February 29 2020,Clark,NV,Passenger,2,1,3,622,625,0.48
January 31 2020,Greene,MO,Passenger,0,1,1,19,20,5.00
August 31 2019,Harrison,MS,Passenger,1,0,1,66,67,1.49
December 31 2019,Kittitas,WA,Passenger,96,48,144,30711,30855,0.47
December 31 2018,Norfolk City,VA,Passenger,3,2,5,356,361,1.39
December 31 2019,Klamath,OR,Passenger,1,0,1,25,26,3.85
January 31 2019,Cowlitz,WA,Truck,0,0,0,29575,29575,0.00
December 31 2018,Nueces,TX,Passenger,1,1,2,100,102,1.96
February 29 2020,Columbia,GA,Passenger,1,1,2,151,153,1.31
December 31 2019,Klickitat,WA,Passenger,51,39,90,16019,16109,0.56
June 30 2019,Ferry,WA,Passenger,5,2,7,4570,4577,0.15
December 31 2018,Orange,CA,Passenger,5,2,7,555,562,1.25
January 31 2020,Wahkiakum,WA,Passenger,4,6,10,3104,3114,0.32
February 29 2020,Cowlitz,WA,Truck,0,0,0,29802,29802,0.00
June 30 2019,Franklin,WA,Truck,0,0,0,19894,19894,0.00
June 30 2019,Fresno,CA,Passenger,1,0,1,182,183,0.55
January 31 2020,Walla Walla,WA,Passenger,66,62,128,37115,37243,0.34
January 31 2019,District Of Columbia,DC,Passenger,1,4,5,209,214,2.34
February 29 2020,Dekalb,IN,Passenger,1,0,1,1,2,50.00
August 31 2019,Kittitas,WA,Passenger,83,46,129,30441,30570,0.42
January 31 2019,Duval,FL,Passenger,1,1,2,374,376,0.53
August 31 2019,Klamath,OR,Passenger,1,0,1,26,27,3.70
January 31 2020,Island,WA,Truck,1,0,1,21849,21850,0.00
January 31 2020,Washtenaw,MI,Passenger,1,0,1,29,30,3.33
June 30 2019,Grays Harbor,WA,Truck,0,0,0,20989,20989,0.00
February 29 2020,District Of Columbia,DC,Passenger,1,2,3,209,212,1.42
January 31 2019,El Paso,TX,Passenger,2,0,2,511,513,0.39
January 31 2020,Whatcom,WA,Passenger,1089,511,1600,154363,155963,1.03
December 31 2019,Maui,HI,Passenger,1,0,1,38,39,2.56
January 31 2020,Whitman,WA,Truck,0,0,0,8832,8832,0.00
January 31 2020,Williamson,TX,Passenger,1,0,1,114,115,0.87
February 29 2020,El Paso,TX,Passenger,2,0,2,444,446,0.45
December 31 2019,Mecklenburg,NC,Passenger,1,0,1,76,77,1.30
February 29 2020,Fairbanks North Star,AK,Passenger,0,1,1,98,99,1.01
August 31 2019,Maricopa,AZ,Passenger,6,3,9,1285,1294,0.70
January 31 2019,Flathead,MT,Passenger,1,0,1,52,53,1.89
December 31 2019,Montgomery,OH,Passenger,0,1,1,60,61,1.64
August 31 2019,Maui,HI,Passenger,1,0,1,42,43,2.33
December 31 2019,Muscogee,GA,Passenger,0,1,1,177,178,0.56
January 31 2019,Franklin,WA,Passenger,57,69,126,60611,60737,0.21
February 29 2020,Arapahoe,CO,Passenger,1,0,1,129,130,0.77
February 29 2020,Grant,WA,Truck,0,0,0,27974,27974,0.00
January 31 2020,Kent,MI,Passenger,0,1,1,21,22,4.55
February 29 2020,Grays Harbor,WA,Truck,0,0,0,21285,21285,0.00
January 31 2019,Fulton,GA,Passenger,1,2,3,97,100,3.00
December 31 2019,Okanogan,NULL,Passenger,28,22,50,20848,20898,0.24
February 29 2020,Bay,FL,Passenger,1,0,1,35,36,2.78
January 31 2019,Garfield,WA,Passenger,1,1,2,1361,1363,0.15
December 31 2019,Pacific,WA,Passenger,40,33,73,16373,16446,0.44
January 31 2020,Klickitat,WA,Passenger,53,40,93,16036,16129,0.58
February 29 2020,Bexar,TX,Passenger,2,6,8,582,590,1.36
January 31 2019,Grant,WA,Truck,0,0,0,27366,27366,0.00
December 31 2019,Pend Oreille,WA,Truck,0,0,0,6004,6004,0.00
August 31 2019,Muscogee,GA,Passenger,0,1,1,180,181,0.55
January 31 2019,Grays Harbor,WA,Truck,0,0,0,20929,20929,0.00
August 31 2019,New Castle,DE,Passenger,1,0,1,23,24,4.17
June 30 2019,Lewis,WA,Truck,0,0,0,26767,26767,0.00
August 31 2019,Norfolk City,VA,Passenger,3,1,4,361,365,1.10
February 29 2020,Jones,GA,Passenger,1,0,1,1,2,50.00
January 31 2020,Mason,WA,Passenger,176,143,319,48631,48950,0.65
February 29 2020,Chelan,WA,Passenger,218,81,299,55733,56032,0.53
June 30 2019,Maricopa,AZ,Passenger,5,3,8,1306,1314,0.61
December 31 2018,Santa Barbara,CA,Passenger,1,0,1,99,100,1.00
December 31 2019,Ramsey,MN,Passenger,1,0,1,34,35,2.86
December 31 2018,Santa Rosa,FL,Passenger,1,0,1,80,81,1.23
February 29 2020,Kittitas,WA,Passenger,100,51,151,30683,30834,0.49
February 29 2020,Klamath,OR,Passenger,1,0,1,25,26,3.85
August 31 2019,Pacific,WA,Passenger,34,32,66,16285,16351,0.40
January 31 2020,Montgomery,AL,Passenger,0,2,2,37,39,5.13
August 31 2019,Pend Oreille,WA,Truck,0,0,0,5971,5971,0.00
January 31 2020,Montgomery,OH,Passenger,0,1,1,62,63,1.59
February 29 2020,Clark,WA,Truck,0,0,0,83995,83995,0.00
February 29 2020,Clay,FL,Passenger,0,1,1,82,83,1.20
June 30 2019,Monterey,CA,Passenger,0,1,1,203,204,0.49
December 31 2019,Shelby,OH,Passenger,0,1,1,1,2,50.00
June 30 2019,Moore,NC,Passenger,0,1,1,189,190,0.53
June 30 2019,New Castle,DE,Passenger,1,0,1,23,24,4.17
December 31 2019,Skagit,WA,Passenger,399,235,634,94411,95045,0.67
December 31 2019,Skagit,WA,Truck,1,0,1,33473,33474,0.00
February 29 2020,Maui,HI,Passenger,1,0,1,36,37,2.70
December 31 2019,Skamania,WA,Truck,0,0,0,4265,4265,0.00
February 29 2020,Cowlitz,WA,Passenger,137,126,263,74776,75039,0.35
June 30 2019,Nueces,TX,Passenger,1,1,2,98,100,2.00
January 31 2020,Osceola,FL,Passenger,1,0,1,36,37,2.70
December 31 2019,Snohomish,WA,Truck,0,0,0,126919,126919,0.00
January 31 2019,Kent,MI,Passenger,0,1,1,21,22,4.55
February 29 2020,New Castle,DE,Passenger,1,0,1,22,23,4.35
February 29 2020,Douglas,WA,Truck,0,0,0,12633,12633,0.00
August 31 2019,San Diego,CA,Passenger,8,7,15,2792,2807,0.53
January 31 2020,Pima,AZ,Passenger,2,1,3,321,324,0.93
December 31 2019,Stevens,WA,Truck,0,0,0,19432,19432,0.00
August 31 2019,San Juan,WA,Truck,0,0,0,6067,6067,0.00
January 31 2019,King,WA,Truck,7,1,8,187465,187473,0.00
January 31 2020,Polk,FL,Passenger,1,0,1,67,68,1.47
August 31 2019,Shelby,TN,Passenger,0,1,1,92,93,1.08
February 29 2020,Fairfax,VA,Passenger,4,4,8,724,732,1.09
December 31 2019,Tarrant,TX,Passenger,2,0,2,168,170,1.18
August 31 2019,Skagit,WA,Passenger,345,229,574,94048,94622,0.61
January 31 2020,Prince William,VA,Passenger,2,3,5,228,233,2.15
February 29 2020,Pend Oreille,WA,Truck,0,0,0,6003,6003,0.00
February 29 2020,Fulton,GA,Passenger,1,2,3,98,101,2.97
December 31 2019,Twin Falls,ID,Passenger,0,1,1,23,24,4.17
June 30 2019,Saginaw,MI,Passenger,1,0,1,11,12,8.33
December 31 2019,Wahkiakum,WA,Truck,0,0,0,1793,1793,0.00
January 31 2019,Lewis,WA,Truck,0,0,0,26548,26548,0.00
February 29 2020,Grant,WA,Passenger,61,75,136,67239,67375,0.20
February 29 2020,Grays Harbor,WA,Passenger,122,113,235,49167,49402,0.48
August 31 2019,Wahkiakum,WA,Truck,0,0,0,1811,1811,0.00
January 31 2020,Saint Clair,IL,Passenger,1,0,1,143,144,0.69
February 29 2020,Sacramento,CA,Passenger,1,0,1,256,257,0.39
June 30 2019,San Juan,WA,Passenger,215,75,290,14717,15007,1.93
December 31 2019,Washoe,NV,Passenger,1,0,1,84,85,1.18
June 30 2019,San Mateo,CA,Passenger,2,1,3,115,118,2.54
December 31 2019,Washtenaw,MI,Passenger,1,0,1,30,31,3.23
August 31 2019,Washtenaw,MI,Passenger,1,0,1,33,34,2.94
January 31 2020,Stafford,VA,Passenger,1,0,1,87,88,1.14
December 31 2019,Whatcom,WA,Truck,2,0,2,44232,44234,0.00
June 30 2019,Sarasota,FL,Passenger,1,0,1,22,23,4.35
February 29 2020,San Juan,WA,Truck,0,0,0,6088,6088,0.00
December 31 2019,Whitman,WA,Truck,0,0,0,8836,8836,0.00
December 31 2018,Yakima,WA,Passenger,92,108,200,169313,169513,0.12
February 29 2020,Island,WA,Truck,1,0,1,21821,21822,0.00
January 31 2019,Maui,HI,Passenger,1,0,1,49,50,2.00
January 31 2020,NULL,NULL,Passenger,7,6,13,1973,1986,0.65
September 30 2019,Ada,ID,Passenger,0,1,1,276,277,0.36
January 31 2020,Tarrant,TX,Passenger,2,0,2,165,167,1.20
February 29 2020,Shelby,TN,Passenger,0,1,1,88,89,1.12
January 31 2020,Adams,WA,Passenger,7,8,15,13259,13274,0.11
September 30 2019,Alameda,CA,Passenger,4,1,5,282,287,1.74
January 31 2020,Thurston,WA,Passenger,1186,774,1960,202329,204289,0.96
January 31 2019,Allegheny,PA,Passenger,1,0,1,76,77,1.30
September 30 2019,Albemarle,VA,Passenger,1,0,1,29,30,3.33
January 31 2020,Anne Arundel,MD,Passenger,1,3,4,429,433,0.92
February 29 2020,Kent,MI,Passenger,0,1,1,20,21,4.76
January 31 2020,Arlington,VA,Passenger,0,2,2,142,144,1.39
February 29 2020,King,WA,Passenger,23987,8014,32001,1419856,1451857,2.20
February 29 2020,Skagit,WA,Passenger,415,237,652,94236,94888,0.69
January 31 2020,Asotin,WA,Passenger,18,12,30,13052,13082,0.23
February 29 2020,Klickitat,WA,Passenger,54,42,96,16042,16138,0.59
February 29 2020,Snohomish,WA,Passenger,4490,1847,6337,547147,553484,1.14
February 29 2020,Klickitat,WA,Truck,0,0,0,8543,8543,0.00
June 30 2019,Thurston,WA,Truck,0,0,0,56454,56454,0.00
February 29 2020,Spokane,WA,Truck,1,0,1,100027,100028,0.00
January 31 2019,Montgomery,PA,Passenger,2,0,2,24,26,7.69
January 31 2020,Vigo,IN,Passenger,1,0,1,4,5,20.00
September 30 2019,Bexar,TX,Passenger,1,6,7,601,608,1.15
February 29 2020,Stevens,WA,Passenger,36,36,72,32262,32334,0.22
January 31 2020,Walla Walla,WA,Truck,0,0,0,14124,14124,0.00
January 31 2019,Montgomery,TX,Passenger,1,0,1,50,51,1.96
June 30 2019,Valencia,NM,Passenger,1,0,1,5,6,16.67
September 30 2019,Broward,FL,Passenger,1,1,2,121,123,1.63
February 29 2020,Thurston,WA,Passenger,1200,779,1979,202033,204012,0.97
September 30 2019,Bucks,PA,Passenger,1,0,1,22,23,4.35
February 29 2020,Washtenaw,MI,Passenger,1,0,1,28,29,3.45
February 29 2020,Benton,WA,Truck,0,0,0,43708,43708,0.00
February 29 2020,Montgomery,OH,Passenger,0,1,1,58,59,1.69
June 30 2019,Yakima,WA,Passenger,116,113,229,169673,169902,0.13
January 31 2019,Calvert,MD,Passenger,0,1,1,94,95,1.05
January 31 2020,Contra Costa,CA,Passenger,2,0,2,193,195,1.03
February 29 2020,Brevard,FL,Passenger,0,1,1,73,74,1.35
July 31 2019,NULL,WA,Truck,0,0,0,2,2,0.00
September 30 2019,Clark,NV,Passenger,2,1,3,629,632,0.47
February 29 2020,Pacific,WA,Truck,0,0,0,7954,7954,0.00
September 30 2019,Cook,IL,Passenger,2,0,2,221,223,0.90
March 31 2020,NULL,WA,Passenger,0,0,0,4,4,0.00
September 30 2019,Cowlitz,WA,Truck,0,0,0,29756,29756,0.00
February 29 2020,Charles,MD,Passenger,0,1,1,70,71,1.41
July 31 2019,Benton,WA,Truck,0,0,0,43240,43240,0.00
February 29 2020,Pima,AZ,Passenger,2,1,3,319,322,0.93
February 29 2020,Chelan,WA,Truck,0,0,0,23160,23160,0.00
January 31 2019,Chelan,WA,Passenger,141,65,206,55469,55675,0.37
February 29 2020,Polk,FL,Passenger,1,0,1,68,69,1.45
March 31 2020,Benton,WA,Passenger,356,329,685,137838,138523,0.49
February 29 2020,Chesapeake City,VA,Passenger,0,2,2,420,422,0.47
July 31 2019,Brevard,FL,Passenger,0,1,1,70,71,1.41
February 29 2020,Clallam,WA,Truck,1,0,1,22352,22353,0.00
September 30 2019,District Of Columbia,DC,Passenger,1,2,3,212,215,1.40
July 31 2019,Bucks,PA,Passenger,1,0,1,21,22,4.55
February 29 2020,Powhatan,VA,Passenger,1,0,1,0,1,100.00
January 31 2020,Franklin,WA,Passenger,65,81,146,62357,62503,0.23
February 29 2020,Clark,WA,Passenger,2086,1106,3192,325990,329182,0.97
February 29 2020,Prince William,VA,Passenger,2,3,5,227,232,2.16
January 31 2020,Frederick,MD,Passenger,2,1,3,84,87,3.45
July 31 2019,Calvert,MD,Passenger,0,2,2,92,94,2.13
September 30 2019,El Paso,TX,Passenger,2,0,2,478,480,0.42
January 31 2019,Clark,WA,Truck,0,0,0,82295,82295,0.00
January 31 2019,Saint Clair,IL,Passenger,0,1,1,166,167,0.60
March 31 2020,Clallam,WA,Passenger,229,168,397,51536,51933,0.76
January 31 2019,Clay,FL,Passenger,0,1,1,85,86,1.16
July 31 2019,Charles,MD,Passenger,0,1,1,85,86,1.16
February 29 2020,Saint Clair,IL,Passenger,1,0,1,141,142,0.70
February 29 2020,San Francisco,CA,Passenger,2,1,3,89,92,3.26
March 31 2020,Columbia,WA,Truck,0,0,0,1605,1605,0.00
September 30 2019,Fulton,GA,Passenger,0,2,2,99,101,1.98
January 31 2019,Sangamon,IL,Passenger,1,0,1,7,8,12.50
September 30 2019,Garfield,WA,Passenger,0,1,1,1338,1339,0.07
January 31 2019,Santa Barbara,CA,Passenger,1,0,1,98,99,1.01
February 29 2020,Denver,CO,Passenger,1,0,1,116,117,0.85
July 31 2019,Clallam,WA,Truck,1,0,1,22315,22316,0.00
February 29 2020,Skamania,WA,Truck,0,0,0,4267,4267,0.00
January 31 2020,Harris,TX,Passenger,1,0,1,216,217,0.46
January 31 2019,Cowlitz,WA,Passenger,91,111,202,73897,74099,0.27
September 30 2019,Grant,WA,Truck,0,0,0,27712,27712,0.00
July 31 2019,Clark,WA,Passenger,1700,987,2687,320579,323266,0.83
February 29 2020,Spokane,WA,Passenger,738,505,1243,324213,325456,0.38
January 31 2020,Hidalgo,TX,Passenger,0,1,1,80,81,1.23
January 31 2020,Honolulu,HI,Passenger,3,0,3,432,435,0.69
January 31 2019,Shasta,CA,Passenger,1,0,1,44,45,2.22
March 31 2020,Duval,FL,Passenger,0,1,1,341,342,0.29
February 29 2020,Tarrant,TX,Passenger,2,0,2,164,166,1.20
January 31 2019,Snohomish,WA,Passenger,3232,1589,4821,537520,542341,0.89
January 31 2019,Dekalb,GA,Passenger,1,0,1,75,76,1.32
March 31 2020,Ferry,WA,Truck,0,0,0,3719,3719,0.00
January 31 2019,Spokane,WA,Truck,1,0,1,97292,97293,0.00
March 31 2020,Flathead,MT,Passenger,1,0,1,54,55,1.82
February 29 2020,Fresno,CA,Passenger,1,0,1,175,176,0.57
January 31 2020,King,WA,Truck,7,1,8,187138,187146,0.00
February 29 2020,Ventura,CA,Passenger,0,2,2,298,300,0.67
February 29 2020,Vigo,IN,Passenger,1,0,1,3,4,25.00
July 31 2019,Douglas,WA,Passenger,61,37,98,28647,28745,0.34
January 31 2019,Douglas,WA,Passenger,52,34,86,28614,28700,0.30
September 30 2019,Jones,GA,Passenger,1,0,1,1,2,50.00
February 29 2020,Wahkiakum,WA,Truck,0,0,0,1802,1802,0.00
January 31 2019,Stevens,WA,Passenger,20,31,51,32726,32777,0.16
February 29 2020,Glacier,MT,Passenger,0,1,1,5,6,16.67
January 31 2019,Douglas,WA,Truck,0,0,0,12519,12519,0.00
February 29 2020,Walla Walla,WA,Truck,0,0,0,14115,14115,0.00
March 31 2020,Greene,MO,Passenger,0,1,1,20,21,4.76
January 31 2020,Larimer,CO,Passenger,0,1,1,41,42,2.38
January 31 2019,Dupage,IL,Passenger,1,0,1,55,56,1.79
February 29 2020,Whatcom,WA,Truck,3,0,3,44211,44214,0.01
January 31 2019,Thurston,WA,Passenger,861,627,1488,199347,200835,0.74
January 31 2020,Lewis,WA,Truck,0,0,0,26869,26869,0.00
July 31 2019,Glacier,MT,Passenger,0,1,1,5,6,16.67
January 31 2020,Liberty,GA,Passenger,1,0,1,124,125,0.80
March 31 2020,NULL,NULL,Passenger,8,6,14,1916,1930,0.73
January 31 2019,Fairfax,VA,Passenger,3,3,6,787,793,0.76
March 31 2020,Adams,WA,Passenger,7,9,16,13228,13244,0.12
March 31 2020,Adams,WA,Truck,0,0,0,5436,5436,0.00
January 31 2019,Tuolumne,CA,Passenger,0,1,1,11,12,8.33
July 31 2019,Howard,MD,Passenger,0,1,1,89,90,1.11
July 31 2019,Island,WA,Passenger,347,257,604,64616,65220,0.93
March 31 2020,Alexandria City,VA,Passenger,4,0,4,137,141,2.84
March 31 2020,Arlington,VA,Passenger,0,2,2,139,141,1.42
July 31 2019,Jefferson,NY,Passenger,0,1,1,230,231,0.43
February 29 2020,Kern,CA,Passenger,1,1,2,227,229,0.87
March 31 2020,Kent,MI,Passenger,0,1,1,20,21,4.76
March 31 2020,King,WA,Truck,6,1,7,186875,186882,0.00
July 31 2019,Kittitas,WA,Passenger,83,43,126,30376,30502,0.41
January 31 2019,Grant,WA,Passenger,36,58,94,66144,66238,0.14
February 29 2020,Larimer,CO,Passenger,0,1,1,39,40,2.50
January 31 2019,Gwinnett,GA,Passenger,0,1,1,76,77,1.30
July 31 2019,Lincoln,WA,Passenger,4,11,15,8016,8031,0.19
January 31 2020,Montgomery,PA,Passenger,1,0,1,23,24,4.17
July 31 2019,Lincoln,WA,Truck,0,0,0,4814,4814,0.00
February 29 2020,Lewis,WA,Passenger,117,115,232,60751,60983,0.38
March 31 2020,Leon,FL,Passenger,1,0,1,8,9,11.11
January 31 2019,Hennepin,MN,Passenger,2,0,2,100,102,1.96
January 31 2020,Multnomah,OR,Passenger,4,7,11,688,699,1.57
February 29 2020,Lincoln,WA,Passenger,3,12,15,7989,8004,0.19
July 31 2019,Marion,OR,Passenger,1,0,1,100,101,0.99
January 31 2020,Okanogan,WA,Truck,0,0,0,4112,4112,0.00
January 31 2020,Oklahoma,OK,Passenger,0,2,2,115,117,1.71
March 31 2020,Mason,OR,Passenger,1,0,1,18,19,5.26
January 31 2020,Ozaukee,WI,Passenger,0,1,1,3,4,25.00
January 31 2019,Island,WA,Passenger,302,241,543,64432,64975,0.84
March 31 2020,Cochise,AZ,Passenger,0,1,1,107,108,0.93
September 30 2019,San Juan,WA,Truck,0,0,0,6082,6082,0.00
January 31 2019,Island,WA,Truck,0,0,0,21785,21785,0.00
March 31 2020,Monroe,IL,Passenger,1,0,1,3,4,25.00
January 31 2020,Pierce,WA,Truck,0,0,0,145216,145216,0.00
March 31 2020,Columbia,GA,Passenger,1,1,2,150,152,1.32
September 30 2019,Sangamon,IL,Passenger,1,0,1,6,7,14.29
January 31 2020,Pinal,AZ,Passenger,1,0,1,155,156,0.64
July 31 2019,Nassau,NY,Passenger,2,0,2,31,33,6.06
January 31 2019,Jackson,OK,Passenger,1,0,1,42,43,2.33
March 31 2020,Contra Costa,CA,Passenger,2,0,2,189,191,1.05
February 28 2019,Benton,WA,Truck,0,0,0,42848,42848,0.00
March 31 2020,Multnomah,OR,Passenger,4,7,11,687,698,1.58
September 30 2019,Snohomish,WA,Passenger,3915,1772,5687,542828,548515,1.04
January 31 2019,Jefferson,WA,Truck,0,0,0,9856,9856,0.00
July 31 2019,Otero,NM,Passenger,0,1,1,41,42,2.38
September 30 2019,Spokane,WA,Truck,1,0,1,98789,98790,0.00
July 31 2019,Pacific,WA,Truck,0,0,0,7868,7868,0.00
March 31 2020,Nueces,TX,Passenger,1,0,1,82,83,1.20
September 30 2019,Stafford,VA,Passenger,1,0,1,89,90,1.11
January 31 2020,Riverside,CA,Passenger,2,1,3,598,601,0.50
March 31 2020,Okanogan,NULL,Passenger,31,23,54,20752,20806,0.26
July 31 2019,Pend Oreille,WA,Passenger,5,6,11,9878,9889,0.11
March 31 2020,Dekalb,IN,Passenger,1,0,1,1,2,50.00
January 31 2019,Juneau,AK,Passenger,0,1,1,34,35,2.86
September 30 2019,Stevens,WA,Passenger,30,31,61,32517,32578,0.19
July 31 2019,Pend Oreille,WA,Truck,0,0,0,5983,5983,0.00
March 31 2020,Osceola,FL,Passenger,1,0,1,36,37,2.70
February 29 2020,Oklahoma,OK,Passenger,0,2,2,113,115,1.74
February 29 2020,Otero,NM,Passenger,0,1,1,35,36,2.78
February 28 2019,Caddo,LA,Passenger,1,1,2,21,23,8.70
January 31 2019,Kent,DE,Passenger,0,1,1,74,75,1.33
March 31 2020,El Paso,CO,Passenger,1,0,1,685,686,0.15
September 30 2019,Thurston,WA,Passenger,1045,718,1763,201572,203335,0.87
February 29 2020,Pend Oreille,WA,Passenger,9,7,16,9777,9793,0.16
January 31 2020,Saint Marys,MD,Passenger,1,0,1,190,191,0.52
September 30 2019,Tuolumne,CA,Passenger,0,1,1,10,11,9.09
January 31 2019,Kitsap,WA,Truck,1,0,1,55122,55123,0.00
January 31 2020,Santa Clara,CA,Passenger,4,2,6,293,299,2.01
March 31 2020,Frederick,MD,Passenger,2,1,3,82,85,3.53
March 31 2020,Prince William,VA,Passenger,2,3,5,222,227,2.20
July 31 2019,Riley,KS,Passenger,1,0,1,64,65,1.54
March 31 2020,Ramsey,MN,Passenger,1,0,1,35,36,2.78
January 31 2019,Kootenai,ID,Passenger,1,1,2,196,198,1.01
March 31 2020,Riverside,CA,Passenger,2,1,3,592,595,0.50
February 28 2019,Cascade,MT,Passenger,0,1,1,56,57,1.75
March 31 2020,Guilford,NC,Passenger,1,0,1,26,27,3.70
February 29 2020,Riley,KS,Passenger,1,0,1,63,64,1.56
March 31 2020,Saint Clair,IL,Passenger,1,0,1,140,141,0.71
February 28 2019,Charles,MD,Passenger,0,1,1,75,76,1.32
March 31 2020,Harris,TX,Passenger,1,0,1,209,210,0.48
October 31 2019,NULL,WA,Passenger,0,0,0,4,4,0.00
March 31 2020,Santa Barbara,CA,Passenger,1,0,1,90,91,1.10
February 28 2019,Chaves,NM,Passenger,1,0,1,7,8,12.50
July 31 2019,Shelby,OH,Passenger,0,1,1,1,2,50.00
March 31 2020,Hidalgo,TX,Passenger,0,1,1,73,74,1.35
January 31 2020,Tulsa,OK,Passenger,0,1,1,41,42,2.38
March 31 2020,Honolulu,HI,Passenger,3,0,3,421,424,0.71
February 29 2020,San Juan,WA,Passenger,283,87,370,14648,15018,2.46
July 31 2019,Skamania,WA,Passenger,27,17,44,8978,9022,0.49
March 31 2020,Skagit,WA,Truck,1,0,1,33463,33464,0.00
February 29 2020,Santa Rosa,FL,Passenger,1,0,1,82,83,1.20
January 31 2019,Lincoln,WA,Truck,0,0,0,4808,4808,0.00
February 29 2020,Shelby,OH,Passenger,0,1,1,1,2,50.00
January 31 2019,Los Angeles,CA,Passenger,9,4,13,1076,1089,1.19
February 29 2020,Skamania,WA,Passenger,31,19,50,8983,9033,0.55
October 31 2019,Benton,WA,Passenger,319,312,631,137472,138103,0.46
February 28 2019,Clallam,WA,Truck,0,0,0,22153,22153,0.00
March 31 2020,Tarrant,TX,Passenger,1,0,1,158,159,0.63
February 28 2019,Clark,WA,Passenger,1447,906,2353,317803,320156,0.73
October 31 2019,Cascade,MT,Passenger,0,1,1,59,60,1.67
February 29 2020,Adams,WA,Truck,0,0,0,5442,5442,0.00
February 29 2020,Thurston,WA,Truck,0,0,0,56918,56918,0.00
July 31 2019,Wahkiakum,WA,Passenger,2,3,5,3075,3080,0.16
October 31 2019,Chaves,NM,Passenger,1,0,1,9,10,10.00
February 29 2020,Albemarle,VA,Passenger,1,0,1,32,33,3.03
February 29 2020,Alexandria City,VA,Passenger,4,0,4,139,143,2.80
July 31 2019,Walla Walla,WA,Passenger,52,62,114,36950,37064,0.31
October 31 2019,Clallam,WA,Passenger,208,153,361,51763,52124,0.69
July 31 2019,Washtenaw,MI,Passenger,1,0,1,33,34,2.94
February 29 2020,Wahkiakum,WA,Passenger,5,6,11,3086,3097,0.36
March 31 2020,Williams,ND,Passenger,0,1,1,14,15,6.67
March 31 2020,Liberty,GA,Passenger,1,0,1,119,120,0.83
February 29 2020,Asotin,WA,Truck,0,0,0,6898,6898,0.00
July 31 2019,Whatcom,WA,Passenger,940,458,1398,153506,154904,0.90
July 31 2019,Whitman,WA,Truck,0,0,0,8871,8871,0.00
January 31 2019,Montgomery,MD,Passenger,1,3,4,280,284,1.41
October 31 2019,Columbia,WA,Truck,0,0,0,1599,1599,0.00
July 31 2019,Williamson,TX,Passenger,1,0,1,118,119,0.84
February 29 2020,Whatcom,WA,Passenger,1100,511,1611,154260,155871,1.03
February 29 2020,Whitman,WA,Truck,0,0,0,8819,8819,0.00
February 29 2020,Broward,FL,Passenger,0,1,1,110,111,0.90
February 28 2019,Douglas,WA,Truck,0,0,0,12510,12510,0.00
March 31 2020,Mason,WA,Passenger,183,145,328,48556,48884,0.67
February 29 2020,Caddo,LA,Passenger,1,0,1,12,13,7.69
October 31 2019,Duval,FL,Passenger,1,1,2,353,355,0.56
January 31 2019,Pacific,WA,Truck,0,0,0,7819,7819,0.00
January 31 2019,Palm Beach,FL,Passenger,0,1,1,78,79,1.27
October 31 2019,Ferry,WA,Truck,0,0,0,3736,3736,0.00
March 31 2020,Norfolk City,VA,Passenger,2,1,3,364,367,0.82
January 31 2019,Pima,AZ,Passenger,0,1,1,375,376,0.27
February 28 2019,Franklin,WA,Truck,0,0,0,19791,19791,0.00
April 30 2020,Cascade,MT,Passenger,0,1,1,56,57,1.75
March 31 2020,Boulder,CO,Passenger,1,1,2,35,37,5.41
August 31 2019,Boulder,CO,Passenger,1,0,1,41,42,2.38
October 31 2019,Greene,MO,Passenger,0,1,1,19,20,5.00
March 31 2020,Okanogan,WA,Truck,0,0,0,4092,4092,0.00
March 31 2020,Brevard,FL,Passenger,0,1,1,71,72,1.39
February 29 2020,Cook,IL,Passenger,1,0,1,210,211,0.47
January 31 2019,Polk,FL,Passenger,1,0,1,67,68,1.47
April 30 2020,Chaves,NM,Passenger,1,0,1,9,10,10.00
February 28 2019,Fresno,CA,Passenger,1,0,1,181,182,0.55
April 30 2020,Chesapeake City,VA,Passenger,0,2,2,408,410,0.49
February 28 2019,Gallatin,MT,Passenger,0,1,1,54,55,1.82
March 31 2020,Ozaukee,WI,Passenger,0,1,1,3,4,25.00
April 30 2020,Clark,WA,Passenger,2114,1106,3220,324582,327802,0.98
August 31 2019,Clark,NV,Passenger,2,1,3,635,638,0.47
March 31 2020,Pierce,WA,Truck,0,0,0,145401,145401,0.00
March 31 2020,Pinal,AZ,Passenger,1,0,1,154,155,0.65
August 31 2019,Columbia,WA,Truck,0,0,0,1602,1602,0.00
February 29 2020,Ferry,WA,Passenger,5,2,7,4532,4539,0.15
March 31 2020,Deschutes,OR,Passenger,2,0,2,118,120,1.67
February 29 2020,Franklin,WA,Truck,0,0,0,20494,20494,0.00
October 31 2019,Jefferson,CO,Passenger,0,1,1,59,60,1.67
April 30 2020,Denton,TX,Passenger,1,0,1,62,63,1.59
August 31 2019,Dale,AL,Passenger,0,1,1,63,64,1.56
February 29 2020,Garfield,WA,Passenger,0,1,1,1365,1366,0.07
March 31 2020,Douglas,OR,Passenger,1,0,1,41,42,2.38
October 31 2019,Kent,MI,Passenger,0,1,1,20,21,4.76
April 30 2020,El Paso,CO,Passenger,1,0,1,677,678,0.15
August 31 2019,Deschutes,OR,Passenger,2,0,2,127,129,1.55
March 31 2020,Saint Marys,MD,Passenger,1,0,1,190,191,0.52
October 31 2019,Klickitat,WA,Passenger,48,38,86,15981,16067,0.54
January 31 2019,San Francisco,CA,Passenger,2,1,3,108,111,2.70
August 31 2019,Douglas,OR,Passenger,1,0,1,47,48,2.08
February 28 2019,Jefferson,NY,Passenger,0,1,1,243,244,0.41
January 31 2019,Santa Cruz,CA,Passenger,1,0,1,38,39,2.56
February 29 2020,Harrison,MS,Passenger,1,0,1,64,65,1.54
March 31 2020,San Diego,CA,Passenger,11,9,20,2805,2825,0.71
March 31 2020,San Juan,WA,Truck,0,0,0,6095,6095,0.00
April 30 2020,Fresno,CA,Passenger,1,0,1,172,173,0.58
March 31 2020,Glacier,MT,Passenger,0,1,1,5,6,16.67
March 31 2020,Santa Clara,CA,Passenger,3,2,5,279,284,1.76
October 31 2019,Mason,OR,Passenger,2,0,2,15,17,11.76
March 31 2020,Shelby,TN,Passenger,0,1,1,85,86,1.16
April 30 2020,Greene,MO,Passenger,0,1,1,20,21,4.76
February 28 2019,Klickitat,WA,Passenger,34,33,67,15818,15885,0.42
March 31 2020,Hennepin,MN,Passenger,2,0,2,84,86,2.33
January 31 2019,Skamania,WA,Passenger,20,15,35,9004,9039,0.39
January 31 2019,Spokane,WA,Passenger,509,411,920,314845,315765,0.29
October 31 2019,Monroe,IL,Passenger,1,0,1,4,5,20.00
August 31 2019,Hennepin,MN,Passenger,2,0,2,101,103,1.94
March 31 2020,Tipton,TN,Passenger,1,0,1,12,13,7.69
March 31 2020,Jefferson,WA,Truck,0,0,0,9810,9810,0.00
March 31 2020,Tulsa,OK,Passenger,0,1,1,38,39,2.56
April 30 2020,Jefferson,WA,Passenger,245,157,402,25386,25788,1.56
August 31 2019,Jefferson,WA,Truck,0,0,0,9889,9889,0.00
October 31 2019,Nueces,TX,Passenger,1,1,2,92,94,2.13
October 31 2019,Okanogan,NULL,Passenger,23,20,43,20841,20884,0.21
April 30 2020,Klickitat,WA,Passenger,57,42,99,15800,15899,0.62
April 30 2020,Ada,ID,Passenger,0,1,1,248,249,0.40
August 31 2019,Jones,GA,Passenger,1,0,1,1,2,50.00
October 31 2019,Osceola,FL,Passenger,1,0,1,35,36,2.78
April 30 2020,Alameda,CA,Passenger,2,0,2,252,254,0.79
January 31 2019,Walla Walla,WA,Passenger,43,55,98,36867,36965,0.27
March 31 2020,Lincoln,WA,Passenger,4,12,16,7952,7968,0.20
January 31 2019,Walla Walla,WA,Truck,0,0,0,14009,14009,0.00
February 29 2020,Maricopa,AZ,Passenger,7,5,12,1194,1206,1.00
April 30 2020,Mecklenburg,NC,Passenger,1,0,1,72,73,1.37
February 29 2020,Mason,WA,Passenger,178,143,321,48595,48916,0.66
April 30 2020,Bexar,TX,Passenger,2,6,8,551,559,1.43
October 31 2019,Prince William,VA,Passenger,1,3,4,229,233,1.72
February 29 2020,Mason,WA,Truck,0,0,0,21197,21197,0.00
March 31 2020,Manassas City,VA,Passenger,0,1,1,5,6,16.67
April 30 2020,Montgomery,OH,Passenger,0,1,1,57,58,1.72
October 31 2019,Ramsey,MN,Passenger,1,0,1,35,36,2.78
March 31 2020,Mason,WA,Truck,0,0,0,21182,21182,0.00
February 28 2019,Monterey,CA,Passenger,0,1,1,204,205,0.49
April 30 2020,Nueces,TX,Passenger,1,0,1,80,81,1.23
April 30 2020,Okanogan,NULL,Passenger,31,23,54,20612,20666,0.26
October 31 2019,Saginaw,MI,Passenger,1,0,1,10,11,9.09
January 31 2019,Whatcom,WA,Passenger,833,393,1226,152280,153506,0.80
February 28 2019,Moore,NC,Passenger,0,1,1,189,190,0.53
October 31 2019,San Mateo,CA,Passenger,1,1,2,118,120,1.67
January 31 2019,Whitman,WA,Passenger,25,42,67,23340,23407,0.29
April 30 2020,Chelan,WA,Truck,0,0,0,23068,23068,0.00
October 31 2019,Santa Barbara,CA,Passenger,1,0,1,94,95,1.05
February 29 2020,Montgomery,AL,Passenger,0,2,2,37,39,5.13
August 31 2019,Manassas City,VA,Passenger,0,1,1,7,8,12.50
October 31 2019,Skagit,WA,Truck,1,0,1,33465,33466,0.00
March 31 2020,Montgomery,MD,Passenger,0,4,4,253,257,1.56
February 29 2020,Moore,NC,Passenger,0,1,1,167,168,0.60
April 30 2020,Clark,WA,Truck,0,0,0,83891,83891,0.00
February 29 2020,Norfolk City,VA,Passenger,2,1,3,368,371,0.81
April 30 2020,Ramsey,MN,Passenger,1,0,1,34,35,2.86
October 31 2019,Tarrant,TX,Passenger,2,0,2,174,176,1.14
February 29 2020,Orange,CA,Passenger,5,1,6,493,499,1.20
February 28 2019,Pacific,WA,Truck,0,0,0,7843,7843,0.00
February 28 2019,NULL,CA,Passenger,1,2,3,254,257,1.17
March 31 2020,Okanogan,WA,Passenger,4,8,12,6040,6052,0.20
March 31 2020,Oldham,KY,Passenger,0,1,1,3,4,25.00
March 31 2020,Orange,CA,Passenger,5,1,6,493,499,1.20
August 31 2019,Montgomery,MD,Passenger,0,4,4,277,281,1.42
April 30 2020,Cowlitz,WA,Passenger,146,130,276,74091,74367,0.37
April 30 2020,Saginaw,MI,Passenger,1,0,1,9,10,10.00
February 28 2019,NULL,WA,Passenger,0,0,0,2,2,0.00
February 28 2019,NULL,WA,Truck,0,0,0,2,2,0.00
August 31 2019,Multnomah,OR,Passenger,5,6,11,704,715,1.54
April 30 2020,Cowlitz,WA,Truck,0,0,0,29605,29605,0.00
February 28 2019,Pima,AZ,Passenger,0,1,1,373,374,0.27
April 30 2020,San Juan,WA,Passenger,299,93,392,14518,14910,2.63
February 28 2019,Polk,FL,Passenger,1,0,1,66,67,1.49
March 31 2020,Pend Oreille,WA,Passenger,8,7,15,9695,9710,0.15
February 29 2020,Placer,CA,Passenger,1,0,1,85,86,1.16
April 30 2020,San Mateo,CA,Passenger,0,1,1,112,113,0.88
August 31 2019,Okanogan,NULL,Passenger,23,19,42,20772,20814,0.20
October 31 2019,Washoe,NV,Passenger,2,0,2,84,86,2.33
April 30 2020,Denver,CO,Passenger,1,0,1,111,112,0.89
March 31 2020,Pierce,WA,Passenger,2548,1812,4360,561286,565646,0.77
April 30 2020,Shelby,OH,Passenger,0,1,1,1,2,50.00
August 31 2019,Okanogan,WA,Passenger,3,7,10,6169,6179,0.16
March 31 2020,Pinellas,FL,Passenger,1,1,2,83,85,2.35
August 31 2019,Oldham,KY,Passenger,0,1,1,4,5,20.00
April 30 2020,Skagit,WA,Truck,1,0,1,33321,33322,0.00
February 28 2019,Benton,WA,Passenger,248,254,502,135595,136097,0.37
April 30 2020,El Paso,TX,Passenger,2,0,2,435,437,0.46
October 31 2019,Yakima,WA,Passenger,128,123,251,170299,170550,0.15
April 30 2020,Snohomish,WA,Truck,0,0,0,126858,126858,0.00
March 31 2020,Putnam,TN,Passenger,0,1,1,2,3,33.33
April 30 2020,Stevens,WA,Truck,0,0,0,19258,19258,0.00
April 30 2020,Franklin,WA,Passenger,65,82,147,62023,62170,0.24
April 30 2020,Tarrant,TX,Passenger,1,0,1,155,156,0.64
February 28 2019,Russell,AL,Passenger,1,0,1,42,43,2.33
August 31 2019,Pierce,WA,Passenger,2163,1690,3853,555002,558855,0.69
March 31 2020,Riley,KS,Passenger,1,0,1,63,64,1.56
February 29 2020,San Diego,CA,Passenger,10,9,19,2803,2822,0.67
April 30 2020,Fulton,GA,Passenger,1,2,3,97,100,3.00
August 31 2019,Pinellas,FL,Passenger,1,1,2,96,98,2.04
April 30 2020,Thurston,WA,Truck,0,0,0,56708,56708,0.00
April 30 2020,Tipton,TN,Passenger,1,0,1,12,13,7.69
February 28 2019,Carson City,NV,Passenger,1,0,1,10,11,9.09
February 29 2020,Sarasota,FL,Passenger,1,0,1,22,23,4.35
April 30 2020,Grant,WA,Passenger,62,76,138,66942,67080,0.21
August 31 2019,Putnam,TN,Passenger,0,1,1,2,3,33.33
April 30 2020,Grant,WA,Truck,0,0,0,27910,27910,0.00
November 30 2019,Bryan,GA,Passenger,1,0,1,59,60,1.67
August 31 2019,Ramsey,MN,Passenger,1,0,1,34,35,2.86
April 30 2020,Grays Harbor,WA,Passenger,120,113,233,48921,49154,0.47
February 28 2019,San Juan,WA,Passenger,197,71,268,14626,14894,1.80
February 28 2019,Clallam,WA,Passenger,163,134,297,51285,51582,0.58
February 28 2019,San Mateo,CA,Passenger,2,1,3,128,131,2.29
August 31 2019,Riverside,CA,Passenger,0,1,1,630,631,0.16
February 29 2020,Stafford,VA,Passenger,1,0,1,85,86,1.16
April 30 2020,Washoe,NV,Passenger,1,0,1,81,82,1.22
February 29 2020,Suffolk City,VA,Passenger,1,0,1,119,120,0.83
March 31 2020,Spartanburg,SC,Passenger,0,1,1,38,39,2.56
November 30 2019,Cascade,MT,Passenger,0,1,1,58,59,1.69
April 30 2020,Whitman,WA,Truck,0,0,0,8786,8786,0.00
February 29 2020,Tuolumne,CA,Passenger,0,1,1,8,9,11.11
February 28 2019,Skamania,WA,Passenger,22,15,37,8984,9021,0.41
April 30 2020,Yakima,WA,Passenger,147,124,271,169705,169976,0.16
March 31 2020,Twin Falls,ID,Passenger,0,1,1,22,23,4.35
November 30 2019,Chesapeake City,VA,Passenger,0,2,2,427,429,0.47
August 31 2019,Santa Cruz,CA,Passenger,1,0,1,35,36,2.78
February 29 2020,Valencia,NM,Passenger,1,0,1,3,4,25.00
May 31 2020,NULL,CA,Passenger,1,2,3,225,228,1.32
February 28 2019,Cumberland,NC,Passenger,0,2,2,534,536,0.37
April 30 2020,Kent,MI,Passenger,0,1,1,20,21,4.76
April 30 2020,Kern,CA,Passenger,1,1,2,225,227,0.88
May 31 2020,Allegheny,PA,Passenger,1,0,1,59,60,1.67
August 31 2019,Skagit,WA,Truck,1,0,1,33457,33458,0.00
November 30 2019,Clark,WA,Passenger,1922,1071,2993,323214,326207,0.92
April 30 2020,King,WA,Passenger,24678,8021,32699,1407174,1439873,2.27
February 28 2019,Dakota,MN,Passenger,0,1,1,30,31,3.23
April 30 2020,King,WA,Truck,6,1,7,186051,186058,0.00
May 31 2020,Arlington,VA,Passenger,0,2,2,129,131,1.53
April 30 2020,Klickitat,WA,Truck,0,0,0,8464,8464,0.00
November 30 2019,Cochise,AZ,Passenger,0,1,1,111,112,0.89
May 31 2020,Bell,TX,Passenger,0,1,1,395,396,0.25
April 30 2020,Larimer,CO,Passenger,0,1,1,37,38,2.63
August 31 2019,Twin Falls,ID,Passenger,0,1,1,24,25,4.00
May 31 2020,Benton,WA,Truck,0,0,0,43575,43575,0.00
April 30 2020,Lewis,WA,Passenger,109,115,224,59889,60113,0.37
February 28 2019,Thurston,WA,Truck,0,0,0,56354,56354,0.00
August 31 2019,Volusia,FL,Passenger,0,1,1,35,36,2.78
April 30 2020,Anne Arundel,MD,Passenger,0,3,3,411,414,0.72
April 30 2020,Asotin,WA,Passenger,17,13,30,12788,12818,0.23
August 31 2019,Wayne,MI,Passenger,0,1,1,63,64,1.56
November 30 2019,El Paso,CO,Passenger,1,1,2,703,705,0.28
February 28 2019,Valencia,NM,Passenger,1,0,1,7,8,12.50
February 28 2019,Duval,FL,Passenger,1,1,2,373,375,0.53
March 31 2020,Calvert,MD,Passenger,0,2,2,90,92,2.17
May 31 2020,Carson City,NV,Passenger,1,0,1,9,10,10.00
August 31 2019,Westchester,NY,Passenger,0,1,1,31,32,3.12
May 31 2020,Charles,MD,Passenger,1,1,2,66,68,2.94
February 28 2019,Wahkiakum,WA,Passenger,2,2,4,3071,3075,0.13
November 30 2019,Fresno,CA,Passenger,1,0,1,180,181,0.55
May 31 2020,Clallam,WA,Truck,1,0,1,22196,22197,0.00
April 30 2020,Montgomery,PA,Passenger,1,0,1,21,22,4.55
November 30 2019,Garfield,WA,Truck,0,0,0,989,989,0.00
March 31 2020,Chesapeake City,VA,Passenger,0,2,2,413,415,0.48
April 30 2020,Calvert,MD,Passenger,0,2,2,89,91,2.20
February 28 2019,Ferry,WA,Truck,0,0,0,3776,3776,0.00
March 31 2020,Clark,WA,Passenger,2103,1107,3210,325911,329121,0.98
April 30 2020,Oklahoma,OK,Passenger,0,2,2,111,113,1.77
February 28 2019,Flathead,MT,Passenger,1,0,1,51,52,1.92
February 28 2019,Whatcom,WA,Passenger,840,399,1239,152246,153485,0.81
February 28 2019,Whitman,WA,Truck,0,0,0,8765,8765,0.00
May 31 2020,Davidson,TN,Passenger,1,0,1,59,60,1.67
September 30 2019,Calvert,MD,Passenger,0,2,2,93,95,2.11
November 30 2019,Jefferson,WA,Passenger,225,143,368,25605,25973,1.42
February 28 2019,Glacier,MT,Passenger,0,1,1,3,4,25.00
February 28 2019,Yakima,WA,Passenger,96,110,206,169054,169260,0.12
March 31 2020,Douglas,WA,Passenger,72,41,113,28743,28856,0.39
April 30 2020,Prince William,VA,Passenger,2,3,5,217,222,2.25
September 30 2019,Charles,MD,Passenger,0,1,1,80,81,1.23
March 31 2020,Dupage,IL,Passenger,2,0,2,49,51,3.92
March 31 2019,NULL,WA,Truck,0,0,0,2,2,0.00
April 30 2020,Douglas,WA,Passenger,70,41,111,28606,28717,0.39
April 30 2020,Saint Clair,IL,Passenger,1,0,1,139,140,0.71
March 31 2020,Fairfax,VA,Passenger,5,4,9,719,728,1.24
September 30 2019,Chelan,WA,Passenger,175,75,250,55672,55922,0.45
May 31 2020,Frederick,MD,Passenger,2,1,3,77,80,3.75
November 30 2019,Lincoln,WA,Passenger,3,11,14,8006,8020,0.17
April 30 2020,Fairbanks North Star,AK,Passenger,0,1,1,95,96,1.04
September 30 2019,Chesapeake City,VA,Passenger,0,1,1,435,436,0.23
April 30 2020,Fairfax,VA,Passenger,5,4,9,712,721,1.25
March 31 2019,Arlington,VA,Passenger,1,2,3,154,157,1.91
May 31 2020,Glacier,MT,Passenger,0,1,1,5,6,16.67
September 30 2019,Clallam,WA,Truck,1,0,1,22340,22341,0.00
April 30 2020,Ferry,WA,Passenger,5,3,8,4498,4506,0.18
September 30 2019,Clark,WA,Passenger,1817,1028,2845,321776,324621,0.88
April 30 2020,Spokane,WA,Truck,1,0,1,100181,100182,0.00
November 30 2019,Mecklenburg,NC,Passenger,1,0,1,79,80,1.25
September 30 2019,Clark,WA,Truck,0,0,0,83104,83104,0.00
September 30 2019,Clay,FL,Passenger,0,1,1,82,83,1.20
March 31 2019,Benton,WA,Truck,0,0,0,42811,42811,0.00
March 31 2020,Howard,MD,Passenger,0,1,1,85,86,1.16
March 31 2020,Island,WA,Passenger,427,289,716,64458,65174,1.10
April 30 2020,Thurston,WA,Passenger,1232,783,2015,200857,202872,0.99
May 31 2020,Hidalgo,TX,Passenger,0,1,1,69,70,1.43
April 30 2020,Grays Harbor,WA,Truck,0,0,0,21230,21230,0.00
November 30 2019,Okanogan,WA,Passenger,2,8,10,6117,6127,0.16
March 31 2020,Jefferson,WA,Passenger,245,155,400,25523,25923,1.54
April 30 2020,Ventura,CA,Passenger,0,2,2,289,291,0.69
March 31 2019,Brevard,FL,Passenger,0,1,1,75,76,1.32
April 30 2020,Harrison,MS,Passenger,1,0,1,62,63,1.59
March 31 2020,Juneau,AK,Passenger,0,1,1,23,24,4.17
February 28 2019,Jefferson,CO,Passenger,0,2,2,62,64,3.12
September 30 2019,Douglas,WA,Passenger,63,37,100,28765,28865,0.35
September 30 2019,Douglas,WA,Truck,0,0,0,12585,12585,0.00
May 31 2020,Kent,DE,Passenger,0,1,1,66,67,1.49
April 30 2020,Island,WA,Passenger,427,290,717,64118,64835,1.11
March 31 2020,Kitsap,WA,Truck,1,0,1,55438,55439,0.00
March 31 2020,Klickitat,WA,Passenger,56,42,98,15957,16055,0.61
May 31 2020,Kittitas,WA,Truck,0,0,0,14954,14954,0.00
September 30 2019,Fairfax,VA,Passenger,3,3,6,735,741,0.81
May 31 2020,Kootenai,ID,Passenger,1,0,1,191,192,0.52
May 31 2020,NULL,WA,Passenger,0,0,0,4,4,0.00
March 31 2019,Charles,MD,Passenger,0,1,1,76,77,1.30
May 31 2020,Adams,WA,Truck,0,0,0,5418,5418,0.00
November 30 2019,Riley,KS,Passenger,1,0,1,63,64,1.56
May 31 2020,Larimer,CO,Passenger,0,1,1,36,37,2.70
May 31 2020,Albemarle,VA,Passenger,1,0,1,27,28,3.57
March 31 2020,Lincoln,WA,Truck,0,0,0,4780,4780,0.00
May 31 2020,Alexandria City,VA,Passenger,4,0,4,135,139,2.88
May 31 2020,Liberty,GA,Passenger,1,0,1,123,124,0.81
April 30 2020,Kittitas,WA,Passenger,108,51,159,30584,30743,0.52
May 31 2020,Bartow,GA,Passenger,0,1,1,3,4,25.00
March 31 2019,Clallam,WA,Truck,0,0,0,22176,22176,0.00
November 30 2019,San Juan,WA,Passenger,248,82,330,14712,15042,2.19
May 31 2020,Benton,WA,Passenger,366,331,697,136975,137672,0.51
March 31 2020,Mecklenburg,NC,Passenger,1,0,1,71,72,1.39
November 30 2019,San Mateo,CA,Passenger,1,1,2,118,120,1.67
March 31 2020,Montgomery,OH,Passenger,0,1,1,57,58,1.72
April 30 2020,Lewis,WA,Truck,0,0,0,26764,26764,0.00
March 31 2019,Cochise,AZ,Passenger,0,1,1,119,120,0.83
September 30 2019,Island,WA,Passenger,365,265,630,64589,65219,0.97
September 30 2019,Island,WA,Truck,0,0,0,21815,21815,0.00
November 30 2019,Shelby,OH,Passenger,0,1,1,1,2,50.00
April 30 2020,Lincoln,WA,Truck,0,0,0,4757,4757,0.00
March 31 2020,Nassau,NY,Passenger,2,0,2,29,31,6.45
November 30 2019,Snohomish,WA,Truck,0,0,0,126793,126793,0.00
September 30 2019,Jefferson,NY,Passenger,0,1,1,227,228,0.44
April 30 2020,Maricopa,AZ,Passenger,6,5,11,1166,1177,0.93
May 31 2020,Monterey,CA,Passenger,1,0,1,187,188,0.53
November 30 2019,Stevens,WA,Truck,0,0,0,19448,19448,0.00
September 30 2019,Kittitas,WA,Passenger,87,45,132,30519,30651,0.43
May 31 2020,Clallam,WA,Passenger,236,168,404,51063,51467,0.78
September 30 2019,Klickitat,WA,Passenger,43,37,80,15945,16025,0.50
November 30 2019,Thurston,WA,Truck,0,0,0,56863,56863,0.00
February 28 2019,Monroe,IL,Passenger,1,0,1,3,4,25.00
March 31 2019,Deschutes,OR,Passenger,2,0,2,136,138,1.45
April 30 2020,Nassau,NY,Passenger,2,0,2,27,29,6.90
April 30 2020,New Castle,DE,Passenger,1,0,1,22,23,4.35
May 31 2020,Oklahoma,OK,Passenger,0,1,1,109,110,0.91
September 30 2019,Lincoln,WA,Truck,0,0,0,4821,4821,0.00
May 31 2020,Otero,NM,Passenger,0,1,1,35,36,2.78
May 31 2020,Ozaukee,WI,Passenger,0,1,1,3,4,25.00
May 31 2020,Pacific,WA,Truck,0,0,0,7829,7829,0.00
May 31 2020,Palm Beach,FL,Passenger,0,1,1,64,65,1.54
April 30 2020,Pend Oreille,WA,Truck,0,0,0,5972,5972,0.00
March 31 2020,Shasta,CA,Passenger,1,0,1,38,39,2.56
November 30 2019,Whitman,WA,Truck,0,0,0,8829,8829,0.00
March 31 2020,Shelby,OH,Passenger,0,1,1,1,2,50.00
May 31 2020,Pend Oreille,WA,Passenger,7,6,13,9537,9550,0.14
March 31 2020,Snohomish,WA,Truck,0,0,0,127233,127233,0.00
April 30 2020,Placer,CA,Passenger,1,0,1,81,82,1.22
May 31 2020,Pinal,AZ,Passenger,1,0,1,148,149,0.67
April 30 2020,Powhatan,VA,Passenger,1,0,1,0,1,100.00
March 31 2020,Stevens,WA,Truck,0,0,0,19346,19346,0.00
September 30 2019,Nassau,NY,Passenger,2,0,2,30,32,6.25
February 28 2019,Nueces,TX,Passenger,1,1,2,93,95,2.11
December 31 2019,NULL,CA,Passenger,1,2,3,236,239,1.26
May 31 2020,Greene,MO,Passenger,0,1,1,19,20,5.00
December 31 2019,Arlington,VA,Passenger,0,2,2,141,143,1.40
May 31 2020,Guilford,NC,Passenger,1,0,1,25,26,3.85
September 30 2019,Otero,NM,Passenger,0,1,1,41,42,2.38
March 31 2019,Glacier,MT,Passenger,0,1,1,4,5,20.00
December 31 2019,Bell,TX,Passenger,0,1,1,415,416,0.24
September 30 2019,Pacific,WA,Truck,0,0,0,7869,7869,0.00
December 31 2019,Benton,WA,Truck,0,0,0,43634,43634,0.00
September 30 2019,Pend Oreille,WA,Truck,0,0,0,5954,5954,0.00
May 31 2020,Saint Louis,MO,Passenger,1,0,1,61,62,1.61
March 31 2020,Walla Walla,WA,Passenger,69,64,133,37029,37162,0.36
September 30 2019,Pima,AZ,Passenger,1,1,2,335,337,0.59
May 31 2020,Saint Louis City,MO,Passenger,1,0,1,25,26,3.85
April 30 2020,San Francisco,CA,Passenger,2,1,3,89,92,3.26
September 30 2019,Polk,FL,Passenger,1,0,1,68,69,1.45
May 31 2020,Honolulu,HI,Passenger,3,0,3,401,404,0.74
September 30 2019,Powhatan,VA,Passenger,1,0,1,0,1,100.00
April 30 2020,Sarasota,FL,Passenger,1,0,1,19,20,5.00
March 31 2019,Hidalgo,TX,Passenger,0,1,1,91,92,1.09
March 31 2020,Washoe,NV,Passenger,1,0,1,84,85,1.18
February 28 2019,Pend Oreille,WA,Passenger,6,5,11,9841,9852,0.11
March 31 2020,Whitman,WA,Passenger,44,49,93,22918,23011,0.40
April 30 2020,Skamania,WA,Truck,0,0,0,4213,4213,0.00
March 31 2020,Whitman,WA,Truck,0,0,0,8816,8816,0.00
May 31 2020,Skamania,WA,Passenger,34,17,51,8748,8799,0.58
April 30 2020,Spokane,WA,Passenger,754,509,1263,323074,324337,0.39
March 31 2020,Williamson,TX,Passenger,1,0,1,108,109,0.92
December 31 2019,Carson City,NV,Passenger,1,0,1,9,10,10.00
May 31 2020,Sumter,FL,Passenger,0,1,1,8,9,11.11
April 30 2020,NULL,WA,Passenger,0,0,0,4,4,0.00
December 31 2019,Clallam,WA,Truck,1,0,1,22373,22374,0.00
March 31 2019,Jefferson,NY,Passenger,0,1,1,244,245,0.41
September 30 2019,San Francisco,CA,Passenger,2,1,3,100,103,2.91
May 31 2020,Travis,TX,Passenger,1,2,3,152,155,1.94
September 30 2019,Shelby,OH,Passenger,0,1,1,1,2,50.00
May 31 2020,Wahkiakum,WA,Passenger,6,7,13,3034,3047,0.43
April 30 2020,Wahkiakum,WA,Truck,0,0,0,1801,1801,0.00
April 30 2020,Benton,WA,Passenger,360,331,691,137312,138003,0.50
April 30 2020,Walla Walla,WA,Passenger,71,64,135,36816,36951,0.37
December 31 2019,Cowlitz,WA,Passenger,128,124,252,74938,75190,0.34
September 30 2019,Skamania,WA,Passenger,29,17,46,9021,9067,0.51
September 30 2019,Skamania,WA,Truck,0,0,0,4251,4251,0.00
December 31 2019,Cumberland,NC,Passenger,0,2,2,498,500,0.40
April 30 2020,Brevard,FL,Passenger,0,1,1,71,72,1.39
May 31 2020,Mason,WA,Passenger,189,146,335,48268,48603,0.69
February 28 2019,Saint Louis,MO,Passenger,1,0,1,78,79,1.27
September 30 2019,Spokane,WA,Passenger,634,477,1111,320591,321702,0.35
May 31 2020,Mason,WA,Truck,0,0,0,21128,21128,0.00
April 30 2020,Washtenaw,MI,Passenger,1,0,1,25,26,3.85
April 30 2020,Bryan,GA,Passenger,1,0,1,59,60,1.67
April 30 2020,Whatcom,WA,Truck,3,0,3,43943,43946,0.01
May 31 2020,Whatcom,WA,Passenger,1127,521,1648,152254,153902,1.07
September 30 2019,Tarrant,TX,Passenger,2,0,2,172,174,1.15
April 30 2020,Williamson,TX,Passenger,1,0,1,105,106,0.94
February 28 2019,Santa Barbara,CA,Passenger,1,0,1,97,98,1.02
May 31 2020,Montgomery,AL,Passenger,0,2,2,37,39,5.13
May 31 2020,Yakima,WA,Truck,0,0,0,61724,61724,0.00
February 28 2019,Santa Fe,NM,Passenger,0,1,1,37,38,2.63
September 30 2019,Vigo,IN,Passenger,1,0,1,4,5,20.00
May 31 2020,NULL,NULL,Passenger,7,5,12,1876,1888,0.64
September 30 2019,Wahkiakum,WA,Truck,0,0,0,1803,1803,0.00
April 30 2020,Clackamas,OR,Passenger,1,0,1,170,171,0.58
April 30 2020,Clallam,WA,Passenger,234,168,402,51255,51657,0.78
May 31 2020,Adams,WA,Passenger,8,9,17,13073,13090,0.13
September 30 2019,Walla Walla,WA,Passenger,59,64,123,36998,37121,0.33
March 31 2019,Liberty,GA,Passenger,1,0,1,146,147,0.68
September 30 2019,Walla Walla,WA,Truck,0,0,0,14106,14106,0.00
May 31 2020,Norfolk City,VA,Passenger,2,1,3,356,359,0.84
March 31 2019,Lincoln,WA,Passenger,5,7,12,7974,7986,0.15
December 31 2019,Glacier,MT,Passenger,0,1,1,4,5,20.00
September 30 2019,Washtenaw,MI,Passenger,1,0,1,32,33,3.03
May 31 2020,Orange,CA,Passenger,5,1,6,482,488,1.23
December 31 2019,Grant,WA,Passenger,58,72,130,67307,67437,0.19
December 31 2019,Grays Harbor,WA,Passenger,118,105,223,49173,49396,0.45
February 28 2019,Spartanburg,SC,Passenger,0,1,1,27,28,3.57
May 31 2020,Osceola,FL,Passenger,1,0,1,34,35,2.86
September 30 2019,Whatcom,WA,Passenger,976,483,1459,153747,155206,0.94
September 30 2019,Whatcom,WA,Truck,2,0,2,44050,44052,0.00
March 31 2019,Manassas City,VA,Passenger,0,1,1,9,10,10.00
September 30 2019,Whitman,WA,Truck,0,0,0,8845,8845,0.00
April 30 2020,Duval,FL,Passenger,0,1,1,336,337,0.30
June 30 2020,Carson City,NV,Passenger,1,0,1,9,10,10.00
September 30 2019,Williamson,TX,Passenger,1,0,1,118,119,0.84
December 31 2019,Harnett,NC,Passenger,0,1,1,188,189,0.53
May 31 2020,Bucks,PA,Passenger,1,0,1,19,20,5.00
March 31 2019,Mason,WA,Truck,0,0,0,20944,20944,0.00
April 30 2020,Ferry,WA,Truck,0,0,0,3693,3693,0.00
April 30 2020,Flathead,MT,Passenger,1,0,1,52,53,1.89
May 31 2020,Calvert,MD,Passenger,0,2,2,88,90,2.22
December 31 2019,Hennepin,MN,Passenger,2,0,2,95,97,2.06
December 31 2019,Hidalgo,TX,Passenger,0,1,1,81,82,1.22
June 30 2020,Clark,WA,Truck,0,0,0,84214,84214,0.00
October 31 2019,NULL,NULL,Passenger,8,6,14,1997,2011,0.70
October 31 2019,Adams,WA,Passenger,6,6,12,13249,13261,0.09
April 30 2020,Garfield,WA,Truck,0,0,0,993,993,0.00
May 31 2020,San Diego,CA,Passenger,13,9,22,2773,2795,0.79
April 30 2020,Goochland,VA,Passenger,2,1,3,170,173,1.73
June 30 2020,Cowlitz,WA,Passenger,148,128,276,73727,74003,0.37
October 31 2019,Arlington,VA,Passenger,0,2,2,141,143,1.40
May 31 2020,Clark,NV,Passenger,3,1,4,610,614,0.65
June 30 2020,Cumberland,NC,Passenger,0,3,3,469,472,0.64
May 31 2020,Columbia,GA,Passenger,1,1,2,141,143,1.40
December 31 2019,Kittitas,WA,Truck,0,0,0,15029,15029,0.00
May 31 2020,Contra Costa,CA,Passenger,2,0,2,179,181,1.10
December 31 2019,Klickitat,WA,Truck,0,0,0,8552,8552,0.00
May 31 2020,Spartanburg,SC,Passenger,0,1,1,36,37,2.70
December 31 2019,Larimer,CO,Passenger,0,1,1,43,44,2.27
April 30 2020,Howard,MD,Passenger,0,1,1,83,84,1.19
May 31 2020,Stafford,VA,Passenger,1,0,1,84,85,1.18
June 30 2020,Dupage,IL,Passenger,2,0,2,45,47,4.26
February 28 2019,Yakima,WA,Truck,0,0,0,61245,61245,0.00
May 31 2020,Dekalb,IN,Passenger,1,0,1,1,2,50.00
March 31 2019,Okanogan,WA,Passenger,3,7,10,6229,6239,0.16
March 31 2019,Oldham,KY,Passenger,0,1,1,4,5,20.00
June 30 2020,Glacier,MT,Passenger,0,1,1,4,5,20.00
May 31 2020,Douglas,WA,Passenger,70,41,111,28561,28672,0.39
March 31 2019,Orange,CA,Passenger,4,1,5,540,545,0.92
May 31 2020,Williams,ND,Passenger,0,1,1,12,13,7.69
October 31 2019,Clark,NV,Passenger,2,1,3,631,634,0.47
June 30 2020,Grant,WA,Passenger,62,76,138,66850,66988,0.21
April 30 2020,Kitsap,WA,Passenger,1400,709,2109,183912,186021,1.13
June 30 2020,Grays Harbor,WA,Passenger,121,114,235,48961,49196,0.48
October 31 2019,Cochise,AZ,Passenger,0,1,1,113,114,0.88
March 31 2019,Ozaukee,WI,Passenger,0,1,1,3,4,25.00
June 30 2020,Ada,ID,Passenger,0,1,1,241,242,0.41
October 31 2019,Columbia,GA,Passenger,1,1,2,148,150,1.33
June 30 2020,Guilford,NC,Passenger,1,0,1,24,25,4.00
October 31 2019,Contra Costa,CA,Passenger,1,0,1,193,194,0.52
March 31 2019,Pend Oreille,WA,Passenger,6,5,11,9830,9841,0.11
June 30 2020,Alameda,CA,Passenger,1,0,1,245,246,0.41
April 30 2020,Leon,FL,Passenger,1,0,1,8,9,11.11
April 30 2020,Lincoln,WA,Passenger,6,12,18,7874,7892,0.23
May 31 2020,Harris,TX,Passenger,1,0,1,201,202,0.50
June 30 2020,Anne Arundel,MD,Passenger,0,3,3,411,414,0.72
March 31 2019,Pierce,WA,Passenger,1859,1559,3418,550219,553637,0.62
June 30 2020,Asotin,WA,Passenger,17,13,30,12661,12691,0.24
May 31 2020,Howard,MD,Passenger,0,1,1,83,84,1.19
December 31 2019,Oklahoma,OK,Passenger,0,2,2,116,118,1.69
June 30 2020,Hennepin,MN,Passenger,2,0,2,75,77,2.60
May 31 2020,Island,WA,Passenger,431,290,721,64067,64788,1.11
December 31 2019,Ozaukee,WI,Passenger,0,1,1,3,4,25.00
October 31 2019,Dekalb,IN,Passenger,1,0,1,1,2,50.00
December 31 2019,Pend Oreille,WA,Passenger,8,7,15,9844,9859,0.15
October 31 2019,Deschutes,OR,Passenger,2,0,2,122,124,1.61
April 30 2020,Mason,OR,Passenger,1,0,1,19,20,5.00
December 31 2019,Pinellas,FL,Passenger,1,1,2,86,88,2.27
June 30 2020,Jefferson,WA,Truck,0,0,0,9757,9757,0.00
May 31 2020,Jones,GA,Passenger,1,0,1,1,2,50.00
June 30 2020,Juneau,AK,Passenger,0,1,1,21,22,4.55
April 30 2020,Mason,WA,Truck,0,0,0,21144,21144,0.00
June 30 2020,Klickitat,WA,Truck,0,0,0,8372,8372,0.00
May 31 2020,Kittitas,WA,Passenger,108,50,158,30504,30662,0.52
October 31 2019,El Paso,CO,Passenger,1,1,2,697,699,0.29
June 30 2020,Larimer,CO,Passenger,0,1,1,35,36,2.78
April 30 2020,Monroe,IL,Passenger,1,0,1,3,4,25.00
October 31 2019,Frederick,MD,Passenger,2,1,3,87,90,3.33
May 31 2020,Lincoln,WA,Truck,0,0,0,4748,4748,0.00
June 30 2020,Cascade,MT,Passenger,0,1,1,53,54,1.85
December 31 2019,Saint Louis,MO,Passenger,1,0,1,65,66,1.52
March 31 2019,Camden,GA,Passenger,0,1,1,163,164,0.61
March 31 2019,Riley,KS,Passenger,1,0,1,72,73,1.37
June 30 2020,Cowlitz,WA,Truck,0,0,0,29655,29655,0.00
April 30 2020,Orange,CA,Passenger,5,1,6,486,492,1.22
October 31 2019,Harris,TX,Passenger,1,1,2,217,219,0.91
March 31 2019,Chelan,WA,Passenger,145,69,214,55432,55646,0.38
April 30 2020,Osceola,FL,Passenger,1,0,1,35,36,2.78
June 30 2020,Montgomery,MD,Passenger,0,4,4,233,237,1.69
December 31 2019,Spartanburg,SC,Passenger,0,1,1,35,36,2.78
October 31 2019,Hidalgo,TX,Passenger,0,1,1,83,84,1.19
October 31 2019,Honolulu,HI,Passenger,3,0,3,453,456,0.66
June 30 2020,El Paso,TX,Passenger,2,0,2,417,419,0.48
December 31 2019,Sumter,FL,Passenger,0,1,1,8,9,11.11
May 31 2020,Multnomah,OR,Passenger,4,7,11,670,681,1.62
March 31 2019,Clay,FL,Passenger,0,1,1,83,84,1.19
March 31 2019,Santa Rosa,FL,Passenger,1,0,1,81,82,1.22
June 30 2020,Fairbanks North Star,AK,Passenger,0,1,1,94,95,1.05
May 31 2020,Nassau,NY,Passenger,2,0,2,27,29,6.90
December 31 2019,Travis,TX,Passenger,1,1,2,168,170,1.18
May 31 2020,Okanogan,WA,Truck,0,0,0,4041,4041,0.00
June 30 2020,Oklahoma,OK,Passenger,0,1,1,107,108,0.93
October 31 2019,Jones,GA,Passenger,1,0,1,1,2,50.00
March 31 2019,Skamania,WA,Passenger,23,15,38,8980,9018,0.42
June 30 2020,Ferry,WA,Passenger,5,3,8,4492,4500,0.18
December 31 2019,Ventura,CA,Passenger,0,2,2,303,305,0.66
December 31 2019,Wahkiakum,WA,Passenger,4,4,8,3109,3117,0.26
March 31 2019,Columbia,WA,Passenger,2,2,4,2488,2492,0.16
June 30 2020,Franklin,WA,Passenger,67,82,149,61940,62089,0.24
June 30 2020,Pend Oreille,WA,Passenger,7,6,13,9541,9554,0.14
May 31 2020,Pend Oreille,WA,Truck,0,0,0,5967,5967,0.00
April 30 2020,Riley,KS,Passenger,1,0,1,62,63,1.59
June 30 2020,Fresno,CA,Passenger,1,0,1,168,169,0.59
May 31 2020,Pierce,WA,Truck,0,0,0,145088,145088,0.00
June 30 2020,Pinellas,FL,Passenger,1,1,2,82,84,2.38
April 30 2020,Santa Barbara,CA,Passenger,1,0,1,91,92,1.09
June 30 2020,Powhatan,VA,Passenger,1,0,1,0,1,100.00
October 31 2019,Liberty,GA,Passenger,1,0,1,129,130,0.77
March 31 2019,Dekalb,GA,Passenger,1,0,1,76,77,1.30
June 30 2020,Grant,WA,Truck,0,0,0,27949,27949,0.00
December 31 2019,Yakima,WA,Truck,0,0,0,61899,61899,0.00
June 30 2020,Grays Harbor,WA,Truck,0,0,0,21368,21368,0.00
April 30 2020,Shasta,CA,Passenger,1,0,1,36,37,2.70
January 31 2020,Alexandria City,VA,Passenger,4,0,4,142,146,2.74
March 31 2019,Douglas,NE,Passenger,0,1,1,62,63,1.59
May 31 2020,Riverside,CA,Passenger,2,1,3,577,580,0.52
March 31 2019,Douglas,OR,Passenger,1,0,1,49,50,2.00
June 30 2020,Harrison,MS,Passenger,1,0,1,58,59,1.69
October 31 2019,Manassas City,VA,Passenger,0,1,1,6,7,14.29
June 30 2020,Saint Louis,MO,Passenger,1,0,1,60,61,1.64
March 31 2019,Douglas,WA,Truck,0,0,0,12503,12503,0.00
May 31 2020,Sacramento,CA,Passenger,1,0,1,246,247,0.40
April 30 2020,Suffolk City,VA,Passenger,1,0,1,122,123,0.81
June 30 2020,San Francisco,CA,Passenger,1,1,2,86,88,2.27
March 31 2019,Wahkiakum,WA,Passenger,2,2,4,3063,3067,0.13
May 31 2020,Saint Marys,MD,Passenger,1,0,1,188,189,0.53
May 31 2020,San Juan,WA,Truck,0,0,0,6037,6037,0.00
May 31 2020,Santa Clara,CA,Passenger,3,2,5,262,267,1.87
October 31 2019,Multnomah,OR,Passenger,4,6,10,689,699,1.43
January 31 2020,Boulder,CO,Passenger,1,1,2,39,41,4.88
June 30 2020,Kern,CA,Passenger,1,1,2,222,224,0.89
May 31 2020,Shelby,TN,Passenger,0,1,1,82,83,1.20
January 31 2020,Brevard,FL,Passenger,0,1,1,72,73,1.37
June 30 2020,Spartanburg,SC,Passenger,0,1,1,35,36,2.78
June 30 2020,Spokane,WA,Passenger,774,524,1298,322069,323367,0.40
June 30 2020,King,WA,Truck,6,1,7,186494,186501,0.00
October 31 2019,Okanogan,WA,Passenger,2,8,10,6146,6156,0.16
October 31 2019,Okanogan,WA,Truck,0,0,0,4136,4136,0.00
March 31 2019,Fulton,GA,Passenger,1,2,3,102,105,2.86
October 31 2019,Ozaukee,WI,Passenger,0,1,1,3,4,25.00
April 30 2020,Williams,ND,Passenger,0,1,1,14,15,6.67
June 30 2020,Lewis,WA,Truck,0,0,0,26944,26944,0.00
May 31 2020,Tulsa,OK,Passenger,0,1,1,37,38,2.63
June 30 2020,Utah,UT,Passenger,0,1,1,105,106,0.94
January 31 2020,Columbia,WA,Passenger,3,3,6,2507,2513,0.24
May 31 2020,Walla Walla,WA,Passenger,72,63,135,36662,36797,0.37
June 30 2020,Ventura,CA,Passenger,1,2,3,280,283,1.06
October 31 2019,Pierce,WA,Truck,0,0,0,144664,144664,0.00
October 31 2019,Pinal,AZ,Passenger,1,0,1,158,159,0.63
March 31 2019,Guadalupe,TX,Passenger,2,0,2,66,68,2.94
May 31 2020,Washtenaw,MI,Passenger,1,0,1,24,25,4.00
January 31 2020,Denver,CO,Passenger,1,0,1,113,114,0.88
May 31 2020,Arapahoe,CO,Passenger,1,0,1,120,121,0.83
January 31 2020,Douglas,NE,Passenger,0,1,1,50,51,1.96
October 31 2019,Putnam,TN,Passenger,0,1,1,2,3,33.33
May 31 2020,Williamson,TX,Passenger,1,0,1,102,103,0.97
January 31 2020,Douglas,OR,Passenger,1,0,1,44,45,2.22
May 31 2020,Bay,FL,Passenger,1,0,1,32,33,3.03
June 30 2020,Whitman,WA,Passenger,46,51,97,22609,22706,0.43
May 31 2020,Bexar,TX,Passenger,2,5,7,543,550,1.27
June 30 2020,Monterey,CA,Passenger,1,0,1,179,180,0.56
May 31 2020,Boone,MO,Passenger,0,1,1,7,8,12.50
June 30 2020,Montgomery,PA,Passenger,1,0,1,20,21,4.76
October 31 2019,Riverside,CA,Passenger,2,1,3,616,619,0.48
June 30 2020,Yakima,WA,Truck,0,0,0,61977,61977,0.00
June 30 2020,Asotin,WA,Truck,0,0,0,6835,6835,0.00
March 31 2019,Island,WA,Truck,0,0,0,21754,21754,0.00
June 30 2020,New Castle,DE,Passenger,1,0,1,22,23,4.35
March 31 2019,Jackson,OK,Passenger,1,0,1,40,41,2.44
October 31 2019,Saint Marys,MD,Passenger,1,0,1,199,200,0.50
June 30 2020,Bay,FL,Passenger,1,0,1,32,33,3.03
July 31 2020,Alexandria City,VA,Passenger,4,0,4,133,137,2.92
June 30 2020,Bexar,TX,Passenger,3,5,8,532,540,1.48
January 31 2020,Guadalupe,TX,Passenger,2,0,2,56,58,3.45
October 31 2019,San Diego,CA,Passenger,8,7,15,2821,2836,0.53
October 31 2019,San Juan,WA,Truck,0,0,0,6090,6090,0.00
July 31 2020,Bartow,GA,Passenger,0,1,1,3,4,25.00
June 30 2020,Broward,FL,Passenger,1,1,2,101,103,1.94
May 31 2020,Chelan,WA,Passenger,231,82,313,55260,55573,0.56
October 31 2019,Santa Clara,CA,Passenger,4,2,6,326,332,1.81
June 30 2020,Caddo,LA,Passenger,1,0,1,11,12,8.33
October 31 2019,Shelby,TN,Passenger,0,1,1,93,94,1.06
May 31 2020,Clark,WA,Truck,0,0,0,83942,83942,0.00
May 31 2020,Clay,FL,Passenger,0,1,1,78,79,1.27
March 31 2019,King,WA,Passenger,18159,7069,25228,1401936,1427164,1.77
June 30 2020,Chaves,NM,Passenger,1,0,1,9,10,10.00
March 31 2019,Klamath,OR,Passenger,1,0,1,26,27,3.70
June 30 2020,San Juan,WA,Passenger,306,97,403,14346,14749,2.73
June 30 2020,Chelan,WA,Passenger,235,82,317,55321,55638,0.57
June 30 2020,San Mateo,CA,Passenger,0,1,1,106,107,0.93
July 31 2020,Camden,GA,Passenger,1,1,2,142,144,1.39
March 31 2019,Kootenai,ID,Passenger,1,1,2,193,195,1.03
May 31 2020,Cowlitz,WA,Passenger,146,129,275,73758,74033,0.37
October 31 2019,Tulsa,OK,Passenger,0,1,1,41,42,2.38
June 30 2020,Clay,FL,Passenger,0,1,1,79,80,1.25
May 31 2020,Dekalb,GA,Passenger,1,0,1,71,72,1.39
October 31 2019,Volusia,FL,Passenger,0,1,1,36,37,2.70
January 31 2020,King,WA,Passenger,23728,7955,31683,1418799,1450482,2.18
April 30 2019,Clark,WA,Truck,0,0,0,82427,82427,0.00
June 30 2020,Cook,IL,Passenger,1,0,1,195,196,0.51
May 31 2020,Douglas,WA,Truck,0,0,0,12598,12598,0.00
June 30 2020,Thurston,WA,Truck,0,0,0,56898,56898,0.00
May 31 2020,Dupage,IL,Passenger,2,0,2,46,48,4.17
July 31 2020,Columbia,GA,Passenger,1,1,2,139,141,1.42
June 30 2020,Denton,TX,Passenger,1,0,1,59,60,1.67
April 30 2019,Cowlitz,WA,Passenger,101,117,218,74118,74336,0.29
June 30 2020,Valencia,NM,Passenger,1,0,1,3,4,25.00
May 31 2020,Erie,NY,Passenger,1,0,1,37,38,2.63
July 31 2020,Columbia,WA,Passenger,4,3,7,2489,2496,0.28
January 31 2020,Lewis,WA,Passenger,118,112,230,60762,60992,0.38
May 31 2020,Fairfax,VA,Passenger,5,4,9,709,718,1.25
June 30 2020,Douglas,WA,Truck,0,0,0,12611,12611,0.00
June 30 2020,Duval,FL,Passenger,0,1,1,332,333,0.30
March 31 2019,Los Angeles,CA,Passenger,8,4,12,1059,1071,1.12
May 31 2020,Fulton,GA,Passenger,1,2,3,96,99,3.03
July 31 2020,Dekalb,IN,Passenger,1,0,1,1,2,50.00
June 30 2020,Ferry,WA,Truck,0,0,0,3690,3690,0.00
July 31 2020,Douglas,NE,Passenger,0,1,1,45,46,2.17
May 31 2020,Grant,WA,Passenger,62,75,137,66844,66981,0.20
November 30 2019,Bay,FL,Passenger,1,0,1,36,37,2.70
January 31 2020,Maricopa,AZ,Passenger,6,5,11,1206,1217,0.90
July 31 2020,Douglas,OR,Passenger,1,0,1,39,40,2.50
May 31 2020,Grays Harbor,WA,Passenger,120,114,234,48865,49099,0.48
June 30 2020,Franklin,WA,Truck,0,0,0,20555,20555,0.00
November 30 2019,Bexar,TX,Passenger,1,6,7,595,602,1.16
January 31 2020,Mason,WA,Truck,0,0,0,21154,21154,0.00
July 31 2020,Albemarle,VA,Passenger,1,0,1,26,27,3.70
April 30 2019,Fairfax,VA,Passenger,3,3,6,768,774,0.78
June 30 2020,Fulton,GA,Passenger,1,2,3,93,96,3.12
July 31 2020,Fairbanks North Star,AK,Passenger,0,1,1,93,94,1.06
June 30 2020,Garfield,WA,Passenger,0,1,1,1369,1370,0.07
April 30 2019,Ferry,WA,Passenger,4,2,6,4564,4570,0.13
May 31 2020,Hennepin,MN,Passenger,2,0,2,78,80,2.50
July 31 2020,Ferry,WA,Passenger,7,3,10,4490,4500,0.22
July 31 2020,Benton,WA,Passenger,387,330,717,137093,137810,0.52
July 31 2020,Benton,WA,Truck,0,0,0,43923,43923,0.00
May 31 2020,Island,WA,Truck,1,0,1,21648,21649,0.00
July 31 2020,Brevard,FL,Passenger,0,1,1,70,71,1.41
July 31 2020,Grays Harbor,WA,Truck,0,0,0,21417,21417,0.00
March 31 2019,Muscogee,GA,Passenger,0,1,1,190,191,0.52
January 31 2020,Muscogee,GA,Passenger,0,1,1,180,181,0.55
November 30 2019,Chelan,WA,Passenger,198,79,277,55749,56026,0.49
July 31 2020,Bucks,PA,Passenger,1,0,1,20,21,4.76
July 31 2020,Guadalupe,TX,Passenger,2,0,2,48,50,4.00
April 30 2019,Grant,WA,Passenger,38,64,102,66157,66259,0.15
May 31 2020,Jefferson,WA,Truck,0,0,0,9739,9739,0.00
November 30 2019,Chelan,WA,Truck,0,0,0,23094,23094,0.00
June 30 2020,Island,WA,Truck,1,0,1,21734,21735,0.00
April 30 2019,Grays Harbor,WA,Passenger,82,88,170,48594,48764,0.35
May 31 2020,Juneau,AK,Passenger,0,1,1,22,23,4.35
January 31 2020,Norfolk City,VA,Passenger,2,1,3,368,371,0.81
July 31 2020,Harrison,MS,Passenger,1,0,1,56,57,1.75
January 31 2020,Oldham,KY,Passenger,0,1,1,3,4,25.00
November 30 2019,Clark,WA,Truck,0,0,0,83393,83393,0.00
January 31 2020,Orange,CA,Passenger,6,1,7,498,505,1.39
May 31 2020,Klickitat,WA,Truck,0,0,0,8394,8394,0.00
November 30 2019,Clay,FL,Passenger,0,1,1,85,86,1.16
June 30 2020,Kent,MI,Passenger,0,1,1,20,21,4.76
March 31 2019,Pacific,WA,Passenger,36,28,64,16134,16198,0.40
January 31 2020,Pacific,WA,Passenger,40,34,74,16342,16416,0.45
June 30 2020,Klickitat,WA,Passenger,56,42,98,15577,15675,0.63
March 31 2019,Pacific,WA,Truck,0,0,0,7864,7864,0.00
July 31 2020,Clallam,WA,Passenger,252,173,425,51006,51431,0.83
March 31 2019,Palm Beach,FL,Passenger,0,1,1,79,80,1.25
January 31 2020,Pierce,WA,Passenger,2467,1798,4265,560720,564985,0.75
March 31 2019,Pend Oreille,WA,Truck,0,0,0,5981,5981,0.00
November 30 2019,Cowlitz,WA,Passenger,123,122,245,74876,75121,0.33
May 31 2020,Los Angeles,CA,Passenger,7,9,16,951,967,1.65
July 31 2020,Kittitas,WA,Passenger,110,49,159,30476,30635,0.52
November 30 2019,Denver,CO,Passenger,1,0,1,117,118,0.85
July 31 2020,Klamath,OR,Passenger,1,0,1,23,24,4.17
November 30 2019,Douglas,WA,Truck,0,0,0,12610,12610,0.00
March 31 2019,Pima,AZ,Passenger,0,1,1,371,372,0.27
June 30 2020,Monroe,IL,Passenger,1,0,1,3,4,25.00
March 31 2019,Polk,FL,Passenger,1,0,1,66,67,1.49
May 31 2020,Montgomery,MD,Passenger,0,4,4,242,246,1.63
July 31 2020,Glacier,MT,Passenger,0,1,1,3,4,25.00
June 30 2020,Montgomery,OH,Passenger,0,1,1,58,59,1.69
January 31 2020,Santa Rosa,FL,Passenger,1,0,1,83,84,1.19
January 31 2020,Sarasota,FL,Passenger,1,0,1,22,23,4.35
April 30 2019,King,WA,Passenger,18768,7162,25930,1404370,1430300,1.81
June 30 2020,Moore,NC,Passenger,0,2,2,162,164,1.22
November 30 2019,Fulton,GA,Passenger,0,2,2,100,102,1.96
April 30 2019,Klickitat,WA,Truck,0,0,0,8487,8487,0.00
June 30 2020,Nueces,TX,Passenger,1,0,1,79,80,1.25
January 31 2020,Skamania,WA,Truck,0,0,0,4275,4275,0.00
November 30 2019,Grant,WA,Passenger,56,69,125,67185,67310,0.19
July 31 2020,Maricopa,AZ,Passenger,4,5,9,1107,1116,0.81
November 30 2019,Grays Harbor,WA,Passenger,112,104,216,49137,49353,0.44
May 31 2020,Pima,AZ,Passenger,2,1,3,298,301,1.00
January 31 2020,Suffolk City,VA,Passenger,1,0,1,121,122,0.82
July 31 2020,Howard,MD,Passenger,0,1,1,81,82,1.22
May 31 2020,Pinellas,FL,Passenger,1,1,2,82,84,2.38
July 31 2020,Maui,HI,Passenger,1,0,1,32,33,3.03
May 31 2020,Polk,FL,Passenger,1,0,1,65,66,1.52
May 31 2020,Powhatan,VA,Passenger,1,0,1,0,1,100.00
June 30 2020,Pima,AZ,Passenger,2,1,3,290,293,1.02
January 31 2020,Twin Falls,ID,Passenger,0,1,1,23,24,4.17
March 31 2019,Santa Cruz,CA,Passenger,1,0,1,37,38,2.63
June 30 2020,Polk,FL,Passenger,1,0,1,64,65,1.54
April 30 2019,Lumpkin,GA,Passenger,1,0,1,8,9,11.11
January 31 2020,Wahkiakum,WA,Truck,0,0,0,1799,1799,0.00
June 30 2020,Prince William,VA,Passenger,2,3,5,215,220,2.27
July 31 2020,Lincoln,WA,Passenger,6,11,17,7834,7851,0.22
July 31 2020,Muscogee,GA,Passenger,0,1,1,166,167,0.60
November 30 2019,Island,WA,Truck,1,0,1,21819,21820,0.00
July 31 2020,New Castle,DE,Passenger,1,0,1,22,23,4.35
May 31 2020,San Bernardino,CA,Passenger,0,1,1,438,439,0.23
June 30 2020,Saginaw,MI,Passenger,1,0,1,9,10,10.00
April 30 2019,Maricopa,AZ,Passenger,5,2,7,1328,1335,0.52
May 31 2020,San Francisco,CA,Passenger,1,1,2,89,91,2.20
June 30 2020,Saint Clair,IL,Passenger,1,0,1,138,139,0.72
March 31 2019,Skagit,WA,Passenger,316,205,521,93214,93735,0.56
January 31 2020,Whatcom,WA,Truck,3,0,3,44280,44283,0.01
March 31 2019,Skamania,WA,Truck,0,0,0,4197,4197,0.00
July 31 2020,Mason,WA,Truck,0,0,0,21277,21277,0.00
November 30 2019,Kent,MI,Passenger,0,1,1,21,22,4.55
May 31 2020,Santa Cruz,CA,Passenger,1,0,1,34,35,2.86
November 30 2019,Kern,CA,Passenger,2,1,3,225,228,1.32
June 30 2020,Santa Barbara,CA,Passenger,1,0,1,88,89,1.12
July 31 2020,Norfolk City,VA,Passenger,2,1,3,354,357,0.84
November 30 2019,King,WA,Passenger,22107,7789,29896,1415104,1445000,2.07
February 29 2020,NULL,NULL,Passenger,7,5,12,1941,1953,0.61
November 30 2019,Klickitat,WA,Passenger,50,39,89,16011,16100,0.55
November 30 2019,Klickitat,WA,Truck,0,0,0,8542,8542,0.00
February 29 2020,Adams,WA,Passenger,7,8,15,13250,13265,0.11
June 30 2020,Spokane,WA,Truck,1,0,1,100916,100917,0.00
May 31 2020,Spokane,WA,Passenger,765,517,1282,321781,323063,0.40
November 30 2019,Larimer,CO,Passenger,0,1,1,45,46,2.17
February 29 2020,Anne Arundel,MD,Passenger,1,3,4,421,425,0.94
June 30 2020,Stevens,WA,Passenger,39,35,74,31481,31555,0.23
July 31 2020,Nassau,FL,Passenger,1,0,1,24,25,4.00
March 31 2019,Twin Falls,ID,Passenger,0,1,1,18,19,5.26
February 29 2020,Asotin,WA,Passenger,17,12,29,13002,13031,0.22
July 31 2020,Pacific,WA,Passenger,42,38,80,16037,16117,0.50
March 31 2019,Vigo,IN,Passenger,1,0,1,4,5,20.00
November 30 2019,Lewis,WA,Passenger,119,110,229,60704,60933,0.38
July 31 2020,Pend Oreille,WA,Truck,0,0,0,5961,5961,0.00
March 31 2019,Virginia Beach City,VA,Passenger,0,1,1,681,682,0.15
May 31 2020,Thurston,WA,Passenger,1229,786,2015,200287,202302,1.00
March 31 2019,Wahkiakum,WA,Truck,0,0,0,1779,1779,0.00
June 30 2020,Thurston,WA,Passenger,1235,790,2025,200378,202403,1.00
July 31 2020,Orange,CA,Passenger,5,1,6,469,475,1.26
July 31 2020,Placer,CA,Passenger,1,0,1,77,78,1.28
May 31 2020,Ventura,CA,Passenger,1,2,3,285,288,1.04
March 31 2019,Walla Walla,WA,Truck,0,0,0,14018,14018,0.00
May 31 2020,Vigo,IN,Passenger,1,0,1,3,4,25.00
July 31 2020,Pend Oreille,WA,Passenger,7,5,12,9537,9549,0.13
May 31 2020,Walla Walla,WA,Truck,0,0,0,14078,14078,0.00
June 30 2020,Walla Walla,WA,Truck,0,0,0,14149,14149,0.00
February 29 2020,Calvert,MD,Passenger,0,2,2,90,92,2.17
November 30 2019,Montgomery,OH,Passenger,0,1,1,59,60,1.67
March 31 2019,Washtenaw,MI,Passenger,1,0,1,31,32,3.12
May 31 2020,Westchester,NY,Passenger,0,1,1,23,24,4.17
July 31 2020,San Diego,CA,Passenger,13,8,21,2783,2804,0.75
June 30 2020,Yakima,WA,Passenger,150,128,278,169654,169932,0.16
May 31 2020,Whitman,WA,Passenger,47,51,98,22632,22730,0.43
July 31 2020,Sarasota,FL,Passenger,1,0,1,19,20,5.00
February 29 2020,Columbia,WA,Truck,0,0,0,1605,1605,0.00
July 31 2020,NULL,WA,Passenger,0,0,0,4,4,0.00
November 30 2019,Oklahoma,OK,Passenger,0,2,2,115,117,1.71
March 31 2019,Whatcom,WA,Passenger,847,405,1252,152350,153602,0.82
February 29 2020,Contra Costa,CA,Passenger,2,0,2,190,192,1.04
July 31 2020,Riley,KS,Passenger,1,0,1,60,61,1.64
July 31 2020,Shelby,TN,Passenger,0,1,1,81,82,1.22
July 31 2020,Adams,WA,Truck,0,0,0,5469,5469,0.00
March 31 2019,Whatcom,WA,Truck,2,0,2,43885,43887,0.00
June 30 2020,NULL,CA,Passenger,1,2,3,220,223,1.35
July 31 2020,Sacramento,CA,Passenger,1,0,1,244,245,0.41
July 31 2020,Skagit,WA,Passenger,457,246,703,93193,93896,0.75
June 30 2020,Allegheny,PA,Passenger,1,0,1,58,59,1.69
July 31 2020,Skamania,WA,Truck,0,0,0,4177,4177,0.00
July 31 2020,Arapahoe,CO,Passenger,1,0,1,119,120,0.83
June 30 2020,Arapahoe,CO,Passenger,1,0,1,119,120,0.83
November 30 2019,Pima,AZ,Passenger,1,1,2,326,328,0.61
July 31 2020,Bay,FL,Passenger,1,0,1,32,33,3.03
November 30 2019,Polk,FL,Passenger,1,0,1,68,69,1.45
April 30 2019,NULL,CA,Passenger,1,2,3,254,257,1.17
July 31 2020,Twin Falls,ID,Passenger,0,1,1,18,19,5.26
February 29 2020,Douglas,WA,Passenger,70,41,111,28819,28930,0.38
November 30 2019,Powhatan,VA,Passenger,1,0,1,0,1,100.00
April 30 2019,NULL,WA,Truck,0,0,0,2,2,0.00
November 30 2019,Prince William,VA,Passenger,1,3,4,228,232,1.72
June 30 2020,Bell,TX,Passenger,0,1,1,392,393,0.25
July 31 2020,Wahkiakum,WA,Truck,0,0,0,1783,1783,0.00
July 31 2020,Spartanburg,SC,Passenger,0,1,1,35,36,2.78
June 30 2020,Benton,WA,Truck,0,0,0,43777,43777,0.00
April 30 2019,Allegheny,PA,Passenger,1,0,1,76,77,1.30
July 31 2020,Stafford,VA,Passenger,1,0,1,82,83,1.20
February 29 2020,Flathead,MT,Passenger,1,0,1,53,54,1.85
July 31 2020,Washtenaw,MI,Passenger,1,0,1,26,27,3.70
July 31 2020,Charles,MD,Passenger,1,1,2,67,69,2.90
June 30 2020,Boone,MO,Passenger,0,1,1,7,8,12.50
February 29 2020,Franklin,WA,Passenger,66,81,147,62372,62519,0.24
June 30 2020,Bradley,TN,Passenger,0,1,1,3,4,25.00
November 30 2019,San Francisco,CA,Passenger,2,1,3,94,97,3.09
July 31 2020,Chelan,WA,Passenger,246,85,331,55341,55672,0.59
July 31 2020,Chesapeake City,VA,Passenger,0,2,2,397,399,0.50
July 31 2020,Whatcom,WA,Truck,3,0,3,44226,44229,0.01
June 30 2020,Calvert,MD,Passenger,0,2,2,88,90,2.22
July 31 2020,Clallam,WA,Truck,1,0,1,22219,22220,0.00
November 30 2019,Skamania,WA,Truck,0,0,0,4258,4258,0.00
August 31 2020,NULL,NULL,Passenger,8,5,13,1801,1814,0.72
November 30 2019,Spokane,WA,Passenger,672,504,1176,321694,322870,0.36
April 30 2019,Benton,WA,Truck,0,0,0,42894,42894,0.00
August 31 2020,Adams,WA,Passenger,9,10,19,13205,13224,0.14
July 31 2020,Clark,WA,Passenger,2224,1118,3342,323906,327248,1.02
November 30 2019,Spokane,WA,Truck,1,0,1,99268,99269,0.00
July 31 2020,Wahkiakum,WA,Passenger,6,7,13,3066,3079,0.42
April 30 2019,San Francisco,CA,Passenger,2,1,3,106,109,2.75
August 31 2020,Anne Arundel,MD,Passenger,0,3,3,392,395,0.76
July 31 2020,Clay,FL,Passenger,0,1,1,79,80,1.25
June 30 2020,Charles,MD,Passenger,1,1,2,67,69,2.90
August 31 2020,Asotin,WA,Passenger,18,15,33,12675,12708,0.26
February 29 2020,Howard,MD,Passenger,0,1,1,85,86,1.16
November 30 2019,Tarrant,TX,Passenger,2,0,2,171,173,1.16
February 29 2020,Island,WA,Passenger,421,283,704,64637,65341,1.08
April 30 2019,Santa Fe,NM,Passenger,0,1,1,36,37,2.70
June 30 2020,Clallam,WA,Truck,1,0,1,22279,22280,0.00
November 30 2019,Thurston,WA,Passenger,1127,752,1879,202089,203968,0.92
April 30 2019,Bucks,PA,Passenger,1,0,1,19,20,5.00
November 30 2019,Ventura,CA,Passenger,0,2,2,308,310,0.65
April 30 2019,Camden,GA,Passenger,0,1,1,164,165,0.61
February 29 2020,King,WA,Truck,7,1,8,187004,187012,0.00
June 30 2020,Davidson,TN,Passenger,1,0,1,59,60,1.67
April 30 2019,Skamania,WA,Truck,0,0,0,4216,4216,0.00
November 30 2019,Walla Walla,WA,Truck,0,0,0,14089,14089,0.00
August 31 2020,Calvert,MD,Passenger,0,2,2,85,87,2.30
July 31 2020,Douglas,WA,Truck,0,0,0,12646,12646,0.00
February 29 2020,Kitsap,WA,Truck,1,0,1,55599,55600,0.00
June 30 2020,Dekalb,GA,Passenger,1,0,1,72,73,1.37
April 30 2019,Spokane,WA,Passenger,549,439,988,316848,317836,0.31
July 31 2020,El Paso,CO,Passenger,1,0,1,657,658,0.15
November 30 2019,Whatcom,WA,Truck,2,0,2,44196,44198,0.00
June 30 2020,Douglas,WA,Passenger,72,41,113,28579,28692,0.39
July 31 2020,Erie,NY,Passenger,1,0,1,37,38,2.63
April 30 2019,Carson City,NV,Passenger,1,0,1,10,11,9.09
August 31 2020,Boone,MO,Passenger,0,1,1,7,8,12.50
June 30 2020,Erie,NY,Passenger,1,0,1,36,37,2.70
August 31 2020,Boulder,CO,Passenger,1,1,2,28,30,6.67
August 31 2020,Contra Costa,CA,Passenger,2,0,2,171,173,1.16
February 29 2020,Leon,FL,Passenger,1,0,1,8,9,11.11
December 31 2019,NULL,NULL,Passenger,8,6,14,1987,2001,0.70
July 31 2020,Frederick,MD,Passenger,2,1,3,76,79,3.80
February 29 2020,Lewis,WA,Truck,0,0,0,26863,26863,0.00
December 31 2019,NULL,WA,Passenger,0,0,0,4,4,0.00
June 30 2020,Fairfax,VA,Passenger,5,5,10,698,708,1.41
April 30 2019,Charles,MD,Passenger,0,1,1,79,80,1.25
December 31 2019,Adams,WA,Truck,0,0,0,5423,5423,0.00
June 30 2020,Flathead,MT,Passenger,1,0,1,50,51,1.96
February 29 2020,Lincoln,WA,Truck,0,0,0,4788,4788,0.00
December 31 2019,Alexandria City,VA,Passenger,4,0,4,142,146,2.74
July 31 2020,Greene,MO,Passenger,0,1,1,21,22,4.55
August 31 2020,Douglas,WA,Passenger,78,42,120,28572,28692,0.42
August 31 2020,Columbia,WA,Passenger,3,3,6,2493,2499,0.24
August 31 2020,Columbia,WA,Truck,0,0,0,1570,1570,0.00
April 30 2019,Clallam,WA,Truck,0,0,0,22217,22217,0.00
February 29 2020,Mason,OR,Passenger,2,0,2,18,20,10.00
August 31 2020,Flathead,MT,Passenger,1,0,1,47,48,2.08
August 31 2020,Dekalb,GA,Passenger,1,0,1,70,71,1.41
July 31 2020,Island,WA,Truck,1,0,1,21745,21746,0.00
June 30 2020,Howard,MD,Passenger,0,1,1,83,84,1.19
April 30 2019,Ventura,CA,Passenger,0,2,2,314,316,0.63
August 31 2020,Franklin,WA,Passenger,73,83,156,62086,62242,0.25
June 30 2020,Island,WA,Passenger,439,287,726,64057,64783,1.12
August 31 2020,Douglas,NE,Passenger,0,1,1,44,45,2.22
April 30 2019,Wahkiakum,WA,Truck,0,0,0,1786,1786,0.00
February 29 2020,Montgomery,PA,Passenger,1,0,1,23,24,4.17
August 31 2020,Douglas,OR,Passenger,1,0,1,40,41,2.44
February 29 2020,Multnomah,OR,Passenger,4,7,11,689,700,1.57
August 31 2020,Dupage,IL,Passenger,2,0,2,44,46,4.35
February 29 2020,Nassau,NY,Passenger,2,0,2,31,33,6.06
August 31 2020,Harris,TX,Passenger,1,0,1,185,186,0.54
June 30 2020,Kent,DE,Passenger,0,1,1,64,65,1.54
July 31 2020,Klickitat,WA,Passenger,59,44,103,15515,15618,0.66
April 30 2019,Cumberland,NC,Passenger,0,2,2,530,532,0.38
December 31 2019,Columbia,GA,Passenger,1,1,2,147,149,1.34
February 29 2020,Okanogan,WA,Truck,0,0,0,4103,4103,0.00
June 30 2020,Kitsap,WA,Truck,0,0,0,55269,55269,0.00
August 31 2020,Honolulu,HI,Passenger,3,0,3,385,388,0.77
December 31 2019,Contra Costa,CA,Passenger,2,0,2,190,192,1.04
June 30 2020,Kittitas,WA,Truck,0,0,0,14985,14985,0.00
August 31 2020,Howard,MD,Passenger,0,1,1,80,81,1.23
April 30 2019,Whatcom,WA,Truck,2,0,2,43899,43901,0.00
August 31 2020,Guadalupe,TX,Passenger,2,0,2,47,49,4.08
June 30 2020,Kootenai,ID,Passenger,1,0,1,187,188,0.53
August 31 2020,Island,WA,Passenger,453,291,744,64047,64791,1.15
June 30 2020,Leon,FL,Passenger,1,0,1,9,10,10.00
July 31 2020,Liberty,GA,Passenger,1,0,1,118,119,0.84
February 29 2020,Pierce,WA,Truck,0,0,0,145295,145295,0.00
August 31 2020,Hennepin,MN,Passenger,2,0,2,76,78,2.56
December 31 2019,Dekalb,IN,Passenger,1,0,1,1,2,50.00
April 30 2019,District Of Columbia,DC,Passenger,1,2,3,212,215,1.40
June 30 2020,Lincoln,WA,Truck,0,0,0,4750,4750,0.00
August 31 2020,King,WA,Truck,6,1,7,187286,187293,0.00
July 31 2020,Mason,WA,Passenger,195,143,338,48424,48762,0.69
May 31 2019,NULL,NULL,Passenger,8,7,15,2072,2087,0.72
August 31 2020,Kitsap,WA,Truck,0,0,0,55306,55306,0.00
December 31 2019,El Paso,CO,Passenger,1,1,2,702,704,0.28
May 31 2019,Adams,WA,Passenger,5,6,11,13096,13107,0.08
August 31 2020,Lake,IL,Passenger,1,0,1,165,166,0.60
July 31 2020,Montgomery,AL,Passenger,0,2,2,36,38,5.26
February 29 2020,Riverside,CA,Passenger,2,1,3,596,599,0.50
August 31 2020,Jefferson,WA,Truck,0,0,0,9749,9749,0.00
July 31 2020,Montgomery,OH,Passenger,0,1,1,60,61,1.64
December 31 2019,Frederick,MD,Passenger,2,1,3,84,87,3.45
May 31 2019,Alexandria City,VA,Passenger,4,0,4,147,151,2.65
August 31 2020,Leon,FL,Passenger,1,0,1,9,10,10.00
February 29 2020,Saint Marys,MD,Passenger,1,0,1,192,193,0.52
August 31 2020,Lewis,WA,Truck,0,0,0,27011,27011,0.00
February 29 2020,Santa Clara,CA,Passenger,4,2,6,282,288,2.08
June 30 2020,Nassau,NY,Passenger,2,0,2,23,25,8.00
August 31 2020,Lincoln,WA,Truck,0,0,0,4766,4766,0.00
December 31 2019,Greene,MO,Passenger,0,1,1,19,20,5.00
July 31 2020,Otero,NM,Passenger,0,1,1,34,35,2.86
December 31 2019,Guilford,NC,Passenger,1,0,1,28,29,3.45
February 29 2020,Shasta,CA,Passenger,1,0,1,37,38,2.63
July 31 2020,Ozaukee,WI,Passenger,0,1,1,3,4,25.00
July 31 2020,Pacific,WA,Truck,0,0,0,7900,7900,0.00
June 30 2020,Otero,NM,Passenger,0,1,1,35,36,2.78
December 31 2019,Harris,TX,Passenger,1,0,1,218,219,0.46
June 30 2020,Pacific,WA,Truck,0,0,0,7893,7893,0.00
June 30 2020,Palm Beach,FL,Passenger,0,1,1,64,65,1.54
April 30 2019,Glacier,MT,Passenger,0,1,1,4,5,20.00
December 31 2019,Honolulu,HI,Passenger,3,0,3,436,439,0.68
July 31 2020,Pima,AZ,Passenger,2,1,3,285,288,1.04
July 31 2020,Pinal,AZ,Passenger,1,0,1,142,143,0.70
July 31 2020,Polk,FL,Passenger,1,0,1,64,65,1.54
February 29 2020,Tulsa,OK,Passenger,0,1,1,41,42,2.38
August 31 2020,Los Angeles,CA,Passenger,8,9,17,917,934,1.82
August 31 2020,Montgomery,PA,Passenger,1,0,1,18,19,5.26
May 31 2019,Bucks,PA,Passenger,1,0,1,19,20,5.00
August 31 2020,Multnomah,OR,Passenger,4,6,10,645,655,1.53
February 29 2020,Walla Walla,WA,Passenger,69,63,132,37103,37235,0.35
April 30 2019,Harnett,NC,Passenger,0,1,1,207,208,0.48
August 31 2020,Nassau,NY,Passenger,2,0,2,23,25,8.00
June 30 2020,Saint Louis City,MO,Passenger,1,0,1,25,26,3.85
August 31 2020,Okanogan,WA,Truck,0,0,0,4026,4026,0.00
May 31 2019,Calvert,MD,Passenger,0,2,2,93,95,2.11
February 29 2020,Williamson,TX,Passenger,1,0,1,109,110,0.91
August 31 2020,Montgomery,MD,Passenger,1,4,5,225,230,2.17
December 31 2019,Liberty,GA,Passenger,1,0,1,127,128,0.78
June 30 2020,Shasta,CA,Passenger,1,0,1,35,36,2.78
August 31 2020,Pierce,WA,Truck,0,0,0,146739,146739,0.00
August 31 2020,Muscogee,GA,Passenger,0,1,1,166,167,0.60
June 30 2020,Skamania,WA,Passenger,35,18,53,8708,8761,0.60
July 31 2020,Shelby,OH,Passenger,0,1,1,1,2,50.00
March 31 2020,Ada,ID,Passenger,0,1,1,252,253,0.40
April 30 2019,Jefferson,NY,Passenger,0,1,1,241,242,0.41
March 31 2020,Alameda,CA,Passenger,2,0,2,253,255,0.78
August 31 2020,Okanogan,NULL,Passenger,36,28,64,20643,20707,0.31
August 31 2020,Oldham,KY,Passenger,0,1,1,4,5,20.00
July 31 2020,Skamania,WA,Passenger,35,20,55,8650,8705,0.63
June 30 2020,Sumter,FL,Passenger,0,1,1,8,9,11.11
March 31 2020,Albemarle,VA,Passenger,1,0,1,28,29,3.45
August 31 2020,Pacific,WA,Passenger,41,38,79,15968,16047,0.49
April 30 2019,Kent,DE,Passenger,0,1,1,74,75,1.33
December 31 2019,Mason,WA,Passenger,168,143,311,48641,48952,0.64
March 31 2020,Asotin,WA,Truck,0,0,0,6867,6867,0.00
July 31 2020,Tipton,TN,Passenger,1,0,1,12,13,7.69
August 31 2020,Riverside,CA,Passenger,2,0,2,558,560,0.36
August 31 2020,Pierce,WA,Passenger,2762,1826,4588,562433,567021,0.81
June 30 2020,Travis,TX,Passenger,1,2,3,148,151,1.99
April 30 2019,Kittitas,WA,Passenger,76,37,113,30225,30338,0.37
August 31 2020,Pinellas,FL,Passenger,1,1,2,75,77,2.60
July 31 2020,Vigo,IN,Passenger,1,0,1,3,4,25.00
April 30 2019,Kittitas,WA,Truck,0,0,0,14804,14804,0.00
June 30 2020,Vigo,IN,Passenger,1,0,1,3,4,25.00
December 31 2019,Montgomery,AL,Passenger,0,2,2,37,39,5.13
June 30 2020,Wahkiakum,WA,Passenger,6,7,13,3055,3068,0.42
August 31 2020,Saint Marys,MD,Passenger,1,0,1,184,185,0.54
April 30 2019,Klamath,OR,Passenger,1,0,1,26,27,3.70
July 31 2020,Walla Walla,WA,Truck,0,0,0,14157,14157,0.00
March 31 2020,Bexar,TX,Passenger,2,6,8,565,573,1.40
August 31 2020,Ramsey,MN,Passenger,1,0,1,32,33,3.03
June 30 2020,Walla Walla,WA,Passenger,76,63,139,36675,36814,0.38
August 31 2020,Santa Clara,CA,Passenger,4,2,6,236,242,2.48
March 31 2020,Broward,FL,Passenger,1,1,2,107,109,1.83
April 30 2019,Kootenai,ID,Passenger,1,1,2,195,197,1.02
May 31 2019,Columbia,GA,Passenger,1,1,2,152,154,1.30
July 31 2020,Whatcom,WA,Passenger,1166,527,1693,152263,153956,1.10
August 31 2020,Shasta,CA,Passenger,1,0,1,34,35,2.86
December 31 2019,Norfolk City,VA,Passenger,2,1,3,363,366,0.82
July 31 2020,Whitman,WA,Truck,0,0,0,8727,8727,0.00
June 30 2020,Whatcom,WA,Passenger,1135,525,1660,152216,153876,1.08
July 31 2020,Williams,ND,Passenger,0,1,1,12,13,7.69
May 31 2019,Contra Costa,CA,Passenger,1,0,1,206,207,0.48
December 31 2019,Okanogan,WA,Truck,0,0,0,4115,4115,0.00
August 31 2020,San Bernardino,CA,Passenger,0,1,1,428,429,0.23
June 30 2020,Williamson,TX,Passenger,1,0,1,105,106,0.94
August 31 2020,NULL,CA,Passenger,1,2,3,216,219,1.37
March 31 2020,Chelan,WA,Passenger,223,82,305,55623,55928,0.55
August 31 2020,Santa Cruz,CA,Passenger,1,0,1,32,33,3.03
July 31 2020,Ada,ID,Passenger,0,1,1,234,235,0.43
August 31 2020,Allegheny,PA,Passenger,1,0,1,58,59,1.69
August 31 2020,Tulsa,OK,Passenger,0,1,1,35,36,2.78
July 31 2020,Alameda,CA,Passenger,1,0,1,243,244,0.41
August 31 2020,Arlington,VA,Passenger,0,2,2,128,130,1.54
December 31 2019,Pinal,AZ,Passenger,1,0,1,156,157,0.64
May 31 2019,Dekalb,IN,Passenger,1,0,1,1,2,50.00
March 31 2020,Clark,NV,Passenger,2,1,3,618,621,0.48
April 30 2019,Maui,HI,Passenger,1,0,1,46,47,2.13
August 31 2020,Skagit,WA,Truck,1,0,1,33484,33485,0.00
March 31 2020,Clay,FL,Passenger,0,1,1,81,82,1.22
August 31 2020,Bell,TX,Passenger,0,1,1,377,378,0.26
August 31 2020,Walla Walla,WA,Passenger,84,67,151,36712,36863,0.41
May 31 2019,Douglas,WA,Passenger,57,36,93,28608,28701,0.32
March 31 2020,Cook,IL,Passenger,1,0,1,208,209,0.48
July 31 2020,Bexar,TX,Passenger,4,5,9,527,536,1.68
March 31 2020,Cowlitz,WA,Truck,0,0,0,29676,29676,0.00
August 31 2020,Twin Falls,ID,Passenger,0,1,1,18,19,5.26
August 31 2020,Bradley,TN,Passenger,1,1,2,1,3,66.67
July 31 2020,Boulder,CO,Passenger,1,1,2,29,31,6.45
May 31 2019,Fairfax,VA,Passenger,3,3,6,764,770,0.78
August 31 2020,Williamson,TX,Passenger,1,0,1,97,98,1.02
December 31 2019,Saint Marys,MD,Passenger,1,0,1,197,198,0.51
August 31 2020,Bryan,GA,Passenger,1,0,1,58,59,1.69
December 31 2019,San Diego,CA,Passenger,8,7,15,2806,2821,0.53
September 30 2020,NULL,WA,Passenger,0,0,0,3,3,0.00
August 31 2020,Carson City,NV,Passenger,1,0,1,9,10,10.00
March 31 2020,El Paso,TX,Passenger,2,0,2,439,441,0.45
August 31 2020,Washoe,NV,Passenger,1,0,1,73,74,1.35
December 31 2019,Shelby,TN,Passenger,0,1,1,91,92,1.09
July 31 2020,Chelan,WA,Truck,0,0,0,23201,23201,0.00
August 31 2020,Westchester,NY,Passenger,0,1,1,21,22,4.55
March 31 2020,Fulton,GA,Passenger,1,2,3,99,102,2.94
August 31 2020,Clackamas,OR,Passenger,1,0,1,152,153,0.65
July 31 2020,Clark,NV,Passenger,2,1,3,599,602,0.50
May 31 2019,Guilford,NC,Passenger,1,0,1,27,28,3.57
August 31 2020,Whitman,WA,Passenger,48,51,99,22502,22601,0.44
March 31 2020,Garfield,WA,Passenger,0,1,1,1365,1366,0.07
September 30 2020,Benton,WA,Passenger,409,338,747,137119,137866,0.54
March 31 2020,Grant,WA,Truck,0,0,0,27977,27977,0.00
December 31 2019,Tulsa,OK,Passenger,0,1,1,41,42,2.38
May 31 2019,Harris,TX,Passenger,0,1,1,225,226,0.44
April 30 2019,Palm Beach,FL,Passenger,0,1,1,77,78,1.28
September 30 2020,Arapahoe,CO,Passenger,1,0,1,120,121,0.83
September 30 2020,Chaves,NM,Passenger,1,0,1,9,10,10.00
July 31 2020,Cowlitz,WA,Truck,0,0,0,29663,29663,0.00
April 30 2019,Pend Oreille,WA,Passenger,5,5,10,9856,9866,0.10
September 30 2020,Clallam,WA,Passenger,260,178,438,50840,51278,0.85
May 31 2019,Honolulu,HI,Passenger,2,1,3,472,475,0.63
April 30 2019,Pend Oreille,WA,Truck,0,0,0,6011,6011,0.00
September 30 2020,Benton,WA,Truck,0,0,0,44063,44063,0.00
August 31 2020,Davidson,TN,Passenger,1,0,1,53,54,1.85
July 31 2020,Denver,CO,Passenger,1,0,1,103,104,0.96
May 31 2019,Howard,MD,Passenger,0,1,1,91,92,1.09
August 31 2020,Deschutes,OR,Passenger,1,0,1,104,105,0.95
September 30 2020,Bucks,PA,Passenger,1,0,1,20,21,4.76
July 31 2020,Deschutes,OR,Passenger,1,0,1,106,107,0.93
September 30 2020,Columbia,WA,Truck,0,0,0,1568,1568,0.00
March 31 2020,Island,WA,Truck,1,0,1,21767,21768,0.00
September 30 2020,Calvert,MD,Passenger,0,2,2,83,85,2.35
January 31 2020,NULL,CA,Passenger,1,2,3,226,229,1.31
May 31 2019,Island,WA,Passenger,332,248,580,64484,65064,0.89
January 31 2020,Allegheny,PA,Passenger,1,0,1,63,64,1.56
March 31 2020,Jones,GA,Passenger,1,0,1,1,2,50.00
August 31 2020,El Paso,CO,Passenger,1,0,1,643,644,0.16
July 31 2020,El Paso,TX,Passenger,2,0,2,410,412,0.49
September 30 2020,Charles,MD,Passenger,1,1,2,66,68,2.94
September 30 2020,Denton,TX,Passenger,1,0,1,57,58,1.72
January 31 2020,Bell,TX,Passenger,0,1,1,411,412,0.24
September 30 2020,Duval,FL,Passenger,0,1,1,323,324,0.31
September 30 2020,Chesapeake City,VA,Passenger,0,3,3,394,397,0.76
August 31 2020,Frederick,MD,Passenger,2,1,3,76,79,3.80
July 31 2020,Fulton,GA,Passenger,1,2,3,93,96,3.12
April 30 2019,Saint Louis,MO,Passenger,1,0,1,77,78,1.28
September 30 2020,Clallam,WA,Truck,1,0,1,22255,22256,0.00
August 31 2020,Garfield,WA,Truck,0,0,0,1018,1018,0.00
September 30 2020,Clark,WA,Passenger,2299,1152,3451,324384,327835,1.05
September 30 2020,Ferry,WA,Truck,0,0,0,3689,3689,0.00
July 31 2020,Grant,WA,Truck,0,0,0,28025,28025,0.00
May 31 2019,Kittitas,WA,Passenger,76,37,113,30264,30377,0.37
August 31 2020,Goochland,VA,Passenger,3,1,4,156,160,2.50
January 31 2020,Bryan,GA,Passenger,1,0,1,58,59,1.69
September 30 2020,Greene,MO,Passenger,0,1,1,20,21,4.76
January 31 2020,Camden,GA,Passenger,1,1,2,156,158,1.27
January 31 2020,Carson City,NV,Passenger,1,0,1,8,9,11.11
August 31 2020,Hidalgo,TX,Passenger,0,1,1,61,62,1.61
September 30 2020,Douglas,WA,Passenger,81,46,127,28597,28724,0.44
September 30 2020,Erie,NY,Passenger,1,0,1,38,39,2.56
April 30 2019,Skagit,WA,Passenger,327,213,540,93408,93948,0.57
May 31 2019,Lincoln,WA,Truck,0,0,0,4830,4830,0.00
September 30 2020,Fairfax,VA,Passenger,5,5,10,684,694,1.44
April 30 2019,Skamania,WA,Passenger,23,16,39,8968,9007,0.43
March 31 2020,Montgomery,AL,Passenger,0,2,2,36,38,5.26
August 31 2020,Jefferson,WA,Passenger,262,158,420,25120,25540,1.64
July 31 2020,Jones,GA,Passenger,1,0,1,1,2,50.00
April 30 2019,Snohomish,WA,Passenger,3460,1643,5103,538310,543413,0.94
January 31 2020,Clackamas,OR,Passenger,1,1,2,180,182,1.10
August 31 2020,Kent,DE,Passenger,0,1,1,62,63,1.59
August 31 2020,Kitsap,WA,Passenger,1485,723,2208,183063,185271,1.19
July 31 2020,Kern,CA,Passenger,1,1,2,219,221,0.90
August 31 2020,Kittitas,WA,Truck,0,0,0,14927,14927,0.00
April 30 2019,Stevens,WA,Passenger,22,31,53,32559,32612,0.16
July 31 2020,King,WA,Passenger,25548,8066,33614,1392815,1426429,2.36
August 31 2020,Kootenai,ID,Passenger,1,0,1,186,187,0.53
April 30 2019,Sumter,FL,Passenger,0,1,1,9,10,10.00
September 30 2020,Howard,MD,Passenger,0,1,1,75,76,1.32
September 30 2020,Kent,MI,Passenger,0,1,1,18,19,5.26
September 30 2020,Island,WA,Passenger,463,300,763,64107,64870,1.18
January 31 2020,Davidson,TN,Passenger,1,0,1,63,64,1.56
August 31 2020,Liberty,GA,Passenger,1,0,1,118,119,0.84
July 31 2020,Lewis,WA,Passenger,119,124,243,59335,59578,0.41
April 30 2019,Travis,TX,Passenger,1,1,2,171,173,1.16
September 30 2020,Klickitat,WA,Passenger,61,43,104,15415,15519,0.67
May 31 2019,Marion,OR,Passenger,1,0,1,97,98,1.02
January 31 2020,District Of Columbia,DC,Passenger,1,2,3,213,216,1.39
April 30 2019,Wahkiakum,WA,Passenger,2,2,4,3070,3074,0.13
March 31 2020,Sacramento,CA,Passenger,1,0,1,250,251,0.40
August 31 2020,Manassas City,VA,Passenger,0,1,1,5,6,16.67
September 30 2020,Kittitas,WA,Passenger,120,51,171,30396,30567,0.56
July 31 2020,Manassas City,VA,Passenger,0,1,1,5,6,16.67
January 31 2020,Flathead,MT,Passenger,1,0,1,52,53,1.89
March 31 2020,San Bernardino,CA,Passenger,0,1,1,457,458,0.22
September 30 2020,Lincoln,WA,Passenger,6,10,16,7774,7790,0.21
September 30 2020,Lincoln,WA,Truck,0,0,0,4751,4751,0.00
August 31 2020,Mecklenburg,NC,Passenger,1,0,1,67,68,1.47
May 31 2019,Nassau,NY,Passenger,2,0,2,32,34,5.88
April 30 2019,Washtenaw,MI,Passenger,1,0,1,30,31,3.23
January 31 2020,Garfield,WA,Truck,0,0,0,996,996,0.00
March 31 2020,Santa Cruz,CA,Passenger,1,0,1,36,37,2.70
January 31 2020,Goochland,VA,Passenger,2,1,3,177,180,1.67
May 31 2019,Norfolk City,VA,Passenger,3,1,4,359,363,1.10
September 30 2020,Monroe,IL,Passenger,1,0,1,2,3,33.33
September 30 2020,Montgomery,OH,Passenger,0,1,1,59,60,1.67
July 31 2020,Okanogan,WA,Passenger,4,7,11,5986,5997,0.18
July 31 2020,Oldham,KY,Passenger,0,1,1,4,5,20.00
March 31 2020,Snohomish,WA,Passenger,4558,1873,6431,546696,553127,1.16
April 30 2019,Whatcom,WA,Passenger,879,414,1293,152631,153924,0.84
September 30 2020,Multnomah,OR,Passenger,4,6,10,636,646,1.55
March 31 2020,Spokane,WA,Truck,1,0,1,100298,100299,0.00
May 31 2019,Okanogan,WA,Truck,0,0,0,4188,4188,0.00
March 31 2020,Stafford,VA,Passenger,1,0,1,85,86,1.16
September 30 2020,Nassau,FL,Passenger,1,0,1,23,24,4.17
January 31 2020,Harnett,NC,Passenger,0,1,1,187,188,0.53
August 31 2020,Okanogan,WA,Passenger,5,7,12,5979,5991,0.20
September 30 2020,Nassau,NY,Passenger,2,0,2,22,24,8.33
March 31 2020,Stevens,WA,Passenger,36,35,71,32081,32152,0.22
April 30 2019,Yakima,WA,Truck,0,0,0,61378,61378,0.00
July 31 2020,Pierce,WA,Passenger,2708,1821,4529,561579,566108,0.80
August 31 2020,Ozaukee,WI,Passenger,0,1,1,3,4,25.00
August 31 2020,Palm Beach,FL,Passenger,0,1,1,63,64,1.56
September 30 2020,Nueces,TX,Passenger,1,0,1,81,82,1.22
September 30 2020,Okanogan,NULL,Passenger,40,31,71,20658,20729,0.34
March 31 2020,Thurston,WA,Passenger,1221,782,2003,201806,203809,0.98
July 31 2020,Putnam,TN,Passenger,0,1,1,2,3,33.33
March 31 2020,Tuolumne,CA,Passenger,0,1,1,8,9,11.11
January 31 2020,Jefferson,WA,Passenger,238,152,390,25634,26024,1.50
May 31 2019,Pend Oreille,WA,Truck,0,0,0,5997,5997,0.00
September 30 2020,Otero,NM,Passenger,0,1,1,32,33,3.03
August 31 2020,Pinal,AZ,Passenger,1,0,1,142,143,0.70
September 30 2020,Pacific,WA,Truck,0,0,0,7917,7917,0.00
January 31 2020,Kent,DE,Passenger,0,1,1,68,69,1.45
September 30 2020,Pend Oreille,WA,Truck,0,0,0,5915,5915,0.00
May 31 2019,Pierce,WA,Truck,0,0,0,143835,143835,0.00
January 31 2020,Kitsap,WA,Passenger,1337,688,2025,185517,187542,1.08
March 31 2020,Walla Walla,WA,Truck,0,0,0,14064,14064,0.00
January 31 2020,Kitsap,WA,Truck,1,0,1,55701,55702,0.00
August 31 2020,Putnam,TN,Passenger,0,1,1,2,3,33.33
January 31 2020,Kittitas,WA,Truck,0,0,0,15064,15064,0.00
January 31 2020,Klamath,OR,Passenger,1,0,1,24,25,4.00
July 31 2020,San Juan,WA,Truck,0,0,0,6015,6015,0.00
September 30 2020,Prince William,VA,Passenger,2,2,4,214,218,1.83
March 31 2020,Westchester,NY,Passenger,0,1,1,24,25,4.00
January 31 2020,Kootenai,ID,Passenger,1,1,2,199,201,1.00
September 30 2020,Ramsey,MN,Passenger,1,0,1,30,31,3.23
January 31 2020,Leon,FL,Passenger,1,0,1,8,9,11.11
September 30 2020,Riverside,CA,Passenger,2,0,2,555,557,0.36
April 30 2020,Adams,WA,Truck,0,0,0,5420,5420,0.00
August 31 2020,Saint Louis,MO,Passenger,1,0,1,59,60,1.67
September 30 2020,Riley,KS,Passenger,1,0,1,59,60,1.67
July 31 2020,Spokane,WA,Truck,1,0,1,101444,101445,0.00
August 31 2020,Saint Louis City,MO,Passenger,1,0,1,24,25,4.00
September 30 2020,Saginaw,MI,Passenger,1,0,1,8,9,11.11
April 30 2020,Allegheny,PA,Passenger,1,0,1,61,62,1.61
September 30 2020,Saint Clair,IL,Passenger,1,0,1,135,136,0.74
September 30 2020,Sacramento,CA,Passenger,1,0,1,231,232,0.43
April 30 2020,Arapahoe,CO,Passenger,1,0,1,124,125,0.80
July 31 2020,Thurston,WA,Passenger,1264,796,2060,200604,202664,1.02
September 30 2020,Santa Barbara,CA,Passenger,1,0,1,82,83,1.20
April 30 2020,Asotin,WA,Truck,0,0,0,6820,6820,0.00
January 31 2020,Maui,HI,Passenger,1,0,1,38,39,2.56
May 31 2019,Saint Marys,MD,Passenger,1,0,1,197,198,0.51
April 30 2020,Bay,FL,Passenger,1,0,1,32,33,3.03
May 31 2019,Chelan,WA,Truck,0,0,0,22869,22869,0.00
January 31 2020,Mecklenburg,NC,Passenger,1,0,1,73,74,1.35
August 31 2020,Snohomish,WA,Truck,0,0,0,127712,127712,0.00
September 30 2020,Skagit,WA,Truck,1,0,1,33462,33463,0.00
September 30 2020,Shelby,OH,Passenger,0,1,1,1,2,50.00
May 31 2019,San Diego,CA,Passenger,8,4,12,2726,2738,0.44
September 30 2020,Skamania,WA,Passenger,36,22,58,8586,8644,0.67
April 30 2020,Boone,MO,Passenger,0,1,1,9,10,10.00
May 31 2019,San Juan,WA,Truck,0,0,0,6034,6034,0.00
August 31 2020,Stevens,WA,Truck,0,0,0,19211,19211,0.00
April 30 2020,Caddo,LA,Passenger,1,0,1,12,13,7.69
May 31 2019,Santa Clara,CA,Passenger,5,1,6,343,349,1.72
August 31 2020,Sumter,FL,Passenger,0,1,1,9,10,10.00
August 31 2020,NULL,WA,Passenger,0,0,0,3,3,0.00
August 31 2020,Tipton,TN,Passenger,1,0,1,12,13,7.69
May 31 2019,Shelby,TN,Passenger,0,1,1,96,97,1.03
August 31 2020,Travis,TX,Passenger,1,2,3,142,145,2.07
May 31 2019,Columbia,WA,Truck,0,0,0,1600,1600,0.00
January 31 2020,Palm Beach,FL,Passenger,0,1,1,68,69,1.45
September 30 2020,Vigo,IN,Passenger,1,0,1,4,5,20.00
August 31 2020,Benton,WA,Passenger,394,331,725,137092,137817,0.53
September 30 2020,Wahkiakum,WA,Passenger,6,7,13,3083,3096,0.42
April 30 2020,Charles,MD,Passenger,0,1,1,68,69,1.45
September 30 2020,Wahkiakum,WA,Truck,0,0,0,1795,1795,0.00
April 30 2020,Chelan,WA,Passenger,227,83,310,55392,55702,0.56
September 30 2020,Washoe,NV,Passenger,1,0,1,72,73,1.37
September 30 2020,Walla Walla,WA,Passenger,90,65,155,36750,36905,0.42
April 30 2020,Clallam,WA,Truck,1,0,1,22226,22227,0.00
May 31 2019,Denver,CO,Passenger,1,0,1,121,122,0.82
April 30 2020,Clay,FL,Passenger,0,1,1,78,79,1.27
September 30 2020,Washtenaw,MI,Passenger,1,0,1,25,26,3.85
May 31 2019,Deschutes,OR,Passenger,2,0,2,132,134,1.49
September 30 2020,Williams,ND,Passenger,0,1,1,12,13,7.69
August 31 2020,Carroll,MD,Passenger,0,1,1,15,16,6.25
September 30 2020,Whatcom,WA,Passenger,1214,550,1764,152355,154119,1.14
May 31 2019,Tulsa,OK,Passenger,0,1,1,38,39,2.56
September 30 2020,Yakima,WA,Passenger,171,133,304,170496,170800,0.18
September 30 2020,Whitman,WA,Truck,0,0,0,8703,8703,0.00
August 31 2020,Yakima,WA,Truck,0,0,0,62360,62360,0.00
January 31 2020,Saint Louis,MO,Passenger,1,0,1,64,65,1.54
May 31 2019,Wahkiakum,WA,Truck,0,0,0,1795,1795,0.00
August 31 2020,Cascade,MT,Passenger,0,1,1,55,56,1.79
September 30 2020,Williamson,TX,Passenger,1,0,1,96,97,1.03
October 31 2020,Adams,WA,Truck,0,0,0,5500,5500,0.00
August 31 2020,Chaves,NM,Passenger,1,0,1,9,10,10.00
May 31 2019,Walla Walla,WA,Passenger,46,58,104,36910,37014,0.28
September 30 2020,Alexandria City,VA,Passenger,4,0,4,131,135,2.96
October 31 2020,Allegheny,PA,Passenger,1,0,1,56,57,1.75
May 31 2019,Douglas,OR,Passenger,1,0,1,50,51,1.96
April 30 2020,Davidson,TN,Passenger,1,0,1,59,60,1.67
August 31 2020,Clallam,WA,Passenger,255,175,430,50913,51343,0.84
April 30 2020,Dekalb,GA,Passenger,1,0,1,72,73,1.37
October 31 2020,Arapahoe,CO,Passenger,1,0,1,115,116,0.86
October 31 2020,Adams,WA,Passenger,8,10,18,13254,13272,0.14
October 31 2020,Asotin,WA,Truck,0,0,0,6856,6856,0.00
May 31 2019,Washtenaw,MI,Passenger,1,0,1,31,32,3.12
January 31 2020,Shasta,CA,Passenger,1,0,1,37,38,2.63
September 30 2020,Brevard,FL,Passenger,0,1,1,65,66,1.52
August 31 2020,Cumberland,NC,Passenger,0,3,3,462,465,0.65
April 30 2020,Douglas,WA,Truck,0,0,0,12596,12596,0.00
January 31 2020,Skagit,WA,Passenger,415,236,651,94414,95065,0.68
October 31 2020,Arlington,VA,Passenger,0,2,2,125,127,1.57
January 31 2020,Snohomish,WA,Passenger,4436,1833,6269,546886,553155,1.13
October 31 2020,Bay,FL,Passenger,1,0,1,31,32,3.12
April 30 2020,Erie,NY,Passenger,1,0,1,37,38,2.63
January 31 2020,Snohomish,WA,Truck,0,0,0,127165,127165,0.00
August 31 2020,Denton,TX,Passenger,1,0,1,59,60,1.67
May 31 2019,Williamson,TX,Passenger,1,0,1,118,119,0.84
September 30 2020,Charleston,SC,Passenger,1,0,1,89,90,1.11
January 31 2020,Stevens,WA,Passenger,36,35,71,32341,32412,0.22
October 31 2020,Boone,MO,Passenger,0,1,1,7,8,12.50
September 30 2020,Chelan,WA,Truck,0,0,0,23264,23264,0.00
January 31 2020,Stevens,WA,Truck,0,0,0,19430,19430,0.00
October 31 2020,Caddo,LA,Passenger,1,0,1,10,11,9.09
April 30 2020,Franklin,WA,Truck,0,0,0,20459,20459,0.00
April 30 2020,Frederick,MD,Passenger,2,1,3,78,81,3.70
August 31 2020,Duval,FL,Passenger,0,1,1,323,324,0.31
October 31 2020,Boulder,CO,Passenger,1,1,2,29,31,6.45
January 31 2020,Sumter,FL,Passenger,0,1,1,8,9,11.11
September 30 2020,Clark,WA,Truck,0,0,0,84668,84668,0.00
June 30 2019,Ada,ID,Passenger,0,2,2,280,282,0.71
August 31 2020,Ferry,WA,Truck,0,0,0,3694,3694,0.00
January 31 2020,Travis,TX,Passenger,1,2,3,160,163,1.84
June 30 2019,Alameda,CA,Passenger,4,2,6,300,306,1.96
October 31 2020,Charles,MD,Passenger,1,1,2,66,68,2.94
October 31 2020,Chelan,WA,Passenger,272,82,354,55424,55778,0.63
October 31 2020,Clark,NV,Passenger,3,1,4,578,582,0.69
September 30 2020,Cowlitz,WA,Passenger,167,134,301,73562,73863,0.41
August 31 2020,Greene,MO,Passenger,0,1,1,21,22,4.55
August 31 2020,Guilford,NC,Passenger,1,0,1,24,25,4.00
April 30 2020,Island,WA,Truck,1,0,1,21665,21666,0.00
October 31 2020,Columbia,WA,Truck,0,0,0,1566,1566,0.00
September 30 2020,Denver,CO,Passenger,1,0,1,98,99,1.01
June 30 2019,Bexar,TX,Passenger,3,6,9,619,628,1.43
October 31 2020,Cook,IL,Passenger,1,0,1,174,175,0.57
June 30 2019,Broward,FL,Passenger,1,1,2,121,123,1.63
October 31 2020,Davidson,TN,Passenger,1,0,1,47,48,2.08
October 31 2020,Dekalb,GA,Passenger,1,0,1,67,68,1.47
April 30 2020,Kent,DE,Passenger,0,1,1,66,67,1.49
October 31 2020,Deschutes,OR,Passenger,1,0,1,100,101,0.99
October 31 2020,Douglas,WA,Truck,0,0,0,12693,12693,0.00
October 31 2020,El Dorado,CA,Passenger,1,0,1,28,29,3.45
September 30 2020,Glacier,MT,Passenger,0,1,1,3,4,25.00
April 30 2020,Kootenai,ID,Passenger,1,0,1,192,193,0.52
October 31 2020,Erie,NY,Passenger,1,0,1,37,38,2.63
September 30 2020,Grant,WA,Passenger,70,85,155,67115,67270,0.23
September 30 2020,Grays Harbor,WA,Passenger,132,119,251,49253,49504,0.51
August 31 2020,Kings,NY,Passenger,1,0,1,55,56,1.79
February 29 2020,Boone,MO,Passenger,0,1,1,8,9,11.11
May 31 2019,Kent,MI,Passenger,0,1,1,20,21,4.76
February 29 2020,Boulder,CO,Passenger,1,1,2,36,38,5.26
October 31 2020,Franklin,WA,Truck,0,0,0,20892,20892,0.00
September 30 2020,Guilford,NC,Passenger,1,0,1,25,26,3.85
May 31 2019,Kern,CA,Passenger,1,1,2,232,234,0.85
October 31 2020,Frederick,MD,Passenger,2,1,3,74,77,3.90
April 30 2020,Liberty,GA,Passenger,1,0,1,122,123,0.81
May 31 2019,King,WA,Passenger,19105,7250,26355,1407353,1433708,1.84
May 31 2019,King,WA,Truck,6,1,7,186755,186762,0.00
October 31 2020,Hennepin,MN,Passenger,1,0,1,73,74,1.35
September 30 2020,Howard,IN,Passenger,0,1,1,2,3,33.33
April 30 2020,Los Angeles,CA,Passenger,7,9,16,962,978,1.64
October 31 2020,Hidalgo,TX,Passenger,0,1,1,62,63,1.59
August 31 2020,Monroe,IL,Passenger,1,0,1,3,4,25.00
June 30 2019,Cook,IL,Passenger,2,0,2,225,227,0.88
September 30 2020,Kern,CA,Passenger,1,1,2,218,220,0.91
February 29 2020,Columbia,WA,Passenger,3,3,6,2500,2506,0.24
September 30 2020,King,WA,Passenger,26091,8190,34281,1393062,1427343,2.40
September 30 2020,Klickitat,WA,Truck,0,0,0,8355,8355,0.00
June 30 2019,Cowlitz,WA,Truck,0,0,0,29671,29671,0.00
October 31 2020,Island,WA,Truck,1,0,1,21780,21781,0.00
February 29 2020,Dekalb,GA,Passenger,1,0,1,75,76,1.32
April 30 2020,Mason,WA,Passenger,186,145,331,48293,48624,0.68
October 31 2020,Jones,GA,Passenger,1,0,1,1,2,50.00
August 31 2020,Nueces,TX,Passenger,1,0,1,80,81,1.23
September 30 2020,Larimer,CO,Passenger,0,1,1,34,35,2.86
February 29 2020,Douglas,NE,Passenger,0,1,1,50,51,1.96
September 30 2020,Leavenworth,KS,Passenger,0,1,1,120,121,0.83
February 29 2020,Douglas,OR,Passenger,1,0,1,44,45,2.22
September 30 2020,Lewis,WA,Passenger,124,124,248,59430,59678,0.42
June 30 2019,District Of Columbia,DC,Passenger,1,2,3,212,215,1.40
May 31 2019,Lewis,WA,Passenger,105,99,204,60285,60489,0.34
October 31 2020,Kent,DE,Passenger,0,1,1,61,62,1.61
February 29 2020,Dupage,IL,Passenger,2,0,2,50,52,3.85
October 31 2020,Lake,IL,Passenger,2,0,2,163,165,1.21
April 30 2020,Monterey,CA,Passenger,1,0,1,193,194,0.52
April 30 2020,Montgomery,AL,Passenger,0,2,2,36,38,5.26
June 30 2019,Duval,FL,Passenger,1,1,2,358,360,0.56
April 30 2020,Moore,NC,Passenger,0,1,1,162,163,0.61
September 30 2020,Mason,WA,Truck,0,0,0,21331,21331,0.00
June 30 2019,El Paso,TX,Passenger,2,0,2,495,497,0.40
February 29 2020,Guadalupe,TX,Passenger,2,0,2,54,56,3.57
October 31 2020,Liberty,GA,Passenger,1,0,1,113,114,0.88
April 30 2020,Otero,NM,Passenger,0,1,1,34,35,2.86
April 30 2020,Ozaukee,WI,Passenger,0,1,1,3,4,25.00
August 31 2020,Saginaw,MI,Passenger,1,0,1,8,9,11.11
October 31 2020,Manassas City,VA,Passenger,0,1,1,5,6,16.67
April 30 2020,Pacific,WA,Truck,0,0,0,7877,7877,0.00
June 30 2019,Ferry,WA,Truck,0,0,0,3752,3752,0.00
April 30 2020,Palm Beach,FL,Passenger,0,1,1,64,65,1.54
October 31 2020,Los Angeles,CA,Passenger,7,8,15,901,916,1.64
February 29 2020,Hennepin,MN,Passenger,2,0,2,87,89,2.25
August 31 2020,San Mateo,CA,Passenger,0,1,1,98,99,1.01
May 31 2019,Manassas City,VA,Passenger,0,1,1,8,9,11.11
June 30 2019,Flathead,MT,Passenger,1,0,1,54,55,1.82
September 30 2020,Norfolk City,VA,Passenger,2,1,3,349,352,0.85
April 30 2020,Pima,AZ,Passenger,2,1,3,306,309,0.97
August 31 2020,Santa Barbara,CA,Passenger,1,0,1,81,82,1.22
April 30 2020,Pinal,AZ,Passenger,1,0,1,151,152,0.66
September 30 2020,Orange,CA,Passenger,3,2,5,449,454,1.10
April 30 2020,Polk,FL,Passenger,1,0,1,65,66,1.52
June 30 2019,Franklin,WA,Passenger,59,74,133,61176,61309,0.22
October 31 2020,Multnomah,OR,Passenger,3,6,9,636,645,1.40
October 31 2020,Mason,WA,Passenger,198,142,340,48467,48807,0.70
June 30 2019,Fulton,GA,Passenger,1,2,3,99,102,2.94
August 31 2020,Spartanburg,SC,Passenger,0,1,1,36,37,2.70
September 30 2020,Pend Oreille,WA,Passenger,8,4,12,9475,9487,0.13
February 29 2020,Jefferson,WA,Truck,0,0,0,9845,9845,0.00
June 30 2019,Garfield,WA,Passenger,1,1,2,1324,1326,0.15
October 31 2020,Okanogan,WA,Passenger,6,6,12,5916,5928,0.20
September 30 2020,Plaquemines,LA,Passenger,0,1,1,16,17,5.88
October 31 2020,Oldham,KY,Passenger,0,1,1,4,5,20.00
February 29 2020,Juneau,AK,Passenger,0,1,1,24,25,4.00
October 31 2020,Ozaukee,WI,Passenger,0,1,1,3,4,25.00
October 31 2020,Monterey,CA,Passenger,1,0,1,167,168,0.60
April 30 2020,Saint Louis City,MO,Passenger,1,0,1,25,26,3.85
August 31 2020,Utah,UT,Passenger,0,1,1,102,103,0.97
September 30 2020,Powhatan,VA,Passenger,1,0,1,0,1,100.00
October 31 2020,Montgomery,AL,Passenger,0,2,2,33,35,5.71
May 31 2019,Montgomery,TX,Passenger,1,0,1,49,50,2.00
June 30 2019,Grant,WA,Truck,0,0,0,27587,27587,0.00
April 30 2020,San Bernardino,CA,Passenger,0,1,1,446,447,0.22
October 31 2020,Moore,NC,Passenger,0,1,1,152,153,0.65
May 31 2019,Multnomah,OR,Passenger,5,5,10,725,735,1.36
April 30 2020,Santa Cruz,CA,Passenger,1,0,1,36,37,2.70
August 31 2020,Williams,ND,Passenger,0,1,1,12,13,7.69
October 31 2020,Pierce,WA,Passenger,2899,1863,4762,564475,569237,0.84
October 31 2020,Pierce,WA,Truck,0,0,0,147443,147443,0.00
August 31 2020,Yakima,WA,Passenger,164,131,295,170249,170544,0.17
October 31 2020,Otero,NM,Passenger,0,1,1,32,33,3.03
September 30 2020,San Francisco,CA,Passenger,2,1,3,81,84,3.57
October 31 2020,Pinellas,FL,Passenger,1,1,2,71,73,2.74
October 31 2020,Pacific,WA,Truck,0,0,0,7913,7913,0.00
April 30 2020,Skamania,WA,Passenger,32,17,49,8837,8886,0.55
October 31 2020,Palm Beach,FL,Passenger,0,1,1,58,59,1.69
September 30 2020,NULL,NULL,Passenger,8,5,13,1781,1794,0.72
May 31 2019,Okanogan,NULL,Passenger,19,16,35,20681,20716,0.17
October 31 2020,Pima,AZ,Passenger,2,1,3,273,276,1.09
September 30 2020,Adams,WA,Passenger,8,10,18,13255,13273,0.14
October 31 2020,Putnam,TN,Passenger,0,1,1,1,2,50.00
September 30 2020,Skamania,WA,Truck,0,0,0,4145,4145,0.00
May 31 2019,Okanogan,WA,Passenger,3,7,10,6202,6212,0.16
October 31 2020,Polk,FL,Passenger,1,0,1,58,59,1.69
September 30 2020,Anne Arundel,MD,Passenger,1,3,4,392,396,1.01
October 31 2020,Riverside,CA,Passenger,3,1,4,546,550,0.73
September 30 2020,Spartanburg,SC,Passenger,0,1,1,36,37,2.70
April 30 2020,Valencia,NM,Passenger,1,0,1,3,4,25.00
February 29 2020,Los Angeles,CA,Passenger,8,9,17,995,1012,1.68
April 30 2020,Vigo,IN,Passenger,1,0,1,3,4,25.00
September 30 2020,Spokane,WA,Passenger,842,549,1391,324964,326355,0.43
September 30 2020,Asotin,WA,Passenger,18,15,33,12695,12728,0.26
May 31 2019,Oldham,KY,Passenger,0,1,1,4,5,20.00
April 30 2020,Walla Walla,WA,Truck,0,0,0,14040,14040,0.00
October 31 2020,San Juan,WA,Truck,0,0,0,6028,6028,0.00
April 30 2020,Whatcom,WA,Passenger,1123,516,1639,153037,154676,1.06
September 30 2020,Ventura,CA,Passenger,1,2,3,271,274,1.09
June 30 2019,Kent,MI,Passenger,0,1,1,20,21,4.76
October 31 2020,Santa Clara,CA,Passenger,4,2,6,227,233,2.58
October 31 2020,San Bernardino,CA,Passenger,0,1,1,412,413,0.24
June 30 2019,King,WA,Truck,6,1,7,186820,186827,0.00
February 29 2020,Montgomery,MD,Passenger,0,4,4,258,262,1.53
October 31 2020,Santa Cruz,CA,Passenger,1,0,1,30,31,3.23
February 29 2020,Muscogee,GA,Passenger,0,1,1,174,175,0.57
September 30 2020,Whatcom,WA,Truck,3,0,3,44398,44401,0.01
May 31 2019,Pierce,WA,Passenger,1977,1621,3598,552625,556223,0.65
September 30 2020,Carroll,MD,Passenger,0,1,1,15,16,6.25
February 29 2020,Okanogan,NULL,Passenger,31,23,54,20780,20834,0.26
September 30 2020,Cascade,MT,Passenger,0,1,1,55,56,1.79
October 31 2020,Skamania,WA,Passenger,36,21,57,8552,8609,0.66
February 29 2020,Oldham,KY,Passenger,0,1,1,3,4,25.00
October 31 2020,NULL,NULL,Passenger,8,5,13,1762,1775,0.73
May 31 2020,Brevard,FL,Passenger,0,1,1,69,70,1.43
February 29 2020,Pacific,WA,Passenger,40,34,74,16324,16398,0.45
October 31 2020,Alexandria City,VA,Passenger,4,0,4,133,137,2.92
May 31 2020,Bryan,GA,Passenger,1,0,1,57,58,1.72
October 31 2020,Bartow,GA,Passenger,0,1,1,3,4,25.00
May 31 2019,Prince William,VA,Passenger,1,4,5,251,256,1.95
February 29 2020,Pierce,WA,Passenger,2490,1805,4295,561157,565452,0.76
October 31 2020,Vigo,IN,Passenger,1,0,1,4,5,20.00
February 29 2020,Pinellas,FL,Passenger,1,1,2,85,87,2.30
May 31 2019,Ramsey,MN,Passenger,1,0,1,39,40,2.50
September 30 2020,Contra Costa,CA,Passenger,2,0,2,168,170,1.18
June 30 2019,Mason,OR,Passenger,2,0,2,9,11,18.18
October 31 2020,Walla Walla,WA,Truck,0,0,0,14178,14178,0.00
February 29 2020,Ramsey,MN,Passenger,1,0,1,35,36,2.78
May 31 2020,Chelan,WA,Truck,0,0,0,23034,23034,0.00
May 31 2020,Chesapeake City,VA,Passenger,0,2,2,406,408,0.49
May 31 2019,Riverside,CA,Passenger,0,1,1,635,636,0.16
October 31 2020,Westchester,NY,Passenger,0,1,1,21,22,4.55
November 30 2020,Arapahoe,CO,Passenger,1,0,1,113,114,0.88
October 31 2020,Whatcom,WA,Passenger,1243,555,1798,152589,154387,1.16
October 31 2020,Camden,GA,Passenger,1,1,2,134,136,1.47
May 31 2020,Clackamas,OR,Passenger,1,0,1,167,168,0.60
May 31 2019,Saint Clair,IL,Passenger,0,1,1,157,158,0.63
June 30 2019,Monroe,IL,Passenger,1,0,1,4,5,20.00
November 30 2020,Bay,FL,Passenger,1,0,1,31,32,3.12
September 30 2020,El Paso,CO,Passenger,1,0,1,639,640,0.16
May 31 2020,Clark,WA,Passenger,2128,1108,3236,323443,326679,0.99
February 29 2020,San Bernardino,CA,Passenger,0,1,1,460,461,0.22
November 30 2020,NULL,CA,Passenger,1,2,3,208,211,1.42
June 30 2019,Montgomery,PA,Passenger,2,0,2,24,26,7.69
February 29 2020,Santa Cruz,CA,Passenger,1,0,1,35,36,2.78
June 30 2019,Montgomery,TX,Passenger,1,0,1,51,52,1.92
November 30 2020,Allegheny,PA,Passenger,1,0,1,55,56,1.79
September 30 2020,Franklin,WA,Passenger,74,80,154,62179,62333,0.25
October 31 2020,Columbia,GA,Passenger,1,1,2,135,137,1.46
November 30 2020,Charleston,SC,Passenger,1,0,1,84,85,1.18
October 31 2020,Columbia,WA,Passenger,4,3,7,2504,2511,0.28
September 30 2020,Fresno,CA,Passenger,1,0,1,162,163,0.61
February 29 2020,Skagit,WA,Truck,1,0,1,33459,33460,0.00
November 30 2020,Arlington,VA,Passenger,0,2,2,125,127,1.57
October 31 2020,Contra Costa,CA,Passenger,2,0,2,162,164,1.22
February 29 2020,Snohomish,WA,Truck,0,0,0,127231,127231,0.00
May 31 2019,Skagit,WA,Truck,1,0,1,33381,33382,0.00
November 30 2020,Chelan,WA,Passenger,278,84,362,55412,55774,0.65
November 30 2020,Bell,TX,Passenger,0,1,1,356,357,0.28
May 31 2019,Skamania,WA,Truck,0,0,0,4231,4231,0.00
May 31 2020,Denver,CO,Passenger,1,0,1,108,109,0.92
May 31 2020,Deschutes,OR,Passenger,2,0,2,111,113,1.77
November 30 2020,Benton,WA,Truck,0,0,0,44045,44045,0.00
November 30 2020,Clark,WA,Passenger,2419,1196,3615,324731,328346,1.10
November 30 2020,Clark,WA,Truck,0,0,0,84949,84949,0.00
October 31 2020,Dekalb,IN,Passenger,1,0,1,1,2,50.00
February 29 2020,Twin Falls,ID,Passenger,0,1,1,23,24,4.17
May 31 2019,Tarrant,TX,Passenger,2,0,2,182,184,1.09
September 30 2020,Harris,TX,Passenger,1,0,1,186,187,0.53
October 31 2020,Douglas,NE,Passenger,0,1,1,42,43,2.33
May 31 2020,El Paso,CO,Passenger,1,0,1,670,671,0.15
November 30 2020,Bradley,TN,Passenger,1,1,2,0,2,100.00
October 31 2020,Douglas,OR,Passenger,1,0,1,36,37,2.70
September 30 2020,Honolulu,HI,Passenger,4,0,4,377,381,1.05
October 31 2020,Dupage,IL,Passenger,2,0,2,42,44,4.55
November 30 2020,Cowlitz,WA,Passenger,180,139,319,73389,73708,0.43
May 31 2019,Twin Falls,ID,Passenger,0,1,1,19,20,5.00
February 29 2020,Washoe,NV,Passenger,1,0,1,84,85,1.18
May 31 2020,Fresno,CA,Passenger,1,0,1,172,173,0.58
November 30 2020,Carson City,NV,Passenger,1,0,1,11,12,8.33
November 30 2020,Douglas,WA,Truck,0,0,0,12729,12729,0.00
February 29 2020,Wayne,MI,Passenger,0,1,1,55,56,1.79
November 30 2020,Charles,MD,Passenger,1,1,2,65,67,2.99
February 29 2020,Westchester,NY,Passenger,0,1,1,25,26,3.85
May 31 2020,Garfield,WA,Truck,0,0,0,994,994,0.00
May 31 2019,Volusia,FL,Passenger,0,1,1,31,32,3.12
November 30 2020,Erie,NY,Passenger,1,0,1,36,37,2.70
February 29 2020,Whitman,WA,Passenger,43,51,94,23031,23125,0.41
September 30 2020,King,WA,Truck,6,1,7,187522,187529,0.00
May 31 2020,Goochland,VA,Passenger,2,1,3,168,171,1.75
November 30 2020,Fairfax,VA,Passenger,5,5,10,662,672,1.49
September 30 2020,Kings,NY,Passenger,1,0,1,55,56,1.79
November 30 2020,Clallam,WA,Truck,1,0,1,22251,22252,0.00
October 31 2020,Guadalupe,TX,Passenger,1,0,1,46,47,2.13
June 30 2019,Prince William,VA,Passenger,1,3,4,249,253,1.58
October 31 2020,Guilford,NC,Passenger,1,0,1,25,26,3.85
September 30 2020,Lake,IL,Passenger,1,0,1,166,167,0.60
March 31 2020,Anne Arundel,MD,Passenger,1,3,4,422,426,0.94
October 31 2020,Harris,TX,Passenger,1,0,1,185,186,0.54
November 30 2020,Fulton,GA,Passenger,1,2,3,78,81,3.70
March 31 2020,Asotin,WA,Passenger,17,13,30,12932,12962,0.23
May 31 2019,Whatcom,WA,Truck,2,0,2,43899,43901,0.00
October 31 2020,Honolulu,HI,Passenger,4,0,4,374,378,1.06
November 30 2020,Cumberland,NC,Passenger,0,3,3,443,446,0.67
November 30 2020,Grant,WA,Passenger,81,84,165,67236,67401,0.24
September 30 2020,Lewis,WA,Truck,0,0,0,27070,27070,0.00
June 30 2019,Saint Clair,IL,Passenger,0,1,1,159,160,0.62
May 31 2020,Jefferson,WA,Passenger,245,156,401,25296,25697,1.56
November 30 2020,Hamilton,IN,Passenger,1,0,1,27,28,3.57
May 31 2020,Kern,CA,Passenger,1,1,2,225,227,0.88
November 30 2020,Davidson,TN,Passenger,1,0,1,45,46,2.17
November 30 2020,Howard,IN,Passenger,0,1,1,2,3,33.33
June 30 2019,Sangamon,IL,Passenger,1,0,1,6,7,14.29
November 30 2020,Island,WA,Passenger,498,307,805,64179,64984,1.24
October 31 2020,Jefferson,WA,Truck,0,0,0,9774,9774,0.00
May 31 2020,Kitsap,WA,Passenger,1403,709,2112,183092,185204,1.14
November 30 2020,Island,WA,Truck,0,0,0,21778,21778,0.00
June 30 2019,Santa Barbara,CA,Passenger,1,0,1,96,97,1.03
March 31 2020,Caddo,LA,Passenger,1,0,1,12,13,7.69
October 31 2020,Kings,NY,Passenger,1,0,1,54,55,1.82
September 30 2020,Montgomery,PA,Passenger,1,0,1,18,19,5.26
October 31 2020,Kitsap,WA,Truck,0,0,0,55324,55324,0.00
March 31 2020,Cascade,MT,Passenger,0,1,1,57,58,1.72
October 31 2020,Klamath,OR,Passenger,1,0,1,22,23,4.35
November 30 2020,Kent,MI,Passenger,0,1,1,18,19,5.26
May 31 2020,Lincoln,WA,Passenger,6,12,18,7842,7860,0.23
June 30 2019,Shasta,CA,Passenger,1,0,1,43,44,2.27
November 30 2020,King,WA,Passenger,27315,8358,35673,1392200,1427873,2.50
September 30 2020,Okanogan,WA,Passenger,6,6,12,5935,5947,0.20
November 30 2020,Glacier,MT,Passenger,0,1,1,3,4,25.00
September 30 2020,Okanogan,WA,Truck,0,0,0,4011,4011,0.00
November 30 2020,Klickitat,WA,Passenger,65,43,108,15363,15471,0.70
March 31 2020,Chaves,NM,Passenger,1,0,1,9,10,10.00
November 30 2020,Grays Harbor,WA,Passenger,139,120,259,49300,49559,0.52
June 30 2019,Snohomish,WA,Passenger,3642,1697,5339,540521,545860,0.98
May 31 2020,Manassas City,VA,Passenger,0,1,1,5,6,16.67
November 30 2020,Lincoln,WA,Truck,0,0,0,4770,4770,0.00
September 30 2020,Pierce,WA,Truck,0,0,0,147155,147155,0.00
June 30 2019,Spokane,WA,Truck,1,0,1,98038,98039,0.00
May 31 2020,Mecklenburg,NC,Passenger,1,0,1,68,69,1.45
March 31 2020,Denton,TX,Passenger,1,0,1,64,65,1.54
June 30 2019,Stevens,WA,Passenger,22,34,56,32570,32626,0.17
November 30 2020,Hidalgo,TX,Passenger,0,1,1,61,62,1.61
March 31 2020,Fairbanks North Star,AK,Passenger,0,1,1,97,98,1.02
October 31 2020,Maui,HI,Passenger,1,0,1,27,28,3.57
November 30 2020,Montgomery,OH,Passenger,0,1,1,62,63,1.59
September 30 2020,Saint Marys,MD,Passenger,1,0,1,182,183,0.55
June 30 2019,Camden,GA,Passenger,0,1,1,163,164,0.61
June 30 2019,Thurston,WA,Passenger,967,684,1651,200813,202464,0.82
March 31 2020,Ferry,WA,Passenger,5,3,8,4528,4536,0.18
May 31 2020,Okanogan,WA,Passenger,4,8,12,5999,6011,0.20
November 30 2020,Kent,DE,Passenger,0,1,1,60,61,1.64
March 31 2020,Franklin,WA,Passenger,64,83,147,62299,62446,0.24
October 31 2020,Montgomery,MD,Passenger,1,4,5,219,224,2.23
March 31 2020,Franklin,WA,Truck,0,0,0,20509,20509,0.00
September 30 2020,San Juan,WA,Passenger,333,103,436,14294,14730,2.96
November 30 2020,Kittitas,WA,Truck,0,0,0,14991,14991,0.00
November 30 2020,Otero,NM,Passenger,0,1,1,32,33,3.03
March 31 2020,Fresno,CA,Passenger,1,0,1,174,175,0.57
June 30 2019,Tuolumne,CA,Passenger,0,1,1,11,12,8.33
September 30 2020,San Mateo,CA,Passenger,0,1,1,98,99,1.01
November 30 2020,Klickitat,WA,Truck,0,0,0,8326,8326,0.00
October 31 2020,Muscogee,GA,Passenger,0,1,1,165,166,0.60
November 30 2020,Pacific,WA,Truck,0,0,0,7919,7919,0.00
September 30 2020,Santa Clara,CA,Passenger,4,2,6,234,240,2.50
May 31 2020,Putnam,TN,Passenger,0,1,1,2,3,33.33
November 30 2020,Pend Oreille,WA,Truck,0,0,0,5885,5885,0.00
November 30 2020,Larimer,CO,Passenger,0,1,1,33,34,2.94
October 31 2020,Norfolk City,VA,Passenger,2,1,3,346,349,0.86
March 31 2020,Grays Harbor,WA,Truck,0,0,0,21269,21269,0.00
October 31 2020,Okanogan,WA,Truck,0,0,0,4001,4001,0.00
November 30 2020,Liberty,GA,Passenger,1,0,1,114,115,0.87
November 30 2020,Pima,AZ,Passenger,2,1,3,271,274,1.09
May 31 2020,Riley,KS,Passenger,1,0,1,60,61,1.64
November 30 2020,Polk,FL,Passenger,1,0,1,56,57,1.75
October 31 2020,Pacific,WA,Passenger,42,39,81,15976,16057,0.50
November 30 2020,Powhatan,VA,Passenger,1,0,1,0,1,100.00
November 30 2020,Prince William,VA,Passenger,2,2,4,215,219,1.83
March 31 2020,Harrison,MS,Passenger,1,0,1,62,63,1.59
June 30 2019,Clark,WA,Passenger,1647,966,2613,319668,322281,0.81
September 30 2020,Thurston,WA,Truck,0,0,0,57124,57124,0.00
September 30 2020,Tipton,TN,Passenger,1,0,1,12,13,7.69
May 31 2020,San Juan,WA,Passenger,302,95,397,14430,14827,2.68
September 30 2020,Tulsa,OK,Passenger,0,1,1,34,35,2.86
May 31 2020,Shelby,OH,Passenger,0,1,1,1,2,50.00
July 31 2019,NULL,WA,Passenger,0,0,0,2,2,0.00
May 31 2020,Snohomish,WA,Truck,0,0,0,126811,126811,0.00
November 30 2020,San Francisco,CA,Passenger,1,1,2,81,83,2.41
October 31 2020,Saint Marys,MD,Passenger,1,0,1,179,180,0.56
July 31 2019,Adams,WA,Truck,0,0,0,5361,5361,0.00
June 30 2019,Columbia,WA,Passenger,2,2,4,2505,2509,0.16
October 31 2020,San Diego,CA,Passenger,13,7,20,2725,2745,0.73
July 31 2019,Albemarle,VA,Passenger,1,0,1,28,29,3.45
May 31 2020,Stevens,WA,Truck,0,0,0,19216,19216,0.00
November 30 2020,Skamania,WA,Truck,0,0,0,4136,4136,0.00
November 30 2020,Spokane,WA,Passenger,905,579,1484,326322,327806,0.45
October 31 2020,NULL,CA,Passenger,1,2,3,209,212,1.42
October 31 2020,Skagit,WA,Passenger,497,255,752,93326,94078,0.80
October 31 2020,Albemarle,VA,Passenger,1,0,1,23,24,4.17
November 30 2020,Ozaukee,WI,Passenger,0,1,1,3,4,25.00
May 31 2020,Thurston,WA,Truck,0,0,0,56686,56686,0.00
November 30 2020,Pend Oreille,WA,Passenger,9,4,13,9412,9425,0.14
March 31 2020,Lewis,WA,Truck,0,0,0,26800,26800,0.00
May 31 2020,Tipton,TN,Passenger,1,0,1,12,13,7.69
October 31 2020,Bell,TX,Passenger,0,1,1,365,366,0.27
October 31 2020,Tulsa,OK,Passenger,0,1,1,35,36,2.78
November 30 2020,Pinellas,FL,Passenger,1,1,2,70,72,2.78
November 30 2020,Plaquemines,LA,Passenger,0,1,1,15,16,6.25
October 31 2020,Twin Falls,ID,Passenger,0,1,1,17,18,5.56
July 31 2019,Benton,WA,Passenger,283,299,582,136706,137288,0.42
October 31 2020,Benton,WA,Truck,0,0,0,44015,44015,0.00
November 30 2020,Vigo,IN,Passenger,1,0,1,4,5,20.00
November 30 2020,Wahkiakum,WA,Truck,0,0,0,1802,1802,0.00
June 30 2019,Douglas,NE,Passenger,0,1,1,59,60,1.67
July 31 2019,Bexar,TX,Passenger,2,6,8,615,623,1.28
October 31 2020,Bradley,TN,Passenger,1,1,2,0,2,100.00
March 31 2020,Maricopa,AZ,Passenger,6,5,11,1177,1188,0.93
June 30 2019,Douglas,OR,Passenger,1,0,1,49,50,2.00
November 30 2020,Walla Walla,WA,Truck,0,0,0,14189,14189,0.00
October 31 2020,Broward,FL,Passenger,1,1,2,100,102,1.96
May 31 2020,Whitman,WA,Truck,0,0,0,8762,8762,0.00
October 31 2020,Bucks,PA,Passenger,1,0,1,19,20,5.00
November 30 2020,Washtenaw,MI,Passenger,1,0,1,22,23,4.35
November 30 2020,Whatcom,WA,Passenger,1280,558,1838,152582,154420,1.19
October 31 2020,Whitman,WA,Passenger,51,49,100,22457,22557,0.44
November 30 2020,Saint Louis,MO,Passenger,1,0,1,58,59,1.69
November 30 2020,Whatcom,WA,Truck,3,0,3,44420,44423,0.01
November 30 2020,Saint Louis City,MO,Passenger,1,0,1,22,23,4.35
October 31 2020,Carson City,NV,Passenger,1,0,1,10,11,9.09
March 31 2020,Monterey,CA,Passenger,1,0,1,195,196,0.51
November 30 2020,Whitman,WA,Truck,0,0,0,8679,8679,0.00
June 30 2020,Alexandria City,VA,Passenger,4,0,4,136,140,2.86
March 31 2020,Montgomery,PA,Passenger,1,0,1,23,24,4.17
November 30 2020,Ada,ID,Passenger,0,1,1,217,218,0.46
March 31 2020,Moore,NC,Passenger,0,1,1,166,167,0.60
November 30 2020,Alameda,CA,Passenger,2,0,2,233,235,0.85
December 31 2020,NULL,NULL,Passenger,8,5,13,1706,1719,0.76
November 30 2020,Skamania,WA,Passenger,37,22,59,8524,8583,0.69
March 31 2020,New Castle,DE,Passenger,1,0,1,22,23,4.35
December 31 2020,Adams,WA,Passenger,10,10,20,13254,13274,0.15
November 30 2020,Albemarle,VA,Passenger,1,0,1,23,24,4.17
December 31 2020,Adams,WA,Truck,0,0,0,5491,5491,0.00
October 31 2020,Clallam,WA,Truck,1,0,1,22236,22237,0.00
November 30 2020,Sumter,FL,Passenger,0,1,1,9,10,10.00
December 31 2020,Arlington,VA,Passenger,0,2,2,122,124,1.61
June 30 2019,Guadalupe,TX,Passenger,2,0,2,63,65,3.08
June 30 2020,Boulder,CO,Passenger,1,1,2,29,31,6.45
November 30 2020,Bexar,TX,Passenger,4,5,9,489,498,1.81
June 30 2020,Brevard,FL,Passenger,0,1,1,67,68,1.47
December 31 2020,Bartow,GA,Passenger,0,1,1,3,4,25.00
July 31 2019,Chelan,WA,Passenger,161,71,232,55597,55829,0.42
October 31 2020,Cumberland,NC,Passenger,0,3,3,447,450,0.67
November 30 2020,Travis,TX,Passenger,1,1,2,140,142,1.41
November 30 2020,Bucks,PA,Passenger,1,0,1,19,20,5.00
November 30 2020,Ventura,CA,Passenger,1,1,2,264,266,0.75
November 30 2020,Wahkiakum,WA,Passenger,6,7,13,3102,3115,0.42
October 31 2020,District Of Columbia,DC,Passenger,2,2,4,202,206,1.94
November 30 2020,Calvert,MD,Passenger,0,2,2,84,86,2.33
July 31 2019,Clallam,WA,Passenger,188,150,338,51546,51884,0.65
June 30 2020,Chelan,WA,Truck,0,0,0,23111,23111,0.00
March 31 2020,Saginaw,MI,Passenger,1,0,1,10,11,9.09
July 31 2019,Clay,FL,Passenger,0,1,1,86,87,1.15
June 30 2020,Clackamas,OR,Passenger,1,0,1,165,166,0.60
March 31 2020,San Juan,WA,Passenger,296,91,387,14615,15002,2.58
June 30 2020,Columbia,WA,Passenger,4,3,7,2486,2493,0.28
November 30 2020,Yakima,WA,Truck,0,0,0,62520,62520,0.00
December 31 2020,Carroll,MD,Passenger,0,1,1,15,16,6.25
March 31 2020,San Mateo,CA,Passenger,0,1,1,113,114,0.88
June 30 2019,Jefferson,WA,Passenger,209,130,339,25403,25742,1.32
October 31 2020,Garfield,WA,Passenger,0,1,1,1369,1370,0.07
November 30 2020,Clallam,WA,Passenger,278,181,459,50808,51267,0.90
December 31 2020,Alexandria City,VA,Passenger,4,0,4,134,138,2.90
October 31 2020,Glacier,MT,Passenger,0,1,1,3,4,25.00
June 30 2020,Denver,CO,Passenger,1,0,1,104,105,0.95
December 31 2020,Clark,NV,Passenger,3,1,4,563,567,0.71
June 30 2020,Deschutes,OR,Passenger,2,0,2,110,112,1.79
June 30 2020,Douglas,OR,Passenger,1,0,1,40,41,2.44
December 31 2020,Columbia,GA,Passenger,1,0,1,132,133,0.75
November 30 2020,Cowlitz,WA,Truck,0,0,0,29552,29552,0.00
December 31 2020,Contra Costa,CA,Passenger,1,0,1,156,157,0.64
June 30 2019,Kittitas,WA,Passenger,85,40,125,30314,30439,0.41
December 31 2020,Boulder,CO,Passenger,1,1,2,29,31,6.45
March 31 2020,Thurston,WA,Truck,0,0,0,56886,56886,0.00
June 30 2019,Klamath,OR,Passenger,1,0,1,26,27,3.70
March 31 2020,Valencia,NM,Passenger,1,0,1,3,4,25.00
June 30 2019,Klickitat,WA,Passenger,39,33,72,15896,15968,0.45
November 30 2020,Douglas,WA,Passenger,84,44,128,28676,28804,0.44
November 30 2020,El Paso,TX,Passenger,2,0,2,394,396,0.51
December 31 2020,Chelan,WA,Truck,0,0,0,23279,23279,0.00
June 30 2020,Goochland,VA,Passenger,2,1,3,166,169,1.78
July 31 2019,Douglas,WA,Truck,0,0,0,12535,12535,0.00
December 31 2020,Dekalb,IN,Passenger,1,0,1,0,1,100.00
November 30 2020,Fairbanks North Star,AK,Passenger,0,1,1,90,91,1.10
December 31 2020,Clackamas,OR,Passenger,2,0,2,141,143,1.40
June 30 2020,Guadalupe,TX,Passenger,2,0,2,50,52,3.85
December 31 2020,El Dorado,CA,Passenger,1,0,1,28,29,3.45
October 31 2020,Kittitas,WA,Truck,0,0,0,14987,14987,0.00
December 31 2020,El Paso,CO,Passenger,1,0,1,623,624,0.16
November 30 2020,Franklin,WA,Passenger,84,84,168,62389,62557,0.27
December 31 2020,Columbia,WA,Passenger,5,3,8,2508,2516,0.32
March 31 2020,Yakima,WA,Passenger,142,125,267,170277,170544,0.16
December 31 2020,Frederick,MD,Passenger,2,1,3,74,77,3.90
November 30 2020,Grant,WA,Truck,0,0,0,28184,28184,0.00
November 30 2020,Grays Harbor,WA,Truck,0,0,0,21487,21487,0.00
December 31 2020,Denver,CO,Passenger,1,0,1,97,98,1.02
December 31 2020,Deschutes,OR,Passenger,1,0,1,94,95,1.05
July 31 2019,Fulton,GA,Passenger,0,2,2,97,99,2.02
April 30 2020,Adams,WA,Passenger,7,9,16,13108,13124,0.12
December 31 2020,Douglas,OR,Passenger,1,0,1,35,36,2.78
November 30 2020,Howard,MD,Passenger,0,1,1,73,74,1.35
June 30 2019,Maui,HI,Passenger,1,0,1,44,45,2.22
December 31 2020,Harris,TX,Passenger,1,0,1,181,182,0.55
June 30 2020,King,WA,Passenger,24739,8035,32774,1392759,1425533,2.30
April 30 2020,Arlington,VA,Passenger,0,2,2,131,133,1.50
June 30 2019,Mecklenburg,NC,Passenger,1,0,1,85,86,1.16
December 31 2020,Hidalgo,TX,Passenger,0,1,1,58,59,1.69
June 30 2020,Kitsap,WA,Passenger,1416,713,2129,183260,185389,1.15
December 31 2020,Honolulu,HI,Passenger,4,0,4,361,365,1.10
November 30 2020,King,WA,Truck,7,1,8,187842,187850,0.00
December 31 2020,Goochland,VA,Passenger,3,1,4,144,148,2.70
November 30 2020,Kittitas,WA,Passenger,131,54,185,30404,30589,0.60
December 31 2020,Guadalupe,TX,Passenger,1,0,1,43,44,2.27
April 30 2020,Boulder,CO,Passenger,1,1,2,34,36,5.56
October 31 2020,Pend Oreille,WA,Passenger,8,4,12,9434,9446,0.13
November 30 2020,Lewis,WA,Truck,0,0,0,27132,27132,0.00
October 31 2020,Plaquemines,LA,Passenger,0,1,1,15,16,6.25
June 30 2019,Muscogee,GA,Passenger,0,1,1,188,189,0.53
June 30 2020,Lewis,WA,Passenger,114,121,235,59391,59626,0.39
December 31 2020,Kings,NY,Passenger,1,0,1,51,52,1.92
December 31 2020,Lake,IL,Passenger,2,0,2,158,160,1.25
October 31 2020,Sacramento,CA,Passenger,1,0,1,226,227,0.44
April 30 2020,Clark,NV,Passenger,3,1,4,615,619,0.65
June 30 2019,Okanogan,NULL,Passenger,20,18,38,20709,20747,0.18
October 31 2020,Saint Louis,MO,Passenger,1,0,1,60,61,1.64
April 30 2020,Cochise,AZ,Passenger,0,1,1,106,107,0.93
October 31 2020,Saint Louis City,MO,Passenger,1,0,1,22,23,4.35
April 30 2020,Columbia,WA,Truck,0,0,0,1588,1588,0.00
December 31 2020,Liberty,GA,Passenger,1,0,1,112,113,0.88
June 30 2020,Maricopa,AZ,Passenger,4,5,9,1121,1130,0.80
December 31 2020,Kern,CA,Passenger,1,1,2,209,211,0.95
June 30 2019,Pacific,WA,Passenger,36,32,68,16239,16307,0.42
November 30 2020,Montgomery,PA,Passenger,1,0,1,17,18,5.56
June 30 2020,Mason,WA,Truck,0,0,0,21195,21195,0.00
July 31 2019,Island,WA,Truck,0,0,0,21845,21845,0.00
December 31 2020,King,WA,Passenger,27651,8431,36082,1390576,1426658,2.53
December 31 2020,Kitsap,WA,Passenger,1638,775,2413,183233,185646,1.30
June 30 2019,Pend Oreille,WA,Truck,0,0,0,5983,5983,0.00
October 31 2020,Snohomish,WA,Passenger,5025,1926,6951,546845,553796,1.26
April 30 2020,Deschutes,OR,Passenger,2,0,2,115,117,1.71
November 30 2020,Nassau,NY,Passenger,2,0,2,22,24,8.33
July 31 2019,Jefferson,CO,Passenger,0,2,2,60,62,3.23
October 31 2020,Spartanburg,SC,Passenger,0,1,1,36,37,2.70
October 31 2020,Stafford,VA,Passenger,1,0,1,85,86,1.16
October 31 2020,Stevens,WA,Passenger,39,40,79,31119,31198,0.25
October 31 2020,Sumter,FL,Passenger,0,1,1,9,10,10.00
December 31 2020,Leavenworth,KS,Passenger,0,1,1,117,118,0.85
December 31 2020,Lewis,WA,Passenger,136,127,263,59871,60134,0.44
July 31 2019,Kent,MI,Passenger,0,1,1,20,21,4.76
June 30 2020,Norfolk City,VA,Passenger,2,1,3,354,357,0.84
October 31 2020,Travis,TX,Passenger,1,2,3,140,143,2.10
December 31 2020,Okanogan,WA,Passenger,9,6,15,5873,5888,0.25
June 30 2020,Oldham,KY,Passenger,0,1,1,4,5,20.00
June 30 2019,Ramsey,MN,Passenger,1,0,1,38,39,2.56
December 31 2020,Okanogan,WA,Truck,0,0,0,3980,3980,0.00
June 30 2020,Orange,CA,Passenger,5,1,6,478,484,1.24
November 30 2020,Sacramento,CA,Passenger,2,0,2,223,225,0.89
December 31 2020,Orange,FL,Passenger,1,0,1,101,102,0.98
July 31 2019,Klickitat,WA,Passenger,40,34,74,15907,15981,0.46
November 30 2020,Saint Clair,IL,Passenger,1,0,1,135,136,0.74
December 31 2020,Ozaukee,WI,Passenger,0,1,1,3,4,25.00
October 31 2020,Wahkiakum,WA,Passenger,6,7,13,3102,3115,0.42
June 30 2020,Pacific,WA,Passenger,42,38,80,16035,16115,0.50
April 30 2020,Hennepin,MN,Passenger,2,0,2,81,83,2.41
December 31 2020,Manassas City,VA,Passenger,0,1,1,5,6,16.67
June 30 2020,Pierce,WA,Passenger,2621,1818,4439,560029,564468,0.79
October 31 2020,Yakima,WA,Truck,0,0,0,62490,62490,0.00
December 31 2020,Pierce,WA,Truck,0,0,0,147705,147705,0.00
April 30 2020,Hidalgo,TX,Passenger,0,1,1,70,71,1.41
December 31 2020,Mason,WA,Truck,0,0,0,21423,21423,0.00
June 30 2020,Placer,CA,Passenger,1,0,1,79,80,1.25
November 30 2020,NULL,NULL,Passenger,8,5,13,1735,1748,0.74
November 30 2020,Spokane,WA,Truck,0,0,0,102477,102477,0.00
November 30 2020,Adams,WA,Truck,0,0,0,5487,5487,0.00
November 30 2020,Stafford,VA,Passenger,1,0,1,84,85,1.18
June 30 2019,Shelby,OH,Passenger,0,1,1,1,2,50.00
November 30 2020,Anne Arundel,MD,Passenger,1,3,4,387,391,1.02
November 30 2020,Thurston,WA,Passenger,1385,814,2199,200556,202755,1.08
April 30 2020,Jones,GA,Passenger,1,0,1,1,2,50.00
June 30 2019,Skagit,WA,Passenger,334,221,555,93711,94266,0.59
November 30 2020,Asotin,WA,Passenger,18,15,33,12695,12728,0.26
July 31 2019,Mason,WA,Passenger,150,130,280,48317,48597,0.58
June 30 2019,Skagit,WA,Truck,1,0,1,33394,33395,0.00
November 30 2020,Asotin,WA,Truck,0,0,0,6828,6828,0.00
June 30 2019,Skamania,WA,Truck,0,0,0,4235,4235,0.00
December 31 2020,Saint Marys,MD,Passenger,1,0,1,171,172,0.58
November 30 2020,Walla Walla,WA,Passenger,99,70,169,36849,37018,0.46
December 31 2020,San Diego,CA,Passenger,13,7,20,2693,2713,0.74
December 31 2020,San Juan,WA,Truck,0,0,0,6025,6025,0.00
June 30 2019,Snohomish,WA,Truck,0,0,0,126151,126151,0.00
December 31 2020,Norfolk City,VA,Passenger,2,1,3,338,341,0.88
December 31 2020,Oldham,KY,Passenger,0,1,1,4,5,20.00
December 31 2020,Santa Clara,CA,Passenger,5,2,7,222,229,3.06
June 30 2020,Sarasota,FL,Passenger,1,0,1,20,21,4.76
December 31 2020,Orange,CA,Passenger,3,2,5,430,435,1.15
December 31 2020,Sarpy,NE,Passenger,1,0,1,63,64,1.56
November 30 2020,Broward,FL,Passenger,1,1,2,99,101,1.98
November 30 2020,Williamson,TX,Passenger,1,0,1,92,93,1.08
June 30 2019,Stevens,WA,Truck,0,0,0,19390,19390,0.00
July 31 2019,Montgomery,AL,Passenger,0,2,2,39,41,4.88
June 30 2020,Skamania,WA,Truck,0,0,0,4167,4167,0.00
November 30 2020,Caddo,LA,Passenger,1,0,1,10,11,9.09
December 31 2020,Pacific,WA,Passenger,42,40,82,15969,16051,0.51
December 31 2020,NULL,WA,Passenger,0,0,0,2,2,0.00
June 30 2020,Suffolk City,VA,Passenger,1,0,1,123,124,0.81
December 31 2020,Philadelphia,PA,Passenger,1,0,1,57,58,1.72
June 30 2019,Tarrant,TX,Passenger,2,0,2,180,182,1.10
December 31 2020,Pierce,WA,Passenger,3076,1885,4961,565031,569992,0.87
December 31 2020,Albemarle,VA,Passenger,1,0,1,23,24,4.17
April 30 2020,Manassas City,VA,Passenger,0,1,1,5,6,16.67
June 30 2020,Twin Falls,ID,Passenger,0,1,1,19,20,5.00
December 31 2020,Tipton,TN,Passenger,1,0,1,12,13,7.69
December 31 2020,Placer,CA,Passenger,1,0,1,72,73,1.37
December 31 2020,Tulsa,OK,Passenger,0,1,1,34,35,2.86
June 30 2020,Wahkiakum,WA,Truck,0,0,0,1781,1781,0.00
June 30 2019,Twin Falls,ID,Passenger,0,1,1,21,22,4.55
November 30 2020,Cook,IL,Passenger,1,0,1,170,171,0.58
December 31 2020,Benton,WA,Passenger,454,366,820,137542,138362,0.59
December 31 2020,Putnam,TN,Passenger,0,1,1,1,2,50.00
June 30 2019,Wahkiakum,WA,Truck,0,0,0,1804,1804,0.00
April 30 2020,Multnomah,OR,Passenger,4,7,11,675,686,1.60
June 30 2020,Whatcom,WA,Truck,3,0,3,44101,44104,0.01
January 31 2021,NULL,CA,Passenger,1,3,4,204,208,1.92
July 31 2019,Osceola,FL,Passenger,1,0,1,37,38,2.63
July 31 2020,NULL,NULL,Passenger,8,5,13,1818,1831,0.71
April 30 2020,Okanogan,WA,Passenger,4,8,12,6006,6018,0.20
December 31 2020,Clallam,WA,Passenger,287,190,477,50830,51307,0.93
December 31 2020,Sarasota,FL,Passenger,1,0,1,19,20,5.00
November 30 2020,El Dorado,CA,Passenger,1,0,1,28,29,3.45
April 30 2020,Oldham,KY,Passenger,0,1,1,3,4,25.00
January 31 2021,Bell,TX,Passenger,0,1,1,347,348,0.29
June 30 2019,Washoe,NV,Passenger,2,0,2,94,96,2.08
July 31 2020,Anne Arundel,MD,Passenger,0,3,3,405,408,0.74
June 30 2019,Washtenaw,MI,Passenger,1,0,1,33,34,2.94
July 31 2020,Asotin,WA,Passenger,17,13,30,12702,12732,0.24
December 31 2020,Skamania,WA,Truck,0,0,0,4128,4128,0.00
December 31 2020,Columbia,WA,Truck,0,0,0,1574,1574,0.00
January 31 2021,Bradley,TN,Passenger,1,1,2,0,2,100.00
November 30 2020,Franklin,WA,Truck,0,0,0,20890,20890,0.00
June 30 2019,Whatcom,WA,Truck,2,0,2,43959,43961,0.00
December 31 2020,Suffolk City,VA,Passenger,1,0,1,119,120,0.83
July 31 2019,Pima,AZ,Passenger,0,1,1,357,358,0.28
November 30 2020,Frederick,MD,Passenger,2,1,3,75,78,3.85
January 31 2021,Broward,FL,Passenger,1,1,2,94,96,2.08
June 30 2019,Whitman,WA,Truck,0,0,0,8833,8833,0.00
January 31 2021,Bryan,GA,Passenger,1,0,1,57,58,1.72
April 30 2020,Pierce,WA,Passenger,2586,1801,4387,559257,563644,0.78
December 31 2020,Twin Falls,ID,Passenger,0,1,1,17,18,5.56
July 31 2019,Polk,FL,Passenger,1,0,1,68,69,1.45
January 31 2021,Carson City,NV,Passenger,1,0,1,11,12,8.33
April 30 2020,Pierce,WA,Truck,0,0,0,145029,145029,0.00
November 30 2020,Garfield,WA,Passenger,0,1,1,1380,1381,0.07
April 30 2020,Pinellas,FL,Passenger,1,1,2,84,86,2.33
July 31 2019,Prince William,VA,Passenger,1,3,4,246,250,1.60
July 31 2019,NULL,NULL,Passenger,9,6,15,2025,2040,0.74
July 31 2020,Calvert,MD,Passenger,0,2,2,87,89,2.25
July 31 2019,Adams,WA,Passenger,5,6,11,13201,13212,0.08
April 30 2020,Putnam,TN,Passenger,0,1,1,2,3,33.33
November 30 2020,Harris,TX,Passenger,1,0,1,181,182,0.55
January 31 2021,Clackamas,OR,Passenger,2,0,2,138,140,1.43
December 31 2020,Whatcom,WA,Truck,3,0,3,44448,44451,0.01
July 31 2020,Charleston,SC,Passenger,1,0,1,94,95,1.05
July 31 2019,Anne Arundel,MD,Passenger,1,3,4,438,442,0.90
April 30 2020,Riverside,CA,Passenger,2,1,3,584,587,0.51
November 30 2020,Honolulu,HI,Passenger,4,0,4,374,378,1.06
December 31 2020,Greene,MO,Passenger,0,1,1,21,22,4.55
July 31 2019,Arlington,VA,Passenger,0,2,2,147,149,1.34
January 31 2021,Cumberland,NC,Passenger,0,2,2,435,437,0.46
January 31 2021,NULL,NULL,Passenger,8,5,13,1682,1695,0.77
July 31 2019,Asotin,WA,Passenger,13,9,22,12969,12991,0.17
July 31 2020,Clark,WA,Truck,0,0,0,84344,84344,0.00
April 30 2020,San Juan,WA,Truck,0,0,0,6067,6067,0.00
July 31 2019,Saint Clair,IL,Passenger,0,1,1,156,157,0.64
January 31 2021,District Of Columbia,DC,Passenger,2,2,4,203,207,1.93
January 31 2021,Anne Arundel,MD,Passenger,3,3,6,381,387,1.55
January 31 2021,Asotin,WA,Passenger,17,14,31,12702,12733,0.24
July 31 2020,Contra Costa,CA,Passenger,2,0,2,177,179,1.12
November 30 2020,Kings,NY,Passenger,1,0,1,53,54,1.85
January 31 2021,Duval,FL,Passenger,0,1,1,307,308,0.32
January 31 2021,Ferry,WA,Truck,0,0,0,3689,3689,0.00
July 31 2020,Douglas,WA,Passenger,76,42,118,28607,28725,0.41
January 31 2021,Flathead,MT,Passenger,1,0,1,39,40,2.50
July 31 2020,Dupage,IL,Passenger,2,0,2,45,47,4.26
December 31 2020,Jones,GA,Passenger,1,0,1,1,2,50.00
January 31 2021,Garfield,WA,Passenger,0,2,2,1375,1377,0.15
January 31 2021,Garfield,WA,Truck,0,0,0,1029,1029,0.00
January 31 2021,Calvert,MD,Passenger,0,2,2,84,86,2.33
July 31 2020,Fairfax,VA,Passenger,5,5,10,698,708,1.41
January 31 2021,Goochland,VA,Passenger,3,1,4,138,142,2.82
January 31 2021,Charleston,SC,Passenger,1,0,1,79,80,1.25
November 30 2020,Mason,WA,Passenger,203,145,348,48441,48789,0.71
July 31 2019,Tarrant,TX,Passenger,2,0,2,179,181,1.10
July 31 2019,Thurston,WA,Passenger,993,698,1691,201218,202909,0.83
April 30 2020,Westchester,NY,Passenger,0,1,1,24,25,4.00
November 30 2020,Missoula,MT,Passenger,1,0,1,46,47,2.13
January 31 2021,Clark,WA,Truck,0,0,0,85166,85166,0.00
July 31 2020,Guilford,NC,Passenger,1,0,1,23,24,4.17
December 31 2020,Los Angeles,CA,Passenger,7,8,15,864,879,1.71
November 30 2020,Monterey,CA,Passenger,1,0,1,165,166,0.60
November 30 2020,Montgomery,AL,Passenger,0,2,2,33,35,5.71
July 31 2020,Harris,TX,Passenger,1,0,1,190,191,0.52
January 31 2021,Contra Costa,CA,Passenger,1,0,1,155,156,0.64
July 31 2019,Vigo,IN,Passenger,1,0,1,4,5,20.00
December 31 2020,Mason,WA,Passenger,207,143,350,48571,48921,0.72
July 31 2019,Contra Costa,CA,Passenger,1,0,1,203,204,0.49
November 30 2020,Moore,NC,Passenger,0,1,1,151,152,0.66
July 31 2020,Honolulu,HI,Passenger,3,0,3,392,395,0.76
July 31 2019,Walla Walla,WA,Truck,0,0,0,14048,14048,0.00
May 31 2020,Asotin,WA,Truck,0,0,0,6786,6786,0.00
January 31 2021,Douglas,WA,Passenger,86,46,132,28703,28835,0.46
January 31 2021,Kitsap,WA,Passenger,1692,782,2474,182603,185077,1.34
July 31 2020,Island,WA,Passenger,449,291,740,64120,64860,1.14
January 31 2021,Kittitas,WA,Truck,0,0,0,15000,15000,0.00
November 30 2020,Okanogan,WA,Truck,0,0,0,3988,3988,0.00
January 31 2021,Dupage,IL,Passenger,1,0,1,40,41,2.44
December 31 2020,Montgomery,AL,Passenger,0,1,1,33,34,2.94
December 31 2020,Multnomah,OR,Passenger,3,6,9,618,627,1.44
July 31 2020,Jefferson,WA,Truck,0,0,0,9756,9756,0.00
January 31 2021,Fairfax,VA,Passenger,5,5,10,646,656,1.52
May 31 2020,Broward,FL,Passenger,1,1,2,105,107,1.87
May 31 2020,Caddo,LA,Passenger,1,0,1,12,13,7.69
August 31 2019,Adams,WA,Truck,0,0,0,5366,5366,0.00
December 31 2020,Okanogan,NULL,Passenger,47,31,78,20753,20831,0.37
July 31 2020,Kings,NY,Passenger,1,0,1,57,58,1.72
July 31 2020,Kitsap,WA,Truck,0,0,0,55312,55312,0.00
May 31 2020,Cascade,MT,Passenger,0,1,1,55,56,1.79
January 31 2021,Grant,WA,Passenger,90,90,180,67474,67654,0.27
August 31 2019,Allegheny,PA,Passenger,1,0,1,71,72,1.39
January 31 2021,Harris,TX,Passenger,1,0,1,176,177,0.56
August 31 2019,Arlington,VA,Passenger,0,2,2,145,147,1.36
May 31 2020,Chaves,NM,Passenger,1,0,1,9,10,10.00
January 31 2021,Monroe,IL,Passenger,1,0,1,2,3,33.33
January 31 2021,Honolulu,HI,Passenger,4,0,4,355,359,1.11
July 31 2020,Lewis,WA,Truck,0,0,0,26975,26975,0.00
May 31 2020,Cook,IL,Passenger,1,0,1,198,199,0.50
January 31 2021,Howard,IN,Passenger,0,1,1,2,3,33.33
July 31 2020,Lincoln,WA,Truck,0,0,0,4778,4778,0.00
January 31 2021,Island,WA,Passenger,549,312,861,64162,65023,1.32
May 31 2020,Cumberland,NC,Passenger,0,3,3,475,478,0.63
December 31 2020,Ramsey,MN,Passenger,1,0,1,28,29,3.45
November 30 2020,Sarpy,NE,Passenger,1,0,1,65,66,1.52
July 31 2019,Franklin,WA,Passenger,59,76,135,61404,61539,0.22
July 31 2019,Frederick,MD,Passenger,2,1,3,85,88,3.41
January 31 2021,Jefferson,WA,Truck,0,0,0,9789,9789,0.00
December 31 2020,Riverside,CA,Passenger,3,1,4,535,539,0.74
May 31 2020,Denton,TX,Passenger,1,0,1,61,62,1.61
May 31 2020,Duval,FL,Passenger,0,1,1,331,332,0.30
November 30 2020,Spartanburg,SC,Passenger,0,1,1,36,37,2.70
January 31 2021,Platte,MO,Passenger,1,0,1,20,21,4.76
January 31 2021,Kings,NY,Passenger,1,0,1,51,52,1.92
January 31 2021,Kitsap,WA,Truck,0,0,0,55295,55295,0.00
December 31 2020,San Bernardino,CA,Passenger,0,1,1,398,399,0.25
August 31 2019,Boone,MO,Passenger,0,1,1,7,8,12.50
July 31 2020,Montgomery,MD,Passenger,0,4,4,229,233,1.72
May 31 2020,Ferry,WA,Passenger,5,3,8,4492,4500,0.18
December 31 2020,Santa Cruz,CA,Passenger,1,0,1,27,28,3.57
May 31 2020,Ferry,WA,Truck,0,0,0,3679,3679,0.00
July 31 2020,Nassau,NY,Passenger,2,0,2,23,25,8.00
January 31 2021,Saint Louis,MO,Passenger,1,0,1,58,59,1.69
May 31 2020,Franklin,WA,Truck,0,0,0,20469,20469,0.00
November 30 2020,Utah,UT,Passenger,0,1,1,102,103,0.97
January 31 2021,Saint Louis City,MO,Passenger,1,0,1,21,22,4.55
January 31 2021,Lewis,WA,Truck,0,0,0,27222,27222,0.00
July 31 2020,Okanogan,WA,Truck,0,0,0,4036,4036,0.00
December 31 2020,Skagit,WA,Truck,1,0,1,33508,33509,0.00
May 31 2020,Garfield,WA,Passenger,0,1,1,1366,1367,0.07
January 31 2021,Lincoln,WA,Truck,0,0,0,4793,4793,0.00
December 31 2020,Stafford,VA,Passenger,2,0,2,83,85,2.35
July 31 2020,Powhatan,VA,Passenger,1,0,1,0,1,100.00
January 31 2021,Santa Barbara,CA,Passenger,1,0,1,76,77,1.30
July 31 2019,Harris,TX,Passenger,1,1,2,225,227,0.88
May 31 2020,Harrison,MS,Passenger,1,0,1,60,61,1.64
July 31 2019,Hidalgo,TX,Passenger,0,1,1,87,88,1.14
January 31 2021,Snohomish,WA,Passenger,5379,1972,7351,546588,553939,1.33
January 31 2021,Stevens,WA,Passenger,40,39,79,30989,31068,0.25
August 31 2019,Cochise,AZ,Passenger,0,1,1,115,116,0.86
January 31 2021,Montgomery,MD,Passenger,2,4,6,215,221,2.71
January 31 2021,Sumter,FL,Passenger,0,1,1,9,10,10.00
July 31 2020,Saint Marys,MD,Passenger,1,0,1,189,190,0.53
July 31 2020,San Francisco,CA,Passenger,2,1,3,84,87,3.45
January 31 2021,Nassau,NY,Passenger,2,0,2,21,23,8.70
January 31 2021,Travis,TX,Passenger,1,0,1,131,132,0.76
July 31 2020,Santa Clara,CA,Passenger,4,2,6,245,251,2.39
December 31 2020,Washoe,NV,Passenger,1,0,1,69,70,1.43
January 31 2021,Okanogan,WA,Truck,0,0,0,3977,3977,0.00
December 31 2020,Westchester,NY,Passenger,0,1,1,19,20,5.00
December 31 2020,Wichita,TX,Passenger,1,0,1,40,41,2.44
December 31 2020,Anchorage,AK,Passenger,1,0,1,136,137,0.73
December 31 2020,Williams,ND,Passenger,0,1,1,12,13,7.69
July 31 2019,King,WA,Truck,6,1,7,186932,186939,0.00
January 31 2021,Powhatan,VA,Passenger,1,0,1,1,2,50.00
July 31 2020,Spokane,WA,Passenger,799,526,1325,322918,324243,0.41
January 31 2021,Yakima,WA,Truck,0,0,0,62691,62691,0.00
January 31 2021,Allegheny,PA,Passenger,1,0,1,54,55,1.82
August 31 2019,Dekalb,GA,Passenger,1,0,1,72,73,1.37
July 31 2020,Tulsa,OK,Passenger,0,1,1,35,36,2.78
July 31 2019,Larimer,CO,Passenger,0,1,1,46,47,2.13
January 31 2021,Asotin,WA,Truck,0,0,0,6837,6837,0.00
December 31 2020,Bryan,GA,Passenger,1,0,1,56,57,1.75
December 31 2020,Bucks,PA,Passenger,1,0,1,19,20,5.00
July 31 2020,Utah,UT,Passenger,0,1,1,105,106,0.94
January 31 2021,Saint Marys,MD,Passenger,1,0,1,173,174,0.57
February 28 2021,Anne Arundel,MD,Passenger,2,3,5,377,382,1.31
December 31 2020,Camden,GA,Passenger,1,1,2,132,134,1.49
January 31 2021,San Francisco,CA,Passenger,1,1,2,81,83,2.41
February 28 2021,Asotin,WA,Passenger,18,15,33,12730,12763,0.26
July 31 2020,Walla Walla,WA,Passenger,80,66,146,36729,36875,0.40
May 31 2020,Maricopa,AZ,Passenger,4,5,9,1137,1146,0.79
August 31 2019,El Paso,CO,Passenger,1,1,2,708,710,0.28
July 31 2019,Lewis,WA,Truck,0,0,0,26773,26773,0.00
January 31 2021,Boone,MO,Passenger,0,1,1,7,8,12.50
July 31 2019,Liberty,GA,Passenger,1,0,1,133,134,0.75
January 31 2021,Caddo,LA,Passenger,1,0,1,9,10,10.00
July 31 2020,Whitman,WA,Passenger,47,52,99,22592,22691,0.44
December 31 2020,Chesapeake City,VA,Passenger,0,3,3,384,387,0.78
May 31 2020,Monroe,IL,Passenger,1,0,1,3,4,25.00
January 31 2021,Spokane,WA,Passenger,958,589,1547,326627,328174,0.47
July 31 2020,Williamson,TX,Passenger,1,0,1,101,102,0.98
December 31 2020,Clark,WA,Passenger,2492,1230,3722,325300,329022,1.13
January 31 2021,Cascade,MT,Passenger,0,1,1,55,56,1.79
May 31 2020,Moore,NC,Passenger,0,1,1,162,163,0.61
February 28 2021,Caddo,LA,Passenger,1,0,1,9,10,10.00
January 31 2021,Chaves,NM,Passenger,1,0,1,9,10,10.00
May 31 2020,Nueces,TX,Passenger,1,0,1,78,79,1.27
August 31 2019,Frederick,MD,Passenger,2,1,3,84,87,3.45
January 31 2021,Tulsa,OK,Passenger,0,1,1,32,33,3.03
August 31 2020,Ada,ID,Passenger,0,1,1,228,229,0.44
January 31 2021,Cook,IL,Passenger,1,0,1,171,172,0.58
January 31 2021,Utah,UT,Passenger,0,1,1,99,100,1.00
August 31 2020,Alameda,CA,Passenger,1,0,1,244,245,0.41
January 31 2021,Davidson,TN,Passenger,1,0,1,43,44,2.27
January 31 2021,Dekalb,GA,Passenger,1,0,1,58,59,1.69
February 28 2021,Chaves,NM,Passenger,1,0,1,8,9,11.11
December 31 2020,District Of Columbia,DC,Passenger,2,2,4,203,207,1.93
January 31 2021,Walla Walla,WA,Passenger,107,72,179,36901,37080,0.48
May 31 2020,Placer,CA,Passenger,1,0,1,79,80,1.25
December 31 2020,Douglas,NE,Passenger,0,1,1,43,44,2.27
August 31 2019,Greene,MO,Passenger,0,1,1,21,22,4.55
January 31 2021,Whitman,WA,Passenger,53,49,102,22288,22390,0.46
December 31 2020,Garfield,WA,Truck,0,0,0,1022,1022,0.00
January 31 2021,Franklin,WA,Truck,0,0,0,20954,20954,0.00
January 31 2021,Williamson,TX,Passenger,1,0,1,91,92,1.09
August 31 2019,Hidalgo,TX,Passenger,0,1,1,85,86,1.16
January 31 2021,Fresno,CA,Passenger,1,0,1,156,157,0.64
May 31 2020,Saginaw,MI,Passenger,1,0,1,9,10,10.00
February 28 2021,Fairbanks North Star,AK,Passenger,0,1,1,86,87,1.15
August 31 2020,Bucks,PA,Passenger,1,0,1,21,22,4.55
May 31 2020,San Mateo,CA,Passenger,0,1,1,109,110,0.91
February 28 2021,Ferry,WA,Passenger,10,3,13,4443,4456,0.29
February 28 2021,NULL,WA,Passenger,0,0,0,2,2,0.00
July 31 2019,Montgomery,PA,Passenger,2,0,2,25,27,7.41
August 31 2020,Camden,GA,Passenger,1,1,2,135,137,1.46
February 28 2021,Franklin,WA,Passenger,99,91,190,62688,62878,0.30
February 28 2021,Franklin,WA,Truck,0,0,0,20950,20950,0.00
July 31 2019,Multnomah,OR,Passenger,5,6,11,711,722,1.52
May 31 2020,Santa Barbara,CA,Passenger,1,0,1,89,90,1.11
February 28 2021,Fresno,CA,Passenger,1,0,1,156,157,0.64
August 31 2019,Jefferson,WA,Passenger,216,133,349,25491,25840,1.35
February 28 2021,Benton,WA,Passenger,475,374,849,137461,138310,0.61
December 31 2020,Jefferson,WA,Passenger,294,165,459,25260,25719,1.78
May 31 2020,Sarasota,FL,Passenger,1,0,1,19,20,5.00
January 31 2021,Jefferson,WA,Passenger,299,177,476,25235,25711,1.85
February 28 2021,Grays Harbor,WA,Truck,1,0,1,21559,21560,0.00
January 31 2021,Kent,DE,Passenger,0,1,1,59,60,1.67
December 31 2020,Kittitas,WA,Passenger,134,54,188,30477,30665,0.61
February 28 2021,Clallam,WA,Passenger,298,200,498,50862,51360,0.97
December 31 2020,Klamath,OR,Passenger,1,0,1,22,23,4.35
August 31 2019,Kent,DE,Passenger,0,1,1,73,74,1.35
August 31 2020,Clark,NV,Passenger,2,1,3,589,592,0.51
July 31 2019,Okanogan,WA,Truck,0,0,0,4155,4155,0.00
July 31 2019,Oklahoma,OK,Passenger,0,2,2,119,121,1.65
August 31 2019,Kootenai,ID,Passenger,1,1,2,193,195,1.03
December 31 2020,Lincoln,WA,Passenger,6,12,18,7810,7828,0.23
February 28 2021,Columbia,WA,Truck,1,0,1,1574,1575,0.06
February 28 2021,Harrison,MS,Passenger,2,0,2,55,57,3.51
July 31 2019,Ozaukee,WI,Passenger,0,1,1,3,4,25.00
August 31 2020,Columbia,GA,Passenger,1,1,2,138,140,1.43
May 31 2020,Suffolk City,VA,Passenger,1,0,1,120,121,0.83
December 31 2020,Maui,HI,Passenger,1,0,1,26,27,3.70
January 31 2021,Los Angeles,CA,Passenger,7,8,15,846,861,1.74
August 31 2020,Cowlitz,WA,Truck,0,0,0,29661,29661,0.00
December 31 2020,Mecklenburg,NC,Passenger,1,0,1,65,66,1.52
May 31 2020,Utah,UT,Passenger,0,1,1,109,110,0.91
July 31 2019,Pierce,WA,Truck,0,0,0,144137,144137,0.00
May 31 2020,Valencia,NM,Passenger,1,0,1,3,4,25.00
July 31 2019,Pinal,AZ,Passenger,1,0,1,163,164,0.61
December 31 2020,Muscogee,GA,Passenger,0,1,1,165,166,0.60
August 31 2019,Liberty,GA,Passenger,1,0,1,131,132,0.76
December 31 2020,Nassau,FL,Passenger,1,0,1,20,21,4.76
January 31 2021,Mecklenburg,NC,Passenger,1,0,1,67,68,1.47
February 28 2021,Duval,FL,Passenger,0,1,1,303,304,0.33
August 31 2020,Dekalb,IN,Passenger,1,0,1,1,2,50.00
January 31 2021,Missoula,MT,Passenger,1,0,1,47,48,2.08
August 31 2020,District Of Columbia,DC,Passenger,2,2,4,204,208,1.92
August 31 2019,Los Angeles,CA,Passenger,8,5,13,1067,1080,1.20
February 28 2021,Ferry,WA,Truck,0,0,0,3698,3698,0.00
January 31 2021,Monterey,CA,Passenger,1,0,1,159,160,0.62
February 28 2021,Lewis,WA,Truck,0,0,0,27180,27180,0.00
December 31 2020,Pend Oreille,WA,Truck,0,0,0,5876,5876,0.00
May 31 2020,Yakima,WA,Passenger,149,126,275,169431,169706,0.16
December 31 2020,Pennington,SD,Passenger,1,0,1,33,34,2.94
January 31 2021,Moore,NC,Passenger,0,1,1,138,139,0.72
August 31 2020,El Paso,TX,Passenger,2,0,2,407,409,0.49
February 28 2021,Flathead,MT,Passenger,1,0,1,37,38,2.63
January 31 2021,Nueces,TX,Passenger,1,0,1,75,76,1.32
August 31 2020,Fairbanks North Star,AK,Passenger,0,1,1,92,93,1.08
July 31 2019,Riverside,CA,Passenger,0,1,1,630,631,0.16
February 28 2021,Maricopa,AZ,Passenger,2,3,5,947,952,0.53
June 30 2020,NULL,NULL,Passenger,7,5,12,1858,1870,0.64
June 30 2020,Adams,WA,Passenger,9,9,18,13135,13153,0.14
January 31 2021,Okanogan,NULL,Passenger,47,32,79,20811,20890,0.38
December 31 2020,Riley,KS,Passenger,1,0,1,59,60,1.67
June 30 2020,Adams,WA,Truck,0,0,0,5450,5450,0.00
August 31 2020,Ferry,WA,Passenger,7,3,10,4467,4477,0.22
August 31 2019,Mason,WA,Passenger,153,132,285,48402,48687,0.59
February 28 2021,Greene,MO,Passenger,0,1,1,20,21,4.76
February 28 2021,Milwaukee,WI,Passenger,1,0,1,35,36,2.78
December 31 2020,Sacramento,CA,Passenger,2,0,2,215,217,0.92
June 30 2020,Arlington,VA,Passenger,0,2,2,130,132,1.52
January 31 2021,Palm Beach,FL,Passenger,0,1,1,53,54,1.85
February 28 2021,Monterey,CA,Passenger,1,0,1,160,161,0.62
February 28 2021,Hamilton,IN,Passenger,1,0,1,27,28,3.57
February 28 2021,Montgomery,PA,Passenger,1,0,1,17,18,5.56
June 30 2020,Bartow,GA,Passenger,0,1,1,3,4,25.00
July 31 2019,Saint Marys,MD,Passenger,1,0,1,201,202,0.50
February 28 2021,New Castle,DE,Passenger,1,0,1,23,24,4.17
August 31 2020,Grant,WA,Truck,0,0,0,28064,28064,0.00
December 31 2020,Shelby,OH,Passenger,0,1,1,1,2,50.00
January 31 2021,Ramsey,MN,Passenger,1,0,1,28,29,3.45
August 31 2020,Grays Harbor,WA,Truck,0,0,0,21443,21443,0.00
July 31 2019,Santa Clara,CA,Passenger,3,2,5,337,342,1.46
January 31 2021,Saginaw,MI,Passenger,2,0,2,8,10,20.00
December 31 2020,Skagit,WA,Passenger,528,260,788,93172,93960,0.84
December 31 2020,Snohomish,WA,Passenger,5237,1951,7188,547198,554386,1.30
January 31 2021,San Bernardino,CA,Passenger,0,1,1,396,397,0.25
December 31 2020,Snohomish,WA,Truck,0,0,0,128426,128426,0.00
January 31 2021,San Juan,WA,Passenger,380,117,497,14373,14870,3.34
January 31 2021,San Mateo,CA,Passenger,0,1,1,94,95,1.05
December 31 2020,Stevens,WA,Truck,0,0,0,19194,19194,0.00
January 31 2021,Santa Cruz,CA,Passenger,1,0,1,27,28,3.57
February 28 2021,Saginaw,MI,Passenger,2,0,2,8,10,20.00
August 31 2019,Ozaukee,WI,Passenger,0,1,1,3,4,25.00
January 31 2021,Skagit,WA,Truck,1,0,1,33542,33543,0.00
June 30 2020,Clark,NV,Passenger,2,1,3,607,610,0.49
January 31 2021,Snohomish,WA,Truck,3,0,3,128295,128298,0.00
August 31 2019,Palm Beach,FL,Passenger,0,1,1,71,72,1.39
February 28 2021,Kent,MI,Passenger,0,1,1,17,18,5.56
February 28 2021,San Juan,WA,Passenger,386,121,507,14390,14897,3.40
February 28 2021,King,WA,Truck,13,1,14,187496,187510,0.01
January 31 2021,Stevens,WA,Truck,0,0,0,19210,19210,0.00
February 28 2021,San Mateo,CA,Passenger,0,1,1,90,91,1.10
August 31 2020,Jones,GA,Passenger,1,0,1,1,2,50.00
December 31 2020,Virginia Beach City,VA,Passenger,1,0,1,591,592,0.17
June 30 2020,Columbia,GA,Passenger,1,1,2,138,140,1.43
December 31 2020,Wahkiakum,WA,Truck,0,0,0,1805,1805,0.00
June 30 2020,Contra Costa,CA,Passenger,2,0,2,180,182,1.10
July 31 2019,Tulsa,OK,Passenger,0,1,1,39,40,2.50
August 31 2019,Pinal,AZ,Passenger,1,0,1,163,164,0.61
August 31 2020,Kittitas,WA,Passenger,116,49,165,30465,30630,0.54
December 31 2020,Washtenaw,MI,Passenger,1,0,1,22,23,4.35
August 31 2020,Klamath,OR,Passenger,1,0,1,22,23,4.35
July 31 2019,Volusia,FL,Passenger,0,1,1,33,34,2.94
December 31 2020,Whitman,WA,Truck,0,0,0,8690,8690,0.00
February 28 2021,Thurston,WA,Truck,3,0,3,57286,57289,0.01
June 30 2020,Dekalb,IN,Passenger,1,0,1,1,2,50.00
January 31 2021,Washoe,NV,Passenger,1,0,1,67,68,1.47
January 31 2021,Adams,WA,Passenger,10,10,20,13250,13270,0.15
June 30 2020,El Paso,CO,Passenger,1,0,1,663,664,0.15
January 31 2021,Westchester,NY,Passenger,0,1,1,18,19,5.26
January 31 2021,Arlington,VA,Passenger,0,1,1,120,121,0.83
January 31 2021,Wichita,TX,Passenger,1,0,1,40,41,2.44
January 31 2021,Yakima,WA,Passenger,196,138,334,171082,171416,0.19
August 31 2020,Maui,HI,Passenger,1,0,1,30,31,3.23
June 30 2020,Frederick,MD,Passenger,2,1,3,77,80,3.75
February 28 2021,Monroe,IL,Passenger,1,0,1,2,3,33.33
February 28 2021,Montgomery,OH,Passenger,0,1,1,62,63,1.59
August 31 2019,Albemarle,VA,Passenger,1,0,1,27,28,3.57
February 28 2021,Bradley,TN,Passenger,1,1,2,0,2,100.00
August 31 2020,New Castle,DE,Passenger,1,0,1,23,24,4.17
June 30 2020,Harris,TX,Passenger,1,0,1,197,198,0.51
March 31 2021,Albemarle,VA,Passenger,1,0,1,23,24,4.17
February 28 2021,Bryan,GA,Passenger,1,0,1,57,58,1.72
February 28 2021,Multnomah,OR,Passenger,3,5,8,591,599,1.34
August 31 2019,Asotin,WA,Truck,0,0,0,6905,6905,0.00
June 30 2020,Hidalgo,TX,Passenger,0,1,1,68,69,1.45
January 31 2021,Columbia,WA,Truck,0,0,0,1579,1579,0.00
February 28 2021,Carson City,NV,Passenger,1,0,1,11,12,8.33
March 31 2021,Benton,WA,Passenger,479,380,859,137598,138457,0.62
January 31 2021,Cowlitz,WA,Passenger,200,140,340,73422,73762,0.46
June 30 2020,Honolulu,HI,Passenger,3,0,3,396,399,0.75
March 31 2021,Benton,WA,Truck,2,0,2,44255,44257,0.00
February 28 2021,Nueces,TX,Passenger,1,0,1,73,74,1.35
August 31 2019,Brevard,FL,Passenger,0,1,1,70,71,1.41
August 31 2020,Pend Oreille,WA,Truck,0,0,0,5940,5940,0.00
February 28 2021,Chelan,WA,Truck,0,0,0,23304,23304,0.00
February 28 2021,Okanogan,NULL,Passenger,47,31,78,20798,20876,0.37
August 31 2019,Snohomish,WA,Truck,0,0,0,126519,126519,0.00
August 31 2019,Broward,FL,Passenger,1,1,2,122,124,1.61
March 31 2021,Bucks,PA,Passenger,1,0,1,19,20,5.00
February 28 2021,Clackamas,OR,Passenger,2,0,2,136,138,1.45
February 28 2021,Clark,WA,Truck,3,0,3,85048,85051,0.00
March 31 2021,Calvert,MD,Passenger,0,2,2,84,86,2.33
January 31 2021,Franklin,WA,Passenger,96,89,185,62632,62817,0.29
August 31 2019,Bryan,GA,Passenger,1,0,1,58,59,1.69
August 31 2019,Stevens,WA,Truck,0,0,0,19408,19408,0.00
August 31 2019,Sumter,FL,Passenger,0,1,1,8,9,11.11
March 31 2021,Charles,MD,Passenger,1,1,2,60,62,3.23
January 31 2021,Grays Harbor,WA,Passenger,150,129,279,49493,49772,0.56
August 31 2020,Sacramento,CA,Passenger,1,0,1,237,238,0.42
March 31 2021,Chesapeake City,VA,Passenger,0,3,3,371,374,0.80
February 28 2021,Cowlitz,WA,Passenger,208,141,349,73154,73503,0.47
June 30 2020,Liberty,GA,Passenger,1,0,1,119,120,0.83
August 31 2020,San Diego,CA,Passenger,14,8,22,2770,2792,0.79
February 28 2021,Cumberland,NC,Passenger,0,2,2,431,433,0.46
February 28 2021,Prince William,VA,Passenger,1,1,2,209,211,0.95
March 31 2021,Clallam,WA,Passenger,315,204,519,50914,51433,1.01
August 31 2019,Travis,TX,Passenger,1,1,2,173,175,1.14
March 31 2021,Clallam,WA,Truck,1,0,1,22330,22331,0.00
August 31 2020,San Juan,WA,Truck,0,0,0,6011,6011,0.00
February 28 2021,Ramsey,MN,Passenger,1,0,1,26,27,3.70
January 31 2021,Hennepin,MN,Passenger,1,0,1,68,69,1.45
June 30 2020,Manassas City,VA,Passenger,0,1,1,4,5,20.00
January 31 2021,Hidalgo,TX,Passenger,0,1,1,56,57,1.75
February 28 2021,Denver,CO,Passenger,1,0,1,93,94,1.06
February 28 2021,Riverside,CA,Passenger,3,1,4,519,523,0.76
August 31 2019,Clackamas,OR,Passenger,0,1,1,193,194,0.52
August 31 2020,Shelby,TN,Passenger,0,1,1,80,81,1.23
February 28 2021,Saint Clair,IL,Passenger,1,0,1,133,134,0.75
August 31 2020,Skagit,WA,Passenger,466,246,712,93112,93824,0.76
August 31 2019,Washoe,NV,Passenger,2,0,2,88,90,2.22
January 31 2021,Kent,MI,Passenger,0,1,1,17,18,5.56
August 31 2019,Cook,IL,Passenger,2,0,2,221,223,0.90
January 31 2021,King,WA,Truck,7,1,8,187742,187750,0.00
February 28 2021,Santa Barbara,CA,Passenger,1,0,1,76,77,1.30
January 31 2021,Klickitat,WA,Truck,0,0,0,8335,8335,0.00
August 31 2020,Snohomish,WA,Passenger,4838,1899,6737,545447,552184,1.22
February 28 2021,Goochland,VA,Passenger,3,1,4,135,139,2.88
March 31 2021,Douglas,WA,Passenger,88,47,135,28813,28948,0.47
June 30 2020,Okanogan,WA,Passenger,4,7,11,5968,5979,0.18
January 31 2021,Lake,IL,Passenger,2,0,2,159,161,1.24
June 30 2020,Okanogan,WA,Truck,0,0,0,4032,4032,0.00
February 28 2021,Grant,WA,Passenger,92,92,184,67395,67579,0.27
September 30 2019,NULL,WA,Truck,0,0,0,1,1,0.00
August 31 2020,Spokane,WA,Truck,1,0,1,101802,101803,0.00
February 28 2021,Grays Harbor,WA,Passenger,159,133,292,49468,49760,0.59
January 31 2021,Larimer,CO,Passenger,0,1,1,32,33,3.03
June 30 2020,Ozaukee,WI,Passenger,0,1,1,3,4,25.00
February 28 2021,Skagit,WA,Truck,1,0,1,33488,33489,0.00
August 31 2020,Stevens,WA,Passenger,38,38,76,31275,31351,0.24
March 31 2021,Glacier,MT,Passenger,0,1,1,4,5,20.00
June 30 2020,Pierce,WA,Truck,0,0,0,145785,145785,0.00
September 30 2019,Benton,WA,Truck,0,0,0,43379,43379,0.00
June 30 2020,Pinal,AZ,Passenger,1,0,1,144,145,0.69
March 31 2021,Howard,MD,Passenger,0,1,1,75,76,1.32
June 30 2020,Putnam,TN,Passenger,0,1,1,2,3,33.33
September 30 2019,Brevard,FL,Passenger,0,1,1,73,74,1.35
February 28 2021,Kern,CA,Passenger,1,1,2,207,209,0.96
January 31 2021,Montgomery,PA,Passenger,1,0,1,18,19,5.26
March 31 2021,Kittitas,WA,Passenger,154,58,212,30446,30658,0.69
August 31 2020,Washtenaw,MI,Passenger,1,0,1,26,27,3.70
February 28 2021,King,WA,Passenger,28931,8630,37561,1383813,1421374,2.64
January 31 2021,Multnomah,OR,Passenger,3,5,8,601,609,1.31
March 31 2021,Lincoln,WA,Passenger,7,13,20,7821,7841,0.26
August 31 2019,Garfield,WA,Passenger,0,1,1,1333,1334,0.07
February 28 2021,Kitsap,WA,Passenger,1726,792,2518,182525,185043,1.36
August 31 2019,Garfield,WA,Truck,0,0,0,982,982,0.00
June 30 2020,Saint Marys,MD,Passenger,1,0,1,190,191,0.52
February 28 2021,Washoe,NV,Passenger,1,0,1,65,66,1.52
February 28 2021,Klickitat,WA,Truck,0,0,0,8330,8330,0.00
June 30 2020,San Diego,CA,Passenger,13,9,22,2790,2812,0.78
January 31 2021,Ozaukee,WI,Passenger,0,1,1,3,4,25.00
August 31 2019,Goochland,VA,Passenger,1,1,2,183,185,1.08
March 31 2021,Mason,WA,Truck,0,0,0,21531,21531,0.00
June 30 2020,San Juan,WA,Truck,0,0,0,6034,6034,0.00
September 30 2019,Chelan,WA,Truck,0,0,0,23012,23012,0.00
February 28 2021,Williams,ND,Passenger,0,1,1,12,13,7.69
June 30 2020,Santa Clara,CA,Passenger,3,2,5,258,263,1.90
September 30 2020,Albemarle,VA,Passenger,1,0,1,22,23,4.35
January 31 2021,Pierce,WA,Truck,1,0,1,147667,147668,0.00
February 28 2021,Larimer,CO,Passenger,0,1,1,33,34,2.94
February 28 2021,Yakima,WA,Passenger,202,145,347,170911,171258,0.20
January 31 2021,Pinellas,FL,Passenger,1,1,2,67,69,2.90
March 31 2021,Nassau,FL,Passenger,1,0,1,17,18,5.56
February 28 2021,Leavenworth,KS,Passenger,0,1,1,113,114,0.88
March 31 2021,Nassau,NY,Passenger,2,0,2,21,23,8.70
March 31 2021,Adams,WA,Truck,0,0,0,5502,5502,0.00
January 31 2021,Prince William,VA,Passenger,1,1,2,213,215,0.93
September 30 2020,Asotin,WA,Truck,0,0,0,6866,6866,0.00
February 28 2021,Lewis,WA,Passenger,140,138,278,59767,60045,0.46
June 30 2020,Shelby,TN,Passenger,0,1,1,83,84,1.19
March 31 2021,Orange,CA,Passenger,3,2,5,421,426,1.17
January 31 2021,Riverside,CA,Passenger,3,1,4,524,528,0.76
March 31 2021,Arapahoe,CO,Passenger,1,0,1,105,106,0.94
September 30 2020,Bay,FL,Passenger,1,0,1,31,32,3.12
January 31 2021,Saint Clair,IL,Passenger,1,0,1,132,133,0.75
September 30 2020,Bexar,TX,Passenger,4,5,9,508,517,1.74
March 31 2021,Pend Oreille,WA,Passenger,12,6,18,9484,9502,0.19
March 31 2021,Asotin,WA,Truck,0,0,0,6840,6840,0.00
June 30 2020,Tipton,TN,Passenger,1,0,1,12,13,7.69
March 31 2021,Plaquemines,LA,Passenger,0,1,1,16,17,5.88
September 30 2020,Broward,FL,Passenger,1,1,2,99,101,1.98
June 30 2020,Tulsa,OK,Passenger,0,1,1,36,37,2.70
January 31 2021,Santa Clara,CA,Passenger,5,2,7,218,225,3.11
September 30 2019,Cowlitz,WA,Passenger,116,120,236,74611,74847,0.32
September 30 2020,Caddo,LA,Passenger,1,0,1,11,12,8.33
March 31 2021,Bay,FL,Passenger,1,0,1,30,31,3.23
March 31 2021,Riley,KS,Passenger,1,0,1,55,56,1.79
August 31 2019,Kitsap,WA,Passenger,1189,659,1848,184482,186330,0.99
March 31 2021,Boone,MO,Passenger,0,1,1,7,8,12.50
March 31 2021,Sacramento,CA,Passenger,2,0,2,212,214,0.93
September 30 2019,Denver,CO,Passenger,1,0,1,118,119,0.84
July 31 2020,NULL,CA,Passenger,1,2,3,215,218,1.38
March 31 2021,Caddo,LA,Passenger,1,0,1,8,9,11.11
January 31 2021,Ventura,CA,Passenger,1,2,3,262,265,1.13
September 30 2020,Chelan,WA,Passenger,267,83,350,55381,55731,0.63
March 31 2021,Sevier,AR,Passenger,0,1,1,0,1,100.00
March 31 2021,Shelby,OH,Passenger,0,1,1,1,2,50.00
February 28 2021,Philadelphia,PA,Passenger,1,0,1,52,53,1.89
August 31 2019,Lincoln,WA,Passenger,4,10,14,8005,8019,0.17
February 28 2021,Placer,CA,Passenger,1,0,1,68,69,1.45
July 31 2020,Bell,TX,Passenger,0,1,1,386,387,0.26
March 31 2021,Stafford,VA,Passenger,2,0,2,88,90,2.22
February 28 2021,Powhatan,VA,Passenger,1,0,1,1,2,50.00
July 31 2020,Bradley,TN,Passenger,1,1,2,3,5,40.00
March 31 2021,Chelan,WA,Passenger,312,94,406,55354,55760,0.73
February 28 2021,Queens,NY,Passenger,1,0,1,44,45,2.22
July 31 2020,Broward,FL,Passenger,1,1,2,99,101,1.98
September 30 2020,Cook,IL,Passenger,1,0,1,179,180,0.56
August 31 2019,Mason,WA,Truck,0,0,0,21020,21020,0.00
July 31 2020,Bryan,GA,Passenger,1,0,1,57,58,1.72
February 28 2021,Saint Louis,MO,Passenger,1,0,1,55,56,1.79
July 31 2020,Carson City,NV,Passenger,1,0,1,9,10,10.00
September 30 2019,Glacier,MT,Passenger,0,1,1,5,6,16.67
March 31 2021,Wahkiakum,WA,Passenger,9,8,17,3119,3136,0.54
February 28 2021,San Francisco,CA,Passenger,1,1,2,82,84,2.38
September 30 2019,Grant,WA,Passenger,51,68,119,66860,66979,0.18
February 28 2021,Calvert,MD,Passenger,0,2,2,84,86,2.33
March 31 2021,Cook,IL,Passenger,1,0,1,164,165,0.61
September 30 2019,Grays Harbor,WA,Passenger,102,94,196,48933,49129,0.40
July 31 2020,Clackamas,OR,Passenger,1,0,1,158,159,0.63
March 31 2021,Williamson,TX,Passenger,1,0,1,85,86,1.16
February 28 2021,Sarasota,FL,Passenger,1,0,1,20,21,4.76
February 28 2021,Charleston,SC,Passenger,1,0,1,77,78,1.28
September 30 2020,Douglas,WA,Truck,0,0,0,12659,12659,0.00
March 31 2021,Davidson,TN,Passenger,1,0,1,41,42,2.38
February 28 2021,Skamania,WA,Truck,0,0,0,4143,4143,0.00
July 31 2020,Cook,IL,Passenger,1,0,1,189,190,0.53
February 28 2021,Chesapeake City,VA,Passenger,0,3,3,376,379,0.79
August 31 2019,Montgomery,AL,Passenger,0,2,2,37,39,5.13
March 31 2021,Dekalb,GA,Passenger,1,0,1,55,56,1.79
February 28 2021,Spokane,WA,Passenger,972,598,1570,326786,328356,0.48
July 31 2020,Cumberland,NC,Passenger,0,3,3,467,470,0.64
February 28 2021,Clark,WA,Passenger,2639,1285,3924,324388,328312,1.20
April 30 2021,Asotin,WA,Truck,0,0,0,6859,6859,0.00
March 31 2021,Douglas,WA,Truck,1,0,1,12758,12759,0.01
September 30 2020,Franklin,WA,Truck,0,0,0,20823,20823,0.00
February 28 2021,Suffolk City,VA,Passenger,1,0,1,115,116,0.86
March 31 2021,El Dorado,CA,Passenger,1,0,1,25,26,3.85
September 30 2020,Fulton,GA,Passenger,1,2,3,85,88,3.41
March 31 2021,Erie,NY,Passenger,1,0,1,33,34,2.94
September 30 2020,Garfield,WA,Passenger,0,1,1,1363,1364,0.07
July 31 2020,District Of Columbia,DC,Passenger,2,2,4,206,210,1.90
April 30 2021,Caddo,LA,Passenger,1,0,1,8,9,11.11
February 28 2021,Utah,UT,Passenger,0,1,1,99,100,1.00
February 28 2021,Douglas,WA,Passenger,88,46,134,28737,28871,0.46
August 31 2019,Orange,CA,Passenger,5,2,7,519,526,1.33
February 28 2021,Ventura,CA,Passenger,1,2,3,259,262,1.15
March 31 2021,Franklin,WA,Truck,0,0,0,20990,20990,0.00
February 28 2021,Fairfax,VA,Passenger,5,6,11,641,652,1.69
July 31 2020,Duval,FL,Passenger,0,1,1,329,330,0.30
April 30 2021,Chaves,NM,Passenger,1,0,1,7,8,12.50
March 31 2021,Frederick,MD,Passenger,2,1,3,70,73,4.11
September 30 2019,Kern,CA,Passenger,1,1,2,222,224,0.89
March 31 2021,Fulton,GA,Passenger,0,2,2,69,71,2.82
February 28 2021,Garfield,WA,Truck,0,0,0,1030,1030,0.00
February 28 2021,Whatcom,WA,Truck,3,0,3,44452,44455,0.01
September 30 2019,King,WA,Passenger,20910,7608,28518,1414283,1442801,1.98
July 31 2020,Ferry,WA,Truck,0,0,0,3694,3694,0.00
March 31 2021,Garfield,WA,Passenger,0,2,2,1376,1378,0.15
July 31 2020,Flathead,MT,Passenger,1,0,1,47,48,2.08
February 28 2021,Yakima,WA,Truck,0,0,0,62670,62670,0.00
September 30 2019,Klickitat,WA,Truck,0,0,0,8532,8532,0.00
July 31 2020,Garfield,WA,Passenger,0,1,1,1365,1366,0.07
April 30 2021,Duval,FL,Passenger,0,1,1,295,296,0.34
July 31 2020,Garfield,WA,Truck,0,0,0,1014,1014,0.00
March 31 2021,NULL,NULL,Passenger,8,5,13,1624,1637,0.79
February 28 2021,Howard,IN,Passenger,0,1,1,2,3,33.33
September 30 2020,Island,WA,Truck,1,0,1,21745,21746,0.00
July 31 2020,Goochland,VA,Passenger,3,1,4,162,166,2.41
September 30 2019,Larimer,CO,Passenger,0,1,1,48,49,2.04
April 30 2021,Ferry,WA,Passenger,10,3,13,4490,4503,0.29
March 31 2021,Alexandria City,VA,Passenger,4,0,4,131,135,2.96
April 30 2021,Ferry,WA,Truck,0,0,0,3695,3695,0.00
February 28 2021,Howard,MD,Passenger,0,1,1,72,73,1.37
April 30 2021,Franklin,WA,Truck,0,0,0,21015,21015,0.00
March 31 2021,Bartow,GA,Passenger,0,1,1,3,4,25.00
September 30 2019,Lewis,WA,Passenger,115,108,223,60555,60778,0.37
February 28 2021,Island,WA,Passenger,567,313,880,64001,64881,1.36
August 31 2019,Riley,KS,Passenger,1,0,1,62,63,1.59
September 30 2019,Lincoln,WA,Passenger,4,10,14,8020,8034,0.17
April 30 2021,Garfield,WA,Passenger,0,2,2,1384,1386,0.14
September 30 2020,Jones,GA,Passenger,1,0,1,1,2,50.00
February 28 2021,Jefferson,WA,Passenger,304,179,483,25215,25698,1.88
March 31 2021,Island,WA,Truck,1,0,1,21816,21817,0.00
April 30 2021,Harrison,MS,Passenger,2,0,2,50,52,3.85
February 28 2021,Kitsap,WA,Truck,1,0,1,55230,55231,0.00
February 28 2021,Klickitat,WA,Passenger,68,45,113,15343,15456,0.73
March 31 2021,Charleston,SC,Passenger,1,0,1,77,78,1.28
September 30 2019,Mason,WA,Truck,0,0,0,21041,21041,0.00
July 31 2020,Kitsap,WA,Passenger,1461,722,2183,183298,185481,1.18
August 31 2019,Santa Rosa,FL,Passenger,1,0,1,81,82,1.22
July 31 2020,Kittitas,WA,Truck,0,0,0,14935,14935,0.00
August 31 2019,Sarasota,FL,Passenger,1,0,1,25,26,3.85
February 28 2021,Lincoln,WA,Truck,0,0,0,4783,4783,0.00
March 31 2021,Clark,WA,Truck,7,0,7,85172,85179,0.01
July 31 2020,Leon,FL,Passenger,1,0,1,9,10,10.00
September 30 2020,Los Angeles,CA,Passenger,8,8,16,911,927,1.73
March 31 2021,Cowlitz,WA,Passenger,212,144,356,73235,73591,0.48
August 31 2019,Snohomish,WA,Passenger,3810,1751,5561,541939,547500,1.02
September 30 2020,Mason,WA,Passenger,195,139,334,48449,48783,0.68
February 28 2021,Mecklenburg,NC,Passenger,1,0,1,68,69,1.45
March 31 2021,Liberty,GA,Passenger,1,0,1,113,114,0.88
April 30 2021,Maricopa,AZ,Passenger,2,2,4,872,876,0.46
August 31 2019,Stafford,VA,Passenger,1,0,1,91,92,1.09
February 28 2021,Nassau,NY,Passenger,2,0,2,21,23,8.70
March 31 2021,Los Angeles,CA,Passenger,7,7,14,810,824,1.70
September 30 2019,Oklahoma,OK,Passenger,0,2,2,118,120,1.67
March 31 2021,Fairfax,VA,Passenger,5,6,11,643,654,1.68
August 31 2019,Stevens,WA,Passenger,25,32,57,32550,32607,0.17
July 31 2020,Monroe,IL,Passenger,1,0,1,3,4,25.00
September 30 2019,Orange,CA,Passenger,6,2,8,509,517,1.55
September 30 2020,Montgomery,AL,Passenger,0,2,2,35,37,5.41
February 28 2021,Platte,MO,Passenger,1,0,1,20,21,4.76
April 30 2021,Milwaukee,WI,Passenger,1,0,1,33,34,2.94
September 30 2020,Moore,NC,Passenger,0,1,1,155,156,0.64
April 30 2021,Missoula,MT,Passenger,1,0,1,43,44,2.27
March 31 2021,Grant,WA,Passenger,95,94,189,67593,67782,0.28
September 30 2019,Pend Oreille,WA,Passenger,7,6,13,9803,9816,0.13
August 31 2019,Tuolumne,CA,Passenger,0,1,1,10,11,9.09
April 30 2021,Moore,NC,Passenger,0,1,1,131,132,0.76
March 31 2021,Mason,WA,Passenger,219,147,366,48640,49006,0.75
March 31 2021,Harris,TX,Passenger,1,0,1,167,168,0.60
April 30 2021,Nueces,TX,Passenger,1,0,1,71,72,1.39
September 30 2020,Pima,AZ,Passenger,2,1,3,276,279,1.08
March 31 2021,Missoula,MT,Passenger,1,0,1,47,48,2.08
March 31 2021,Honolulu,HI,Passenger,4,0,4,339,343,1.17
March 31 2021,Howard,IN,Passenger,0,1,1,2,3,33.33
February 28 2021,Shelby,OH,Passenger,0,1,1,1,2,50.00
April 30 2021,Placer,CA,Passenger,1,0,1,68,69,1.45
March 31 2021,Monterey,CA,Passenger,1,0,1,160,161,0.62
September 30 2020,Polk,FL,Passenger,1,0,1,59,60,1.67
March 31 2021,Island,WA,Passenger,574,316,890,64085,64975,1.37
February 28 2021,Snohomish,WA,Truck,5,0,5,128203,128208,0.00
March 31 2021,Montgomery,AL,Passenger,0,1,1,31,32,3.12
July 31 2020,Saint Louis,MO,Passenger,1,0,1,60,61,1.64
March 31 2021,Moore,NC,Passenger,0,1,1,129,130,0.77
April 30 2021,Queens,NY,Passenger,1,0,1,44,45,2.22
March 31 2021,King,WA,Passenger,29207,8723,37930,1382170,1420100,2.67
April 30 2021,Saginaw,MI,Passenger,2,0,2,8,10,20.00
February 28 2021,Stevens,WA,Truck,0,0,0,19174,19174,0.00
March 31 2021,Kings,NY,Passenger,1,0,1,50,51,1.96
July 31 2020,Santa Barbara,CA,Passenger,1,0,1,84,85,1.18
September 30 2019,Riley,KS,Passenger,1,0,1,63,64,1.56
April 30 2021,San Mateo,CA,Passenger,0,1,1,88,89,1.12
September 30 2019,Adams,WA,Truck,0,0,0,5358,5358,0.00
July 31 2020,Shasta,CA,Passenger,1,0,1,36,37,2.70
July 31 2020,Snohomish,WA,Passenger,4773,1892,6665,545106,551771,1.21
March 31 2021,Lincoln,WA,Truck,0,0,0,4817,4817,0.00
April 30 2021,Santa Barbara,CA,Passenger,1,0,1,75,76,1.32
September 30 2019,Alexandria City,VA,Passenger,4,0,4,144,148,2.70
March 31 2021,Otero,NM,Passenger,0,1,1,33,34,2.94
September 30 2020,San Bernardino,CA,Passenger,0,1,1,421,422,0.24
September 30 2019,Santa Rosa,FL,Passenger,1,0,1,82,83,1.20
April 30 2021,Sarasota,FL,Passenger,1,0,1,21,22,4.55
March 31 2021,Pacific,WA,Truck,0,0,0,8003,8003,0.00
February 28 2021,Walla Walla,WA,Passenger,109,73,182,36831,37013,0.49
July 31 2020,Stevens,WA,Passenger,40,37,77,31424,31501,0.24
July 31 2020,Suffolk City,VA,Passenger,1,0,1,122,123,0.81
February 28 2021,Whitman,WA,Passenger,55,49,104,22268,22372,0.46
September 30 2020,Santa Cruz,CA,Passenger,1,0,1,31,32,3.12
March 31 2021,Pima,AZ,Passenger,1,1,2,241,243,0.82
September 30 2019,Asotin,WA,Truck,0,0,0,6898,6898,0.00
February 28 2021,Whitman,WA,Truck,2,0,2,8685,8687,0.02
July 31 2020,Sumter,FL,Passenger,0,1,1,8,9,11.11
September 30 2019,Spartanburg,SC,Passenger,0,1,1,31,32,3.12
April 30 2021,Suffolk City,VA,Passenger,1,0,1,116,117,0.85
February 28 2021,Williamson,TX,Passenger,1,0,1,86,87,1.15
March 31 2021,Polk,FL,Passenger,1,0,1,51,52,1.92
March 31 2021,Norfolk City,VA,Passenger,2,1,3,324,327,0.92
July 31 2020,Travis,TX,Passenger,1,2,3,145,148,2.03
September 30 2020,Spokane,WA,Truck,1,0,1,102125,102126,0.00
April 30 2021,Utah,UT,Passenger,0,1,1,90,91,1.10
March 31 2021,Okanogan,WA,Truck,0,0,0,3955,3955,0.00
September 30 2020,Stafford,VA,Passenger,1,0,1,84,85,1.18
March 31 2021,Alameda,CA,Passenger,2,0,2,217,219,0.91
September 30 2020,Stevens,WA,Passenger,38,40,78,31184,31262,0.25
March 31 2021,Pend Oreille,WA,Truck,1,0,1,5862,5863,0.02
September 30 2019,Caddo,LA,Passenger,1,0,1,18,19,5.26
March 31 2021,Philadelphia,PA,Passenger,1,0,1,50,51,1.96
July 31 2020,Yakima,WA,Truck,0,0,0,62187,62187,0.00
March 31 2021,Powhatan,VA,Passenger,1,0,1,1,2,50.00
March 31 2021,Arlington,VA,Passenger,0,1,1,120,121,0.83
April 30 2021,Yakima,WA,Passenger,222,148,370,171882,172252,0.21
September 30 2020,Thurston,WA,Passenger,1303,803,2106,200595,202701,1.04
March 31 2021,San Bernardino,CA,Passenger,0,1,1,380,381,0.26
September 30 2019,Ventura,CA,Passenger,0,1,1,308,309,0.32
March 31 2021,Santa Cruz,CA,Passenger,1,0,1,28,29,3.45
May 31 2021,Arapahoe,CO,Passenger,1,0,1,99,100,1.00
March 31 2021,Bexar,TX,Passenger,3,5,8,464,472,1.69
May 31 2021,Bay,FL,Passenger,1,0,1,29,30,3.33
August 31 2020,Bay,FL,Passenger,1,0,1,30,31,3.23
March 31 2021,Sarpy,NE,Passenger,1,0,1,58,59,1.69
September 30 2019,Wahkiakum,WA,Passenger,2,4,6,3114,3120,0.19
September 30 2020,Walla Walla,WA,Truck,0,0,0,14185,14185,0.00
March 31 2021,San Diego,CA,Passenger,14,8,22,2591,2613,0.84
March 31 2021,San Francisco,CA,Passenger,1,1,2,81,83,2.41
August 31 2020,Bexar,TX,Passenger,4,5,9,514,523,1.72
September 30 2019,Columbia,GA,Passenger,1,1,2,147,149,1.34
September 30 2020,Westchester,NY,Passenger,0,1,1,21,22,4.55
May 31 2021,Benton,WA,Truck,4,0,4,44202,44206,0.01
March 31 2021,Skamania,WA,Passenger,42,25,67,8495,8562,0.78
May 31 2021,Bucks,PA,Passenger,1,0,1,17,18,5.56
March 31 2021,Clark,NV,Passenger,4,1,5,550,555,0.90
May 31 2021,Calvert,MD,Passenger,0,2,2,85,87,2.30
March 31 2021,Skamania,WA,Truck,0,0,0,4124,4124,0.00
August 31 2020,Charleston,SC,Passenger,1,0,1,93,94,1.06
October 31 2020,NULL,WA,Passenger,0,0,0,2,2,0.00
March 31 2021,Columbia,GA,Passenger,1,0,1,123,124,0.81
May 31 2021,Charles,MD,Passenger,1,1,2,58,60,3.33
August 31 2020,Chelan,WA,Passenger,253,83,336,55273,55609,0.60
March 31 2021,Spartanburg,SC,Passenger,0,1,1,35,36,2.78
September 30 2019,Dekalb,IN,Passenger,1,0,1,1,2,50.00
March 31 2021,Spokane,WA,Passenger,1003,621,1624,327394,329018,0.49
May 31 2021,Charleston,SC,Passenger,1,0,1,74,75,1.33
October 31 2019,Alexandria City,VA,Passenger,4,0,4,143,147,2.72
March 31 2021,Cowlitz,WA,Truck,1,0,1,29580,29581,0.00
August 31 2020,Clark,WA,Truck,0,0,0,84569,84569,0.00
March 31 2021,Vigo,IN,Passenger,1,0,1,3,4,25.00
May 31 2021,Chesapeake City,VA,Passenger,0,3,3,352,355,0.85
August 31 2020,Clay,FL,Passenger,0,1,1,78,79,1.27
March 31 2021,Walla Walla,WA,Truck,0,0,0,14253,14253,0.00
March 31 2021,Wahkiakum,WA,Truck,0,0,0,1817,1817,0.00
May 31 2021,Clallam,WA,Truck,1,0,1,22279,22280,0.00
March 31 2021,El Paso,TX,Passenger,2,0,2,373,375,0.53
March 31 2021,Walla Walla,WA,Passenger,109,75,184,36905,37089,0.50
May 31 2021,Clark,WA,Passenger,2885,1393,4278,325601,329879,1.30
September 30 2019,Fairbanks North Star,AK,Passenger,0,1,1,97,98,1.02
March 31 2021,Westchester,NY,Passenger,0,1,1,18,19,5.26
August 31 2020,Cowlitz,WA,Passenger,163,133,296,73537,73833,0.40
March 31 2021,Whatcom,WA,Passenger,1371,600,1971,152739,154710,1.27
March 31 2021,Whatcom,WA,Truck,6,0,6,44506,44512,0.01
September 30 2019,Ferry,WA,Passenger,5,2,7,4594,4601,0.15
March 31 2021,Wichita,TX,Passenger,1,0,1,37,38,2.63
October 31 2019,Boulder,CO,Passenger,1,1,2,40,42,4.76
September 30 2019,Franklin,WA,Truck,0,0,0,20137,20137,0.00
March 31 2021,Grant,WA,Truck,0,0,0,28365,28365,0.00
August 31 2020,Douglas,WA,Truck,0,0,0,12631,12631,0.00
September 30 2019,Frederick,MD,Passenger,2,1,3,84,87,3.45
October 31 2019,Brevard,FL,Passenger,0,1,1,76,77,1.30
April 30 2021,Alameda,CA,Passenger,2,0,2,208,210,0.95
October 31 2020,Carroll,MD,Passenger,0,1,1,15,16,6.25
April 30 2021,Anne Arundel,MD,Passenger,3,3,6,371,377,1.59
March 31 2021,Grays Harbor,WA,Passenger,167,133,300,49645,49945,0.60
August 31 2020,Erie,NY,Passenger,1,0,1,37,38,2.63
October 31 2020,Cascade,MT,Passenger,0,1,1,54,55,1.82
March 31 2021,Grays Harbor,WA,Truck,1,0,1,21535,21536,0.00
April 30 2021,Asotin,WA,Passenger,20,15,35,12848,12883,0.27
April 30 2021,NULL,CA,Passenger,1,4,5,216,221,2.26
August 31 2020,Fairfax,VA,Passenger,5,5,10,698,708,1.41
May 31 2021,Douglas,WA,Passenger,93,48,141,28838,28979,0.49
October 31 2020,Chaves,NM,Passenger,1,0,1,9,10,10.00
April 30 2021,Allegheny,PA,Passenger,1,0,1,54,55,1.82
May 31 2021,Erie,NY,Passenger,1,0,1,31,32,3.12
May 31 2021,Fairfax,VA,Passenger,5,6,11,626,637,1.73
October 31 2020,Chesapeake City,VA,Passenger,0,3,3,387,390,0.77
August 31 2020,Fulton,GA,Passenger,1,2,3,91,94,3.19
April 30 2021,Arlington,VA,Passenger,0,1,1,119,120,0.83
September 30 2019,Grays Harbor,WA,Truck,0,0,0,21142,21142,0.00
April 30 2021,Camden,GA,Passenger,1,0,1,125,126,0.79
August 31 2020,Grant,WA,Passenger,69,80,149,66982,67131,0.22
March 31 2021,Hidalgo,TX,Passenger,0,1,1,57,58,1.72
August 31 2020,Grays Harbor,WA,Passenger,128,120,248,49130,49378,0.50
April 30 2021,Bell,TX,Passenger,0,1,1,335,336,0.30
April 30 2021,Benton,WA,Truck,3,0,3,44316,44319,0.01
October 31 2020,Clark,WA,Passenger,2343,1177,3520,324746,328266,1.07
May 31 2021,Howard,IN,Passenger,0,1,1,2,3,33.33
September 30 2019,Harrison,MS,Passenger,1,0,1,65,66,1.52
October 31 2019,Columbia,WA,Passenger,3,2,5,2491,2496,0.20
May 31 2021,Howard,MD,Passenger,0,1,1,72,73,1.37
March 31 2021,Jones,GA,Passenger,1,0,1,1,2,50.00
August 31 2020,Howard,IN,Passenger,0,1,1,2,3,33.33
May 31 2021,Island,WA,Passenger,615,324,939,64120,65059,1.44
April 30 2021,Cowlitz,WA,Truck,2,0,2,29624,29626,0.01
August 31 2020,Island,WA,Truck,1,0,1,21726,21727,0.00
April 30 2021,Bradley,TN,Passenger,1,1,2,0,2,100.00
March 31 2021,Klickitat,WA,Truck,0,0,0,8351,8351,0.00
April 30 2021,Cumberland,NC,Truck,1,0,1,96,97,1.03
April 30 2021,Danville City,VA,Passenger,1,0,1,0,1,100.00
August 31 2020,Kent,MI,Passenger,0,1,1,20,21,4.76
May 31 2021,Kittitas,WA,Passenger,163,65,228,30374,30602,0.75
April 30 2021,District Of Columbia,DC,Passenger,2,2,4,195,199,2.01
August 31 2020,King,WA,Passenger,25851,8118,33969,1392451,1426420,2.38
May 31 2021,Klickitat,WA,Passenger,69,46,115,15472,15587,0.74
October 31 2020,Denton,TX,Passenger,1,0,1,57,58,1.72
August 31 2020,Klickitat,WA,Passenger,60,43,103,15433,15536,0.66
May 31 2021,Lincoln,WA,Truck,0,0,0,4805,4805,0.00
April 30 2021,Carson City,NV,Passenger,1,0,1,10,11,9.09
August 31 2020,Klickitat,WA,Truck,0,0,0,8364,8364,0.00
April 30 2021,El Paso,TX,Passenger,2,0,2,364,366,0.55
October 31 2019,Douglas,NE,Passenger,0,1,1,55,56,1.79
April 30 2021,Charles,MD,Passenger,1,1,2,59,61,3.28
October 31 2019,Douglas,OR,Passenger,1,0,1,44,45,2.22
April 30 2021,Fairbanks North Star,AK,Passenger,0,1,1,82,83,1.20
October 31 2020,El Paso,CO,Passenger,1,0,1,630,631,0.16
April 30 2021,Flathead,MT,Passenger,1,0,1,33,34,2.94
October 31 2019,Dupage,IL,Passenger,2,0,2,50,52,3.85
August 31 2020,Lewis,WA,Passenger,124,125,249,59357,59606,0.42
April 30 2021,Clallam,WA,Truck,1,0,1,22321,22322,0.00
April 30 2021,Franklin,WA,Passenger,117,99,216,62797,63013,0.34
May 31 2021,Nassau,NY,Passenger,1,0,1,19,20,5.00
October 31 2020,Fresno,CA,Passenger,1,0,1,162,163,0.61
April 30 2021,Grant,WA,Truck,1,0,1,28422,28423,0.00
May 31 2021,Otero,NM,Passenger,0,1,1,33,34,2.94
March 31 2021,Orange,FL,Passenger,1,0,1,98,99,1.01
April 30 2021,Cumberland,NC,Passenger,0,2,2,418,420,0.48
May 31 2021,Pacific,WA,Truck,0,0,0,8013,8013,0.00
March 31 2021,Ozaukee,WI,Passenger,0,1,1,3,4,25.00
April 30 2021,Grays Harbor,WA,Truck,2,0,2,21631,21633,0.01
May 31 2021,Pend Oreille,WA,Truck,1,0,1,5846,5847,0.02
August 31 2020,Montgomery,OH,Passenger,0,1,1,59,60,1.67
May 31 2021,Pima,AZ,Passenger,1,1,2,217,219,0.91
October 31 2020,Greene,MO,Passenger,0,1,1,22,23,4.35
March 31 2021,Pinellas,FL,Passenger,1,1,2,64,66,3.03
May 31 2021,Polk,FL,Passenger,1,0,1,48,49,2.04
October 31 2019,Guadalupe,TX,Passenger,2,0,2,57,59,3.39
October 31 2020,Hamilton,IN,Passenger,1,0,1,30,31,3.23
October 31 2019,Guilford,NC,Passenger,1,0,1,28,29,3.45
April 30 2021,Davidson,TN,Passenger,1,0,1,41,42,2.38
October 31 2019,Hennepin,MN,Passenger,2,0,2,95,97,2.06
September 30 2019,Liberty,GA,Passenger,1,0,1,131,132,0.76
April 30 2021,El Dorado,CA,Passenger,1,0,1,26,27,3.70
March 31 2021,San Juan,WA,Truck,0,0,0,6022,6022,0.00
May 31 2021,Sevier,AR,Passenger,0,1,1,0,1,100.00
May 31 2021,Shelby,OH,Passenger,0,1,1,0,1,100.00
August 31 2020,Pima,AZ,Passenger,2,1,3,279,282,1.06
April 30 2021,King,WA,Truck,42,1,43,187313,187356,0.02
April 30 2021,Kitsap,WA,Truck,6,0,6,55334,55340,0.01
May 31 2021,Skamania,WA,Passenger,47,34,81,8550,8631,0.94
October 31 2020,Jefferson,WA,Passenger,270,165,435,25183,25618,1.70
April 30 2021,Klamath,OR,Passenger,1,0,1,20,21,4.76
August 31 2020,Polk,FL,Passenger,1,0,1,60,61,1.64
March 31 2021,Spokane,WA,Truck,8,0,8,103050,103058,0.01
September 30 2019,Maricopa,AZ,Passenger,6,3,9,1274,1283,0.70
August 31 2020,Powhatan,VA,Passenger,1,0,1,0,1,100.00
April 30 2021,Glacier,MT,Passenger,0,1,1,4,5,20.00
October 31 2020,Klickitat,WA,Passenger,62,45,107,15392,15499,0.69
May 31 2021,Vigo,IN,Passenger,1,0,1,3,4,25.00
August 31 2020,Prince William,VA,Passenger,2,2,4,217,221,1.81
March 31 2021,Thurston,WA,Passenger,1523,866,2389,200201,202590,1.18
May 31 2021,Wahkiakum,WA,Passenger,13,8,21,3140,3161,0.66
April 30 2021,Lewis,WA,Truck,0,0,0,27251,27251,0.00
October 31 2019,Jefferson,WA,Truck,0,0,0,9883,9883,0.00
May 31 2021,Wahkiakum,WA,Truck,0,0,0,1823,1823,0.00
April 30 2021,Grays Harbor,WA,Passenger,173,137,310,49879,50189,0.62
September 30 2019,Mason,WA,Passenger,156,134,290,48448,48738,0.60
May 31 2021,Walla Walla,WA,Passenger,112,75,187,36994,37181,0.50
March 31 2021,Ventura,CA,Passenger,1,2,3,254,257,1.17
October 31 2019,Juneau,AK,Passenger,0,1,1,21,22,4.55
May 31 2021,Whatcom,WA,Passenger,1457,614,2071,152665,154736,1.34
August 31 2020,Saint Clair,IL,Passenger,1,0,1,139,140,0.71
May 31 2021,Whitman,WA,Truck,2,0,2,8672,8674,0.02
April 30 2021,Harnett,NC,Passenger,0,1,1,150,151,0.66
August 31 2020,San Francisco,CA,Passenger,2,1,3,82,85,3.53
May 31 2021,Williamson,TX,Passenger,1,0,1,75,76,1.32
October 31 2020,Mecklenburg,NC,Passenger,1,0,1,67,68,1.47
April 30 2021,Maui,HI,Passenger,1,0,1,26,27,3.70
April 30 2021,Hidalgo,TX,Passenger,0,1,1,56,57,1.75
August 31 2020,Skamania,WA,Truck,0,0,0,4167,4167,0.00
October 31 2020,Montgomery,OH,Passenger,0,1,1,59,60,1.67
August 31 2020,Spokane,WA,Passenger,827,539,1366,323794,325160,0.42
April 30 2021,Montgomery,PA,Passenger,1,0,1,16,17,5.88
June 30 2021,NULL,CA,Passenger,1,4,5,212,217,2.30
April 30 2021,Arapahoe,CO,Passenger,1,0,1,104,105,0.95
April 30 2021,New Castle,DE,Passenger,1,0,1,20,21,4.76
April 30 2021,Bay,FL,Passenger,1,0,1,30,31,3.23
October 31 2020,Nueces,TX,Passenger,1,0,1,78,79,1.27
June 30 2021,Bell,TX,Passenger,0,1,1,318,319,0.31
September 30 2019,Montgomery,AL,Passenger,0,2,2,38,40,5.00
October 31 2020,Okanogan,NULL,Passenger,42,31,73,20684,20757,0.35
April 30 2021,Bexar,TX,Passenger,3,5,8,454,462,1.73
June 30 2021,Bradley,TN,Passenger,0,1,1,0,1,100.00
April 30 2021,Kent,DE,Passenger,0,1,1,58,59,1.69
August 31 2020,Thurston,WA,Passenger,1285,803,2088,200509,202597,1.03
April 30 2021,Boone,MO,Passenger,0,1,1,6,7,14.29
September 30 2019,Moore,NC,Passenger,0,1,1,182,183,0.55
April 30 2021,Kittitas,WA,Truck,1,0,1,14997,14998,0.01
August 31 2020,Ventura,CA,Passenger,1,2,3,278,281,1.07
August 31 2020,Vigo,IN,Passenger,1,0,1,3,4,25.00
April 30 2021,Pennington,SD,Passenger,1,0,1,30,31,3.23
August 31 2020,Wahkiakum,WA,Truck,0,0,0,1784,1784,0.00
June 30 2021,Bryan,GA,Passenger,1,0,1,55,56,1.79
September 30 2019,New Castle,DE,Passenger,1,0,1,23,24,4.17
August 31 2020,Walla Walla,WA,Truck,0,0,0,14149,14149,0.00
June 30 2021,Carson City,NV,Passenger,1,0,1,10,11,9.09
April 30 2021,Platte,MO,Passenger,1,0,1,17,18,5.56
April 30 2021,Charleston,SC,Passenger,1,0,1,77,78,1.28
September 30 2019,Norfolk City,VA,Passenger,3,1,4,363,367,1.09
August 31 2020,Whatcom,WA,Truck,3,0,3,44304,44307,0.01
April 30 2021,Chelan,WA,Passenger,322,93,415,55383,55798,0.74
October 31 2019,Mason,WA,Truck,0,0,0,21067,21067,0.00
April 30 2021,Liberty,GA,Passenger,1,0,1,108,109,0.92
October 31 2020,Ramsey,MN,Passenger,1,0,1,28,29,3.45
April 30 2021,Saint Clair,IL,Passenger,1,0,1,130,131,0.76
June 30 2021,Clackamas,OR,Passenger,1,0,1,122,123,0.81
April 30 2021,Clark,WA,Truck,13,0,13,85336,85349,0.02
September 30 2020,NULL,CA,Passenger,1,2,3,215,218,1.38
September 30 2019,Ozaukee,WI,Passenger,0,1,1,3,4,25.00
October 31 2020,Saginaw,MI,Passenger,1,0,1,8,9,11.11
September 30 2020,Allegheny,PA,Passenger,1,0,1,56,57,1.75
April 30 2021,Skagit,WA,Passenger,591,288,879,93183,94062,0.93
April 30 2021,Cowlitz,WA,Passenger,226,145,371,73471,73842,0.50
June 30 2021,Cumberland,NC,Passenger,0,2,2,400,402,0.50
April 30 2021,Snohomish,WA,Passenger,5772,2042,7814,546488,554302,1.41
October 31 2020,San Juan,WA,Passenger,344,107,451,14348,14799,3.05
April 30 2021,Spokane,WA,Truck,14,0,14,103281,103295,0.01
April 30 2021,Dekalb,GA,Passenger,1,0,1,54,55,1.82
October 31 2020,San Mateo,CA,Passenger,0,1,1,99,100,1.00
April 30 2021,Stevens,WA,Passenger,43,42,85,31107,31192,0.27
September 30 2019,Pinal,AZ,Passenger,1,0,1,160,161,0.62
October 31 2019,Montgomery,MD,Passenger,0,4,4,270,274,1.46
September 30 2020,Bell,TX,Passenger,0,1,1,368,369,0.27
June 30 2021,District Of Columbia,DC,Passenger,3,2,5,200,205,2.44
October 31 2020,Shelby,OH,Passenger,0,1,1,1,2,50.00
April 30 2021,Douglas,WA,Truck,1,0,1,12804,12805,0.01
April 30 2021,Dupage,IL,Passenger,1,0,1,39,40,2.50
April 30 2021,Thurston,WA,Passenger,1588,875,2463,200373,202836,1.21
June 30 2021,Duval,FL,Passenger,0,1,1,280,281,0.36
October 31 2020,Skagit,WA,Truck,1,0,1,33470,33471,0.00
October 31 2019,Muscogee,GA,Passenger,0,1,1,181,182,0.55
April 30 2021,Monterey,CA,Passenger,1,0,1,158,159,0.63
April 30 2021,Erie,NY,Passenger,1,0,1,31,32,3.12
October 31 2020,Snohomish,WA,Truck,0,0,0,128215,128215,0.00
April 30 2021,Fairfax,VA,Passenger,5,6,11,634,645,1.71
September 30 2020,Boone,MO,Passenger,0,1,1,7,8,12.50
September 30 2020,Bradley,TN,Passenger,1,1,2,1,3,66.67
June 30 2021,Ferry,WA,Truck,0,0,0,3662,3662,0.00
June 30 2021,Flathead,MT,Passenger,1,0,1,30,31,3.23
September 30 2020,Bryan,GA,Passenger,1,0,1,58,59,1.69
October 31 2020,Stevens,WA,Truck,0,0,0,19201,19201,0.00
June 30 2021,Garfield,WA,Passenger,0,3,3,1374,1377,0.22
October 31 2019,Norfolk City,VA,Passenger,3,1,4,362,366,1.09
June 30 2021,Garfield,WA,Truck,0,0,0,1007,1007,0.00
April 30 2021,Fulton,GA,Passenger,0,1,1,68,69,1.45
October 31 2019,Oldham,KY,Passenger,0,1,1,4,5,20.00
June 30 2021,Goochland,VA,Passenger,3,0,3,108,111,2.70
September 30 2020,Camden,GA,Passenger,1,1,2,135,137,1.46
October 31 2019,Orange,CA,Passenger,6,2,8,506,514,1.56
April 30 2021,Grant,WA,Passenger,105,93,198,67809,68007,0.29
April 30 2021,Okanogan,NULL,Truck,2,0,2,13098,13100,0.02
June 30 2021,Harnett,NC,Passenger,0,1,1,139,140,0.71
October 31 2020,Thurston,WA,Truck,0,0,0,57272,57272,0.00
April 30 2021,Hennepin,MN,Passenger,1,0,1,63,64,1.56
October 31 2019,Pacific,WA,Passenger,40,31,71,16363,16434,0.43
October 31 2020,Tipton,TN,Passenger,1,0,1,12,13,7.69
April 30 2021,Otero,NM,Passenger,0,1,1,33,34,2.94
April 30 2021,Ozaukee,WI,Passenger,0,1,1,3,4,25.00
September 30 2019,San Diego,CA,Passenger,8,7,15,2797,2812,0.53
April 30 2021,Howard,IN,Passenger,0,1,1,2,3,33.33
April 30 2021,Palm Beach,FL,Passenger,1,0,1,51,52,1.92
October 31 2019,Pierce,WA,Passenger,2295,1738,4033,557134,561167,0.72
April 30 2021,Pend Oreille,WA,Passenger,14,5,19,9460,9479,0.20
April 30 2021,Island,WA,Truck,2,0,2,21860,21862,0.01
September 30 2019,Sarasota,FL,Passenger,1,0,1,24,25,4.00
October 31 2019,Pinellas,FL,Passenger,1,1,2,87,89,2.25
June 30 2021,Kitsap,WA,Passenger,1929,861,2790,182459,185249,1.51
April 30 2021,Plaquemines,LA,Passenger,0,1,1,19,20,5.00
May 31 2021,NULL,NULL,Truck,1,0,1,291,292,0.34
June 30 2021,Kittitas,WA,Truck,1,0,1,14922,14923,0.01
October 31 2020,Washoe,NV,Passenger,1,0,1,71,72,1.39
September 30 2020,Davidson,TN,Passenger,1,0,1,50,51,1.96
May 31 2021,NULL,WA,Passenger,0,0,0,2,2,0.00
April 30 2021,Jefferson,WA,Truck,0,0,0,9761,9761,0.00
September 30 2019,Shelby,TN,Passenger,0,1,1,94,95,1.05
September 30 2020,Dekalb,GA,Passenger,1,0,1,70,71,1.41
September 30 2020,District Of Columbia,DC,Passenger,2,2,4,203,207,1.93
May 31 2021,Alameda,CA,Passenger,2,0,2,202,204,0.98
October 31 2020,Whitman,WA,Truck,0,0,0,8681,8681,0.00
September 30 2020,Douglas,NE,Passenger,0,1,1,42,43,2.33
October 31 2020,Williams,ND,Passenger,0,1,1,12,13,7.69
May 31 2021,Albemarle,VA,Passenger,1,0,1,21,22,4.55
April 30 2021,Klickitat,WA,Truck,1,0,1,8397,8398,0.01
May 31 2021,Benton,WA,Passenger,517,395,912,137689,138601,0.66
October 31 2020,Yakima,WA,Passenger,173,131,304,170749,171053,0.18
May 31 2021,Bexar,TX,Passenger,2,4,6,443,449,1.34
September 30 2020,Flathead,MT,Passenger,1,0,1,47,48,2.08
April 30 2021,Saint Louis,MO,Passenger,1,0,1,53,54,1.85
October 31 2019,Santa Rosa,FL,Passenger,1,0,1,81,82,1.22
April 30 2021,Saint Louis City,MO,Passenger,1,0,1,19,20,5.00
April 30 2021,Lincoln,WA,Truck,0,0,0,4821,4821,0.00
June 30 2021,Missoula,MT,Passenger,1,0,1,41,42,2.38
September 30 2019,Valencia,NM,Passenger,1,0,1,4,5,20.00
April 30 2021,Los Angeles,CA,Passenger,7,7,14,792,806,1.74
September 30 2020,Garfield,WA,Truck,0,0,0,1010,1010,0.00
April 30 2021,Sarpy,NE,Passenger,1,0,1,57,58,1.72
May 31 2021,Chelan,WA,Passenger,331,97,428,55347,55775,0.77
April 30 2021,Sevier,AR,Passenger,0,1,1,0,1,100.00
May 31 2021,Clallam,WA,Passenger,336,211,547,51014,51561,1.06
April 30 2021,Skamania,WA,Passenger,44,32,76,8533,8609,0.88
October 31 2019,Spartanburg,SC,Passenger,0,1,1,33,34,2.94
November 30 2020,Bryan,GA,Passenger,1,0,1,57,58,1.72
April 30 2021,Montgomery,MD,Passenger,2,4,6,211,217,2.76
April 30 2021,Sumter,FL,Passenger,0,1,1,8,9,11.11
May 31 2021,Cowlitz,WA,Truck,2,0,2,29530,29532,0.01
October 31 2019,Twin Falls,ID,Passenger,0,1,1,24,25,4.00
September 30 2020,Jefferson,WA,Passenger,269,162,431,25191,25622,1.68
April 30 2021,Pacific,WA,Truck,0,0,0,8018,8018,0.00
September 30 2020,Kent,DE,Passenger,0,1,1,61,62,1.61
April 30 2021,Travis,TX,Passenger,1,0,1,125,126,0.79
September 30 2020,Kitsap,WA,Truck,0,0,0,55298,55298,0.00
September 30 2020,Kittitas,WA,Truck,0,0,0,14961,14961,0.00
June 30 2021,Saint Louis,MO,Passenger,1,0,1,43,44,2.27
September 30 2020,Klamath,OR,Passenger,1,0,1,22,23,4.35
May 31 2021,Douglas,WA,Truck,2,0,2,12804,12806,0.02
May 31 2021,El Paso,TX,Passenger,2,0,2,360,362,0.55
April 30 2021,Pima,AZ,Passenger,1,1,2,228,230,0.87
September 30 2020,Kootenai,ID,Passenger,1,0,1,190,191,0.52
November 30 2020,Chelan,WA,Truck,0,0,0,23257,23257,0.00
April 30 2021,Pinellas,FL,Passenger,1,1,2,61,63,3.17
November 30 2020,Chesapeake City,VA,Passenger,0,3,3,387,390,0.77
September 30 2020,Leon,FL,Passenger,1,0,1,8,9,11.11
April 30 2021,Wahkiakum,WA,Passenger,11,7,18,3145,3163,0.57
June 30 2021,Santa Barbara,CA,Passenger,1,0,1,73,74,1.35
April 30 2021,Polk,FL,Passenger,1,0,1,50,51,1.96
April 30 2021,Powhatan,VA,Passenger,1,0,1,1,2,50.00
October 31 2019,Wayne,MI,Passenger,0,1,1,61,62,1.61
November 30 2020,Clackamas,OR,Passenger,1,0,1,141,142,0.70
October 31 2019,Bryan,GA,Passenger,1,0,1,59,60,1.67
October 31 2019,Whitman,WA,Passenger,39,48,87,23132,23219,0.37
May 31 2021,Grant,WA,Truck,1,0,1,28339,28340,0.00
June 30 2021,Snohomish,WA,Passenger,6053,2107,8160,544479,552639,1.48
May 31 2021,Greene,MO,Passenger,0,1,1,19,20,5.00
September 30 2020,Maui,HI,Passenger,1,0,1,28,29,3.45
October 31 2019,Calvert,MD,Passenger,0,2,2,94,96,2.08
June 30 2021,Stevens,WA,Passenger,49,44,93,30863,30956,0.30
June 30 2021,Suffolk City,VA,Passenger,1,0,1,115,116,0.86
May 31 2021,Hamilton,IN,Passenger,1,0,1,26,27,3.70
September 30 2020,Mecklenburg,NC,Passenger,1,0,1,68,69,1.45
April 30 2021,San Bernardino,CA,Passenger,0,1,1,376,377,0.27
November 30 2019,Ada,ID,Passenger,0,1,1,267,268,0.37
June 30 2021,Sumter,FL,Passenger,0,1,1,6,7,14.29
April 30 2021,San Francisco,CA,Passenger,1,1,2,81,83,2.41
April 30 2021,Whatcom,WA,Passenger,1426,603,2029,153148,155177,1.31
November 30 2019,Alameda,CA,Passenger,4,0,4,270,274,1.46
April 30 2021,Santa Cruz,CA,Passenger,1,0,1,25,26,3.85
June 30 2021,Travis,TX,Passenger,1,0,1,116,117,0.85
April 30 2021,Yakima,WA,Truck,2,0,2,62773,62775,0.00
October 31 2019,Chesapeake City,VA,Passenger,0,1,1,434,435,0.23
September 30 2020,Muscogee,GA,Passenger,0,1,1,164,165,0.61
November 30 2019,Anne Arundel,MD,Passenger,1,3,4,431,435,0.92
October 31 2019,Clackamas,OR,Passenger,1,1,2,189,191,1.05
May 31 2021,Island,WA,Truck,3,0,3,21853,21856,0.01
November 30 2019,Asotin,WA,Passenger,14,9,23,12972,12995,0.18
November 30 2020,Denver,CO,Passenger,1,0,1,97,98,1.02
April 30 2021,Spokane,WA,Passenger,1049,646,1695,328949,330644,0.51
May 31 2021,Alexandria City,VA,Passenger,4,0,4,130,134,2.99
October 31 2019,Clark,WA,Passenger,1899,1061,2960,322652,325612,0.91
November 30 2020,Deschutes,OR,Passenger,1,0,1,100,101,0.99
September 30 2020,Palm Beach,FL,Passenger,0,1,1,61,62,1.61
June 30 2021,Yakima,WA,Truck,2,0,2,62554,62556,0.00
May 31 2021,King,WA,Truck,57,1,58,186659,186717,0.03
April 30 2021,Ventura,CA,Passenger,1,2,3,256,259,1.16
July 31 2021,Arapahoe,CO,Passenger,1,0,1,89,90,1.11
April 30 2021,Vigo,IN,Passenger,1,0,1,3,4,25.00
May 31 2021,Boulder,CO,Passenger,0,1,1,29,30,3.33
July 31 2021,Bay,FL,Passenger,1,0,1,27,28,3.57
July 31 2021,Bexar,TX,Passenger,2,4,6,420,426,1.41
November 30 2019,Bucks,PA,Passenger,1,0,1,21,22,4.55
April 30 2021,Walla Walla,WA,Truck,0,0,0,14297,14297,0.00
November 30 2020,Fresno,CA,Passenger,1,0,1,157,158,0.63
September 30 2020,Saint Louis City,MO,Passenger,1,0,1,22,23,4.35
November 30 2020,Garfield,WA,Truck,0,0,0,1021,1021,0.00
May 31 2021,Bryan,GA,Passenger,1,0,1,55,56,1.79
April 30 2021,Westchester,NY,Passenger,0,1,1,18,19,5.26
November 30 2019,Calvert,MD,Passenger,0,2,2,94,96,2.08
November 30 2020,Goochland,VA,Passenger,3,1,4,143,147,2.72
April 30 2021,Whitman,WA,Passenger,61,47,108,22320,22428,0.48
October 31 2019,Douglas,WA,Passenger,64,38,102,28807,28909,0.35
July 31 2021,Charles,MD,Truck,1,0,1,12,13,7.69
April 30 2021,Wichita,TX,Passenger,1,0,1,37,38,2.63
May 31 2021,Montgomery,AL,Passenger,0,1,1,31,32,3.12
May 31 2021,Montgomery,OH,Passenger,0,1,1,63,64,1.56
May 31 2021,Montgomery,TX,Passenger,0,1,1,29,30,3.33
July 31 2021,Chelan,WA,Passenger,358,100,458,55118,55576,0.82
September 30 2020,Skagit,WA,Passenger,481,252,733,93329,94062,0.78
May 31 2021,Chelan,WA,Truck,2,0,2,23321,23323,0.01
September 30 2020,Snohomish,WA,Passenger,4894,1919,6813,546367,553180,1.23
September 30 2020,Snohomish,WA,Truck,0,0,0,127954,127954,0.00
October 31 2019,Flathead,MT,Passenger,1,0,1,54,55,1.82
May 31 2021,Clackamas,OR,Passenger,1,0,1,126,127,0.79
July 31 2021,Clark,WA,Truck,31,0,31,84831,84862,0.04
May 31 2021,Bartow,GA,Passenger,0,1,1,3,4,25.00
September 30 2020,Stevens,WA,Truck,0,0,0,19226,19226,0.00
September 30 2020,Sumter,FL,Passenger,0,1,1,10,11,9.09
October 31 2019,Garfield,WA,Truck,0,0,0,986,986,0.00
November 30 2019,Cowlitz,WA,Truck,0,0,0,29835,29835,0.00
November 30 2020,Jefferson,WA,Passenger,286,166,452,25184,25636,1.76
October 31 2019,Goochland,VA,Passenger,3,1,4,183,187,2.14
May 31 2021,Prince William,VA,Passenger,1,1,2,205,207,0.97
July 31 2021,Cowlitz,WA,Passenger,245,158,403,72836,73239,0.55
September 30 2020,Travis,TX,Passenger,1,2,3,142,145,2.07
May 31 2021,Denver,CO,Passenger,1,0,1,87,88,1.14
May 31 2021,Deschutes,OR,Passenger,1,0,1,85,86,1.16
November 30 2020,Kern,CA,Passenger,1,1,2,209,211,0.95
July 31 2021,Douglas,WA,Truck,2,0,2,12770,12772,0.02
May 31 2021,Sacramento,CA,Passenger,2,0,2,199,201,1.00
May 31 2021,Saint Clair,IL,Passenger,1,0,1,128,129,0.78
July 31 2021,Erie,NY,Passenger,1,0,1,29,30,3.33
November 30 2019,Douglas,WA,Passenger,66,38,104,28826,28930,0.36
May 31 2021,Carroll,MD,Passenger,0,1,1,12,13,7.69
November 30 2020,Kitsap,WA,Passenger,1605,759,2364,183175,185539,1.27
October 31 2019,Howard,MD,Passenger,0,1,1,90,91,1.10
May 31 2021,Chaves,NM,Passenger,1,0,1,7,8,12.50
May 31 2021,Douglas,OR,Passenger,1,0,1,28,29,3.45
July 31 2021,Fairfax,VA,Passenger,5,6,11,610,621,1.77
November 30 2019,El Paso,TX,Passenger,2,0,2,461,463,0.43
October 31 2019,Island,WA,Passenger,381,267,648,64713,65361,0.99
November 30 2020,Leavenworth,KS,Passenger,0,1,1,119,120,0.83
May 31 2021,Spokane,WA,Truck,16,0,16,103190,103206,0.02
November 30 2019,Fairbanks North Star,AK,Passenger,0,1,1,98,99,1.01
November 30 2020,Lewis,WA,Passenger,131,124,255,59700,59955,0.43
May 31 2021,Stafford,VA,Passenger,2,0,2,84,86,2.33
October 31 2020,Ada,ID,Passenger,0,1,1,223,224,0.45
May 31 2021,Columbia,GA,Passenger,1,0,1,119,120,0.83
July 31 2021,Grant,WA,Passenger,122,97,219,67490,67709,0.32
October 31 2020,Alameda,CA,Passenger,1,0,1,231,232,0.43
November 30 2020,Lincoln,WA,Passenger,6,11,17,7790,7807,0.22
October 31 2019,Jefferson,WA,Passenger,223,137,360,25575,25935,1.39
May 31 2021,Thurston,WA,Passenger,1633,890,2523,200070,202593,1.25
November 30 2019,Fairfax,VA,Passenger,3,3,6,726,732,0.82
July 31 2021,Hamilton,IN,Passenger,1,0,1,24,25,4.00
July 31 2021,Hillsborough,FL,Passenger,0,1,1,121,122,0.82
October 31 2020,Bexar,TX,Passenger,4,5,9,499,508,1.77
July 31 2021,Howard,IN,Passenger,0,1,1,3,4,25.00
May 31 2021,Goochland,VA,Passenger,3,0,3,117,120,2.50
October 31 2019,Kitsap,WA,Passenger,1256,675,1931,185168,187099,1.03
November 30 2019,Ferry,WA,Passenger,5,2,7,4580,4587,0.15
May 31 2021,Walla Walla,WA,Truck,1,0,1,14262,14263,0.01
November 30 2020,Manassas City,VA,Passenger,0,1,1,5,6,16.67
May 31 2021,El Paso,CO,Passenger,1,0,1,584,585,0.17
July 31 2021,Island,WA,Truck,7,0,7,21736,21743,0.03
October 31 2019,Kitsap,WA,Truck,1,0,1,55592,55593,0.00
May 31 2021,Williams,ND,Passenger,0,1,1,8,9,11.11
May 31 2021,Fairbanks North Star,AK,Passenger,0,1,1,82,83,1.20
November 30 2020,Mason,WA,Truck,0,0,0,21350,21350,0.00
November 30 2019,Franklin,WA,Passenger,61,80,141,62024,62165,0.23
May 31 2021,Ferry,WA,Passenger,9,3,12,4451,4463,0.27
July 31 2021,King,WA,Passenger,32055,9339,41394,1374777,1416171,2.92
October 31 2020,Chelan,WA,Truck,0,0,0,23277,23277,0.00
November 30 2020,Mecklenburg,NC,Passenger,1,0,1,66,67,1.49
May 31 2021,Fresno,CA,Passenger,1,0,1,155,156,0.64
July 31 2021,Klickitat,WA,Passenger,79,49,128,15507,15635,0.82
July 31 2021,Klickitat,WA,Truck,1,0,1,8382,8383,0.01
June 30 2021,Allegheny,PA,Passenger,1,0,1,51,52,1.92
October 31 2019,Lincoln,WA,Passenger,4,11,15,8034,8049,0.19
May 31 2021,Grays Harbor,WA,Truck,2,0,2,21605,21607,0.01
July 31 2021,Lincoln,WA,Truck,0,0,0,4793,4793,0.00
October 31 2019,Lincoln,WA,Truck,0,0,0,4820,4820,0.00
November 30 2019,Grant,WA,Truck,0,0,0,27852,27852,0.00
November 30 2019,Grays Harbor,WA,Truck,0,0,0,21231,21231,0.00
May 31 2021,Harrison,MS,Passenger,2,0,2,49,51,3.92
June 30 2021,Asotin,WA,Truck,1,0,1,6850,6851,0.01
May 31 2021,Kern,CA,Passenger,1,1,2,194,196,1.02
November 30 2020,Nassau,FL,Passenger,1,0,1,22,23,4.35
November 30 2019,Harrison,MS,Passenger,1,0,1,62,63,1.59
October 31 2020,Cowlitz,WA,Passenger,170,136,306,73479,73785,0.41
May 31 2021,King,WA,Passenger,30647,8999,39646,1381293,1420939,2.79
October 31 2020,Cowlitz,WA,Truck,0,0,0,29598,29598,0.00
May 31 2021,Kitsap,WA,Passenger,1874,842,2716,182744,185460,1.46
June 30 2021,Boone,MO,Passenger,0,1,1,5,6,16.67
November 30 2020,Okanogan,WA,Passenger,7,7,14,5886,5900,0.24
July 31 2021,Montgomery,OH,Passenger,0,1,1,61,62,1.61
November 30 2019,Howard,MD,Passenger,0,1,1,87,88,1.14
November 30 2020,Oldham,KY,Passenger,0,1,1,4,5,20.00
July 31 2021,Montgomery,TX,Passenger,0,1,1,24,25,4.00
October 31 2020,Denver,CO,Passenger,1,0,1,97,98,1.02
November 30 2020,Orange,CA,Passenger,3,2,5,435,440,1.14
November 30 2019,Island,WA,Passenger,384,269,653,64778,65431,1.00
June 30 2021,Caddo,LA,Passenger,1,0,1,8,9,11.11
October 31 2019,Mecklenburg,NC,Passenger,1,0,1,81,82,1.22
October 31 2020,El Paso,TX,Passenger,2,0,2,402,404,0.50
November 30 2020,Pierce,WA,Passenger,3007,1877,4884,564554,569438,0.86
July 31 2021,Pacific,WA,Truck,0,0,0,8007,8007,0.00
June 30 2021,Chaves,NM,Passenger,1,0,1,7,8,12.50
May 31 2021,Leavenworth,KS,Passenger,0,1,1,111,112,0.89
July 31 2021,Philadelphia,PA,Passenger,1,0,1,39,40,2.50
July 31 2021,Pima,AZ,Passenger,1,1,2,198,200,1.00
May 31 2021,Lewis,WA,Passenger,168,141,309,60362,60671,0.51
July 31 2021,Polk,FL,Passenger,1,0,1,48,49,2.04
October 31 2020,Franklin,WA,Passenger,79,82,161,62323,62484,0.26
May 31 2021,Maricopa,AZ,Passenger,2,2,4,832,836,0.48
November 30 2019,King,WA,Truck,7,1,8,186940,186948,0.00
October 31 2020,Fulton,GA,Passenger,1,2,3,79,82,3.66
June 30 2021,Davidson,TN,Passenger,1,0,1,37,38,2.63
November 30 2020,Putnam,TN,Passenger,0,1,1,1,2,50.00
June 30 2021,Dekalb,GA,Passenger,1,0,1,49,50,2.00
November 30 2019,Kittitas,WA,Passenger,95,48,143,30673,30816,0.46
July 31 2021,Powhatan,VA,Passenger,1,0,1,1,2,50.00
May 31 2021,Milwaukee,WI,Passenger,1,0,1,33,34,2.94
October 31 2019,Nassau,NY,Passenger,2,0,2,31,33,6.06
July 31 2021,Prince William,VA,Passenger,1,1,2,195,197,1.02
May 31 2021,Lincoln,WA,Passenger,7,13,20,7832,7852,0.25
October 31 2020,Grant,WA,Passenger,74,86,160,67237,67397,0.24
October 31 2020,Grant,WA,Truck,0,0,0,28168,28168,0.00
October 31 2020,Grays Harbor,WA,Passenger,134,120,254,49291,49545,0.51
November 30 2020,Riley,KS,Passenger,1,0,1,59,60,1.67
November 30 2019,Lewis,WA,Truck,0,0,0,26874,26874,0.00
July 31 2021,San Francisco,CA,Passenger,0,1,1,73,74,1.35
November 30 2019,Lincoln,WA,Truck,0,0,0,4826,4826,0.00
May 31 2021,New Castle,DE,Passenger,1,0,1,19,20,5.00
May 31 2021,Norfolk City,VA,Passenger,2,1,3,319,322,0.93
May 31 2021,Manassas City,VA,Passenger,0,1,1,5,6,16.67
June 30 2021,Franklin,WA,Truck,0,0,0,20939,20939,0.00
June 30 2021,Fresno,CA,Passenger,1,0,1,154,155,0.65
July 31 2021,Skamania,WA,Truck,0,0,0,4076,4076,0.00
May 31 2021,Mason,WA,Truck,2,0,2,21582,21584,0.01
July 31 2021,Spokane,WA,Passenger,1160,689,1849,328166,330015,0.56
November 30 2020,Shelby,OH,Passenger,0,1,1,1,2,50.00
November 30 2019,Maricopa,AZ,Passenger,5,4,9,1238,1247,0.72
May 31 2021,Orange,FL,Passenger,1,0,1,94,95,1.05
October 31 2020,Kent,MI,Passenger,0,1,1,18,19,5.26
October 31 2019,Riley,KS,Passenger,1,0,1,63,64,1.56
November 30 2020,Stevens,WA,Truck,0,0,0,19170,19170,0.00
October 31 2020,Kern,CA,Passenger,1,1,2,212,214,0.93
July 31 2021,Ventura,CA,Passenger,1,2,3,238,241,1.24
October 31 2020,King,WA,Passenger,26586,8299,34885,1394092,1428977,2.44
June 30 2021,Jefferson,WA,Passenger,340,190,530,25118,25648,2.07
July 31 2021,Vigo,IN,Passenger,1,0,1,3,4,25.00
October 31 2020,King,WA,Truck,6,1,7,187787,187794,0.00
July 31 2021,Wahkiakum,WA,Truck,0,0,0,1813,1813,0.00
October 31 2020,Klickitat,WA,Truck,0,0,0,8335,8335,0.00
June 30 2021,Kent,DE,Passenger,0,1,1,58,59,1.69
November 30 2019,Montgomery,PA,Passenger,1,0,1,24,25,4.00
November 30 2020,Thurston,WA,Truck,0,0,0,57260,57260,0.00
July 31 2021,Walla Walla,WA,Truck,1,0,1,14215,14216,0.01
October 31 2020,Larimer,CO,Passenger,0,1,1,33,34,2.94
November 30 2020,Tipton,TN,Passenger,1,0,1,12,13,7.69
October 31 2020,Leavenworth,KS,Passenger,0,1,1,120,121,0.83
November 30 2019,Nassau,NY,Passenger,2,0,2,32,34,5.88
May 31 2021,Nassau,FL,Passenger,1,0,1,15,16,6.25
July 31 2021,Whatcom,WA,Truck,12,0,12,44174,44186,0.03
October 31 2020,Lewis,WA,Passenger,128,122,250,59530,59780,0.42
November 30 2019,New Castle,DE,Passenger,1,0,1,23,24,4.17
May 31 2021,Queens,NY,Passenger,1,0,1,43,44,2.27
May 31 2021,Saginaw,MI,Passenger,1,0,1,7,8,12.50
May 31 2021,Okanogan,WA,Passenger,13,5,18,5879,5897,0.31
August 31 2021,NULL,NULL,Passenger,7,5,12,1440,1452,0.83
May 31 2021,Oldham,KY,Passenger,0,1,1,4,5,20.00
August 31 2021,Adams,WA,Passenger,16,16,32,13108,13140,0.24
August 31 2021,Adams,WA,Truck,0,0,0,5461,5461,0.00
May 31 2021,Orange,CA,Passenger,3,2,5,402,407,1.23
June 30 2021,Los Angeles,CA,Passenger,7,7,14,750,764,1.83
May 31 2021,San Diego,CA,Passenger,15,8,23,2508,2531,0.91
October 31 2019,Shasta,CA,Passenger,1,0,1,42,43,2.33
August 31 2021,Arlington,VA,Passenger,0,1,1,112,113,0.88
May 31 2021,San Juan,WA,Passenger,426,134,560,14437,14997,3.73
October 31 2019,Shelby,OH,Passenger,0,1,1,1,2,50.00
May 31 2021,San Juan,WA,Truck,0,0,0,6025,6025,0.00
May 31 2021,Philadelphia,PA,Passenger,1,0,1,42,43,2.33
August 31 2021,Bartow,GA,Passenger,0,1,1,2,3,33.33
November 30 2019,Pend Oreille,WA,Truck,0,0,0,5976,5976,0.00
October 31 2019,Snohomish,WA,Truck,0,0,0,126621,126621,0.00
June 30 2021,Mecklenburg,NC,Passenger,1,0,1,65,66,1.52
May 31 2021,Pierce,WA,Passenger,3613,2028,5641,565572,571213,0.99
October 31 2020,Montgomery,PA,Passenger,1,0,1,17,18,5.56
June 30 2021,Monterey,CA,Passenger,1,0,1,153,154,0.65
October 31 2019,Stevens,WA,Truck,0,0,0,19431,19431,0.00
May 31 2021,Placer,CA,Passenger,1,0,1,67,68,1.47
June 30 2021,Moore,NC,Passenger,0,1,1,124,125,0.80
June 30 2021,Nueces,TX,Passenger,1,0,1,66,67,1.49
May 31 2021,Thurston,WA,Truck,17,0,17,57137,57154,0.03
May 31 2021,Tipton,TN,Passenger,1,0,1,11,12,8.33
June 30 2021,Palm Beach,FL,Passenger,1,0,1,47,48,2.08
August 31 2021,Carroll,MD,Passenger,0,1,1,10,11,9.09
May 31 2021,Riley,KS,Passenger,1,0,1,50,51,1.96
August 31 2021,Columbia,GA,Passenger,1,0,1,107,108,0.93
August 31 2021,Contra Costa,CA,Passenger,1,0,1,136,137,0.73
May 31 2021,Wilson,NC,Passenger,1,0,1,0,1,100.00
June 30 2021,Saginaw,MI,Passenger,1,0,1,6,7,14.29
October 31 2020,Prince William,VA,Passenger,2,2,4,216,220,1.82
November 30 2019,Sangamon,IL,Passenger,1,0,1,5,6,16.67
June 30 2021,Saint Louis City,MO,Passenger,1,0,1,18,19,5.26
May 31 2021,Yamhill,OR,Passenger,1,0,1,32,33,3.03
December 31 2020,Carson City,NV,Passenger,1,0,1,11,12,8.33
October 31 2019,Walla Walla,WA,Passenger,63,63,126,37063,37189,0.34
June 30 2021,San Juan,WA,Passenger,430,136,566,14439,15005,3.77
October 31 2020,Saint Clair,IL,Passenger,1,0,1,133,134,0.75
December 31 2020,Charleston,SC,Passenger,1,0,1,82,83,1.20
June 30 2021,Alameda,CA,Passenger,2,0,2,201,203,0.99
May 31 2021,Sarasota,FL,Passenger,1,0,1,21,22,4.55
August 31 2021,El Paso,CO,Passenger,1,0,1,543,544,0.18
June 30 2021,Santa Cruz,CA,Passenger,1,0,1,22,23,4.35
October 31 2019,Whitman,WA,Truck,0,0,0,8843,8843,0.00
June 30 2021,Snohomish,WA,Truck,30,0,30,127571,127601,0.02
October 31 2020,Spokane,WA,Truck,0,0,0,102353,102353,0.00
December 31 2020,Clark,WA,Truck,0,0,0,85166,85166,0.00
June 30 2021,Bexar,TX,Passenger,2,4,6,434,440,1.36
August 31 2021,Frederick,MD,Passenger,2,1,3,66,69,4.35
October 31 2019,Williamson,TX,Passenger,1,0,1,117,118,0.85
May 31 2021,Skamania,WA,Truck,0,0,0,4098,4098,0.00
June 30 2021,Stevens,WA,Truck,0,0,0,19149,19149,0.00
June 30 2021,Boulder,CO,Passenger,0,1,1,27,28,3.57
October 31 2020,Thurston,WA,Passenger,1349,812,2161,200643,202804,1.07
May 31 2021,Suffolk City,VA,Passenger,1,0,1,116,117,0.85
December 31 2020,Cowlitz,WA,Passenger,188,139,327,73458,73785,0.44
November 30 2019,NULL,WA,Passenger,0,0,0,4,4,0.00
October 31 2020,Ventura,CA,Passenger,1,1,2,268,270,0.74
November 30 2019,Alexandria City,VA,Passenger,4,0,4,142,146,2.74
August 31 2021,Harris,TX,Passenger,1,0,1,138,139,0.72
December 31 2020,Cumberland,NC,Passenger,0,3,3,436,439,0.68
June 30 2021,Thurston,WA,Truck,20,0,20,56954,56974,0.04
August 31 2021,Hidalgo,TX,Passenger,0,1,1,51,52,1.92
June 30 2021,Chelan,WA,Truck,2,0,2,23281,23283,0.01
November 30 2019,Wahkiakum,WA,Truck,0,0,0,1795,1795,0.00
August 31 2021,Honolulu,HI,Passenger,4,1,5,282,287,1.74
November 30 2019,Walla Walla,WA,Passenger,65,62,127,37043,37170,0.34
June 30 2021,Clark,NV,Passenger,4,1,5,519,524,0.95
June 30 2021,Washoe,NV,Passenger,1,0,1,57,58,1.72
November 30 2019,Benton,WA,Passenger,321,319,640,137629,138269,0.46
November 30 2019,Washtenaw,MI,Passenger,1,0,1,31,32,3.12
August 31 2021,Kings,NY,Passenger,1,0,1,48,49,2.04
June 30 2021,Cowlitz,WA,Truck,3,0,3,29460,29463,0.01
May 31 2021,Whatcom,WA,Truck,9,0,9,44408,44417,0.02
November 30 2019,Brevard,FL,Passenger,0,1,1,73,74,1.35
November 30 2020,Anchorage,AK,Passenger,1,0,1,136,137,0.73
December 31 2020,Dupage,IL,Passenger,1,0,1,40,41,2.44
June 30 2021,Wichita,TX,Passenger,1,0,1,35,36,2.78
August 31 2021,Lake,IL,Passenger,1,0,1,148,149,0.67
June 30 2021,Yakima,WA,Passenger,240,163,403,171219,171622,0.23
November 30 2019,Williamson,TX,Passenger,1,0,1,118,119,0.84
June 30 2021,Yamhill,OR,Passenger,1,0,1,31,32,3.12
August 31 2021,Liberty,GA,Passenger,1,0,1,97,98,1.02
June 30 2021,Denver,CO,Passenger,1,0,1,87,88,1.14
November 30 2019,Chaves,NM,Passenger,1,0,1,9,10,10.00
June 30 2021,Alexandria City,VA,Passenger,4,0,4,123,127,3.15
July 31 2021,Benton,WA,Truck,10,0,10,44009,44019,0.02
December 31 2019,Adams,WA,Passenger,6,8,14,13280,13294,0.11
December 31 2020,Glacier,MT,Passenger,0,1,1,4,5,20.00
November 30 2020,Boone,MO,Passenger,0,1,1,7,8,12.50
November 30 2019,Clackamas,OR,Passenger,1,1,2,186,188,1.06
June 30 2021,Anchorage,AK,Passenger,1,0,1,123,124,0.81
November 30 2020,Boulder,CO,Passenger,1,1,2,30,32,6.25
November 30 2019,Clallam,WA,Passenger,208,155,363,51737,52100,0.70
December 31 2020,Grant,WA,Passenger,82,86,168,67362,67530,0.25
December 31 2019,Albemarle,VA,Passenger,1,0,1,31,32,3.12
June 30 2021,Bartow,GA,Passenger,0,1,1,2,3,33.33
August 31 2021,Mason,WA,Passenger,253,155,408,48239,48647,0.84
November 30 2020,Camden,GA,Passenger,1,1,2,133,135,1.48
December 31 2020,Grays Harbor,WA,Passenger,144,125,269,49378,49647,0.54
June 30 2021,El Paso,TX,Passenger,2,0,2,353,355,0.56
July 31 2021,Charles,MD,Passenger,1,1,2,59,61,3.28
July 31 2021,Chelan,WA,Truck,4,0,4,23220,23224,0.02
August 31 2021,Norfolk City,VA,Passenger,1,1,2,296,298,0.67
July 31 2021,Chesapeake City,VA,Passenger,0,3,3,348,351,0.85
November 30 2020,Columbia,WA,Passenger,4,3,7,2507,2514,0.28
August 31 2021,Okanogan,WA,Truck,0,0,0,3912,3912,0.00
December 31 2019,Benton,WA,Passenger,326,318,644,137788,138432,0.47
June 30 2021,Bucks,PA,Passenger,1,0,1,17,18,5.56
June 30 2021,Grant,WA,Truck,1,0,1,28307,28308,0.00
July 31 2021,Clallam,WA,Truck,3,0,3,22205,22208,0.01
November 30 2020,Dekalb,GA,Passenger,1,0,1,64,65,1.54
August 31 2021,Orange,FL,Passenger,1,0,1,84,85,1.18
July 31 2021,Clark,WA,Passenger,3099,1477,4576,324678,329254,1.39
December 31 2020,Hennepin,MN,Passenger,1,0,1,71,72,1.39
August 31 2021,Ozaukee,WI,Passenger,0,1,1,3,4,25.00
November 30 2020,Douglas,NE,Passenger,0,1,1,42,43,2.33
December 31 2020,Howard,IN,Passenger,0,1,1,2,3,33.33
June 30 2021,Camden,GA,Passenger,1,0,1,121,122,0.82
November 30 2020,Douglas,OR,Passenger,1,0,1,36,37,2.70
November 30 2020,Dupage,IL,Passenger,2,0,2,41,43,4.65
December 31 2019,Bucks,PA,Passenger,1,0,1,20,21,4.76
June 30 2021,Charles,MD,Truck,1,0,1,12,13,7.69
August 31 2021,Pierce,WA,Truck,40,0,40,146154,146194,0.03
November 30 2019,Duval,FL,Passenger,1,1,2,348,350,0.57
June 30 2021,Island,WA,Truck,4,0,4,21834,21838,0.02
December 31 2020,Jefferson,WA,Truck,0,0,0,9776,9776,0.00
July 31 2021,Denver,CO,Passenger,1,0,1,83,84,1.19
June 30 2021,Jones,GA,Passenger,1,0,1,1,2,50.00
November 30 2020,Guadalupe,TX,Passenger,1,0,1,46,47,2.13
November 30 2019,Ferry,WA,Truck,0,0,0,3737,3737,0.00
June 30 2021,Kern,CA,Passenger,1,1,2,193,195,1.03
December 31 2020,Klickitat,WA,Truck,0,0,0,8323,8323,0.00
June 30 2021,King,WA,Passenger,31056,9199,40255,1378372,1418627,2.84
June 30 2021,Columbia,GA,Passenger,1,0,1,116,117,0.85
November 30 2020,Hennepin,MN,Passenger,1,0,1,72,73,1.37
August 31 2021,Saint Marys,MD,Passenger,1,1,2,158,160,1.25
December 31 2020,Larimer,CO,Passenger,0,1,1,33,34,2.94
July 31 2021,Fresno,CA,Passenger,1,0,1,150,151,0.66
August 31 2021,San Diego,CA,Passenger,14,9,23,2357,2380,0.97
June 30 2021,Columbia,WA,Passenger,6,2,8,2505,2513,0.32
December 31 2019,Clallam,WA,Passenger,210,160,370,51691,52061,0.71
August 31 2021,San Juan,WA,Truck,0,0,0,6019,6019,0.00
June 30 2021,Leavenworth,KS,Passenger,0,1,1,109,110,0.91
November 30 2019,Goochland,VA,Passenger,3,1,4,179,183,2.19
December 31 2019,Clark,NV,Passenger,2,1,3,622,625,0.48
August 31 2021,Santa Clara,CA,Passenger,6,1,7,182,189,3.70
July 31 2021,Glacier,MT,Passenger,0,1,1,4,5,20.00
June 30 2021,Lewis,WA,Passenger,174,145,319,60107,60426,0.53
June 30 2021,Cumberland,NC,Truck,1,0,1,90,91,1.10
July 31 2021,Grays Harbor,WA,Passenger,185,148,333,49760,50093,0.66
November 30 2019,Greene,MO,Passenger,0,1,1,19,20,5.00
August 31 2021,Sarpy,NE,Passenger,1,0,1,51,52,1.92
November 30 2020,Jefferson,WA,Truck,0,0,0,9778,9778,0.00
December 31 2019,Columbia,WA,Truck,0,0,0,1604,1604,0.00
June 30 2021,Danville City,VA,Passenger,1,0,1,0,1,100.00
June 30 2021,Manassas City,VA,Passenger,0,1,1,5,6,16.67
November 30 2020,Kitsap,WA,Truck,0,0,0,55362,55362,0.00
June 30 2021,Douglas,NE,Passenger,1,1,2,39,41,4.88
August 31 2021,Tipton,TN,Passenger,1,0,1,10,11,9.09
November 30 2020,Klamath,OR,Passenger,1,0,1,23,24,4.17
June 30 2021,Douglas,OR,Passenger,1,0,1,26,27,3.70
December 31 2020,Montgomery,MD,Passenger,2,4,6,218,224,2.68
June 30 2021,Fairbanks North Star,AK,Passenger,0,1,1,82,83,1.20
July 31 2021,Kern,CA,Passenger,1,1,2,192,194,1.03
August 31 2021,Wilson,NC,Passenger,1,0,1,0,1,100.00
June 30 2021,Okanogan,WA,Passenger,13,5,18,5868,5886,0.31
June 30 2021,Ferry,WA,Passenger,9,3,12,4437,4449,0.27
June 30 2021,Oldham,KY,Passenger,0,1,1,4,5,20.00
September 30 2021,Alameda,CA,Passenger,2,0,2,179,181,1.10
November 30 2019,Jefferson,CO,Passenger,0,1,1,59,60,1.67
July 31 2021,Leavenworth,KS,Passenger,0,1,1,109,110,0.91
November 30 2020,Los Angeles,CA,Passenger,6,8,14,886,900,1.56
July 31 2021,Lewis,WA,Passenger,176,150,326,59996,60322,0.54
June 30 2021,Philadelphia,PA,Passenger,1,0,1,41,42,2.38
July 31 2021,Lincoln,WA,Passenger,8,15,23,7788,7811,0.29
June 30 2021,Pierce,WA,Passenger,3699,2077,5776,564949,570725,1.01
September 30 2021,Bexar,TX,Passenger,2,4,6,399,405,1.48
June 30 2021,Grays Harbor,WA,Truck,3,0,3,21591,21594,0.01
June 30 2021,Guadalupe,TX,Passenger,1,0,1,36,37,2.70
November 30 2020,Montgomery,MD,Passenger,1,4,5,218,223,2.24
June 30 2021,Harrison,MS,Passenger,2,0,2,51,53,3.77
November 30 2020,Muscogee,GA,Passenger,0,1,1,166,167,0.60
September 30 2021,Chelan,WA,Truck,8,0,8,23061,23069,0.03
December 31 2020,Pend Oreille,WA,Passenger,12,4,16,9431,9447,0.17
July 31 2021,Monterey,CA,Passenger,1,0,1,148,149,0.67
November 30 2020,Okanogan,NULL,Passenger,45,31,76,20678,20754,0.37
November 30 2019,Kitsap,WA,Passenger,1269,681,1950,185284,187234,1.04
June 30 2021,San Bernardino,CA,Passenger,0,1,1,356,357,0.28
September 30 2021,Clark,WA,Truck,38,0,38,84232,84270,0.05
December 31 2020,Pinellas,FL,Passenger,1,1,2,69,71,2.82
November 30 2020,Pacific,WA,Passenger,43,39,82,15991,16073,0.51
June 30 2021,San Juan,WA,Truck,0,0,0,6022,6022,0.00
November 30 2020,Palm Beach,FL,Passenger,0,1,1,55,56,1.79
December 31 2020,Plaquemines,LA,Passenger,0,1,1,15,16,6.25
December 31 2020,Powhatan,VA,Passenger,1,0,1,1,2,50.00
July 31 2021,Otero,NM,Passenger,0,1,1,32,33,3.03
September 30 2021,Cowlitz,WA,Passenger,260,165,425,72261,72686,0.58
July 31 2021,Pend Oreille,WA,Passenger,15,7,22,9359,9381,0.23
June 30 2021,Spokane,WA,Truck,19,0,19,103175,103194,0.02
September 30 2021,Cowlitz,WA,Truck,8,0,8,29090,29098,0.03
December 31 2019,Howard,MD,Passenger,0,1,1,88,89,1.12
July 31 2021,Plaquemines,LA,Passenger,0,1,1,18,19,5.26
November 30 2020,Ramsey,MN,Passenger,1,0,1,28,29,3.45
June 30 2021,Thurston,WA,Passenger,1673,909,2582,199730,202312,1.28
December 31 2019,Jefferson,CO,Passenger,0,1,1,58,59,1.69
December 31 2020,Saint Louis,MO,Passenger,1,0,1,58,59,1.69
September 30 2021,El Paso,TX,Passenger,2,0,2,322,324,0.62
June 30 2021,Kittitas,WA,Passenger,170,67,237,30288,30525,0.78
July 31 2021,Riley,KS,Passenger,1,0,1,43,44,2.27
November 30 2020,San Bernardino,CA,Passenger,0,1,1,409,410,0.24
June 30 2021,Klamath,OR,Passenger,1,0,1,18,19,5.26
December 31 2019,Jones,GA,Passenger,1,0,1,1,2,50.00
November 30 2019,Mason,OR,Passenger,2,0,2,15,17,11.76
November 30 2020,Santa Cruz,CA,Passenger,1,0,1,29,30,3.33
December 31 2020,San Francisco,CA,Passenger,1,1,2,82,84,2.38
November 30 2019,Mason,WA,Truck,0,0,0,21102,21102,0.00
November 30 2020,Skagit,WA,Passenger,513,258,771,93200,93971,0.82
November 30 2020,Skagit,WA,Truck,1,0,1,33492,33493,0.00
July 31 2021,NULL,WA,Passenger,0,0,0,4,4,0.00
July 31 2021,San Juan,WA,Passenger,441,139,580,14382,14962,3.88
November 30 2020,Snohomish,WA,Truck,0,0,0,128294,128294,0.00
September 30 2021,Grant,WA,Passenger,126,103,229,67058,67287,0.34
July 31 2021,Sevier,AR,Passenger,0,1,1,0,1,100.00
September 30 2021,Grant,WA,Truck,2,0,2,28122,28124,0.01
September 30 2021,Grays Harbor,WA,Passenger,194,153,347,49509,49856,0.70
July 31 2021,Shelby,OH,Passenger,0,1,1,0,1,100.00
July 31 2021,Skamania,WA,Passenger,55,38,93,8509,8602,1.08
July 31 2021,Benton,WA,Passenger,552,404,956,137380,138336,0.69
June 30 2021,Maricopa,AZ,Passenger,2,1,3,794,797,0.38
November 30 2019,Monroe,IL,Passenger,1,0,1,3,4,25.00
November 30 2020,Twin Falls,ID,Passenger,0,1,1,17,18,5.56
December 31 2020,Spartanburg,SC,Passenger,0,1,1,37,38,2.63
December 31 2020,Spokane,WA,Passenger,935,584,1519,326991,328510,0.46
July 31 2021,Thurston,WA,Truck,23,0,23,56753,56776,0.04
June 30 2021,Maui,HI,Passenger,1,0,1,24,25,4.00
July 31 2021,Carroll,MD,Passenger,0,1,1,12,13,7.69
July 31 2021,Chaves,NM,Passenger,1,0,1,6,7,14.29
November 30 2020,Washoe,NV,Passenger,1,0,1,71,72,1.39
September 30 2021,Kern,CA,Passenger,1,1,2,176,178,1.12
June 30 2021,Milwaukee,WI,Passenger,1,0,1,32,33,3.03
September 30 2021,King,WA,Passenger,33174,9600,42774,1366823,1409597,3.03
November 30 2020,Westchester,NY,Passenger,0,1,1,21,22,4.55
September 30 2021,King,WA,Truck,149,1,150,183983,184133,0.08
September 30 2021,Klickitat,WA,Truck,1,0,1,8349,8350,0.01
November 30 2020,Whitman,WA,Passenger,53,47,100,22434,22534,0.44
July 31 2021,Wahkiakum,WA,Passenger,15,8,23,3113,3136,0.73
November 30 2020,Wichita,TX,Passenger,1,0,1,40,41,2.44
November 30 2019,Norfolk City,VA,Passenger,2,1,3,362,365,0.82
December 31 2020,Ada,ID,Passenger,0,1,1,213,214,0.47
December 31 2020,Utah,UT,Passenger,0,1,1,99,100,1.00
December 31 2020,Alameda,CA,Passenger,2,0,2,235,237,0.84
September 30 2021,Leavenworth,KS,Passenger,0,1,1,104,105,0.95
June 30 2021,Muscogee,GA,Passenger,0,1,1,143,144,0.69
December 31 2020,Ventura,CA,Passenger,1,2,3,266,269,1.12
September 30 2021,Lewis,WA,Passenger,197,156,353,59601,59954,0.59
July 31 2021,Denton,TX,Passenger,1,0,1,48,49,2.04
November 30 2019,Nueces,TX,Passenger,1,1,2,88,90,2.22
June 30 2021,New Castle,DE,Passenger,1,0,1,17,18,5.56
December 31 2020,Anne Arundel,MD,Passenger,1,3,4,384,388,1.03
June 30 2021,Norfolk City,VA,Passenger,2,1,3,310,313,0.96
December 31 2020,Asotin,WA,Passenger,17,14,31,12694,12725,0.24
November 30 2019,Orange,CA,Passenger,6,1,7,505,512,1.37
July 31 2021,Duval,FL,Passenger,0,1,1,276,277,0.36
July 31 2021,Whatcom,WA,Passenger,1540,638,2178,151707,153885,1.42
July 31 2021,Whitman,WA,Truck,2,0,2,8647,8649,0.02
July 31 2021,Ferry,WA,Truck,0,0,0,3653,3653,0.00
November 30 2019,Osceola,FL,Passenger,1,0,1,38,39,2.56
June 30 2021,Orange,FL,Passenger,1,0,1,90,91,1.10
December 31 2019,Multnomah,OR,Passenger,4,6,10,684,694,1.44
December 31 2020,Whitman,WA,Passenger,53,47,100,22370,22470,0.45
July 31 2021,Yamhill,OR,Passenger,1,0,1,30,31,3.23
July 31 2021,Greene,MO,Passenger,0,1,1,18,19,5.26
September 30 2021,Montgomery,PA,Passenger,2,0,2,12,14,14.29
June 30 2021,Pacific,WA,Passenger,54,56,110,16194,16304,0.67
September 30 2021,Montgomery,TX,Passenger,0,1,1,21,22,4.55
June 30 2021,Pend Oreille,WA,Truck,1,0,1,5831,5832,0.02
June 30 2021,Pennington,SD,Passenger,1,0,1,25,26,3.85
July 31 2021,Harris,TX,Passenger,1,0,1,145,146,0.68
December 31 2020,Yakima,WA,Truck,0,0,0,62654,62654,0.00
August 31 2021,Alexandria City,VA,Passenger,4,0,4,120,124,3.23
July 31 2021,Honolulu,HI,Passenger,4,0,4,294,298,1.34
December 31 2020,Cascade,MT,Passenger,0,1,1,55,56,1.79
June 30 2021,Placer,CA,Passenger,1,0,1,65,66,1.52
December 31 2019,Osceola,FL,Passenger,1,0,1,37,38,2.63
June 30 2021,Queens,NY,Passenger,1,0,1,42,43,2.33
September 30 2021,Prince William,VA,Passenger,1,1,2,194,196,1.02
January 31 2021,Alexandria City,VA,Passenger,4,0,4,133,137,2.92
August 31 2021,Boulder,CO,Passenger,0,1,1,18,19,5.26
December 31 2020,Cowlitz,WA,Truck,0,0,0,29594,29594,0.00
January 31 2021,Anchorage,AK,Passenger,1,0,1,135,136,0.74
July 31 2021,Kings,NY,Passenger,1,0,1,48,49,2.04
September 30 2021,Saint Clair,IL,Passenger,1,0,1,120,121,0.83
January 31 2021,Bartow,GA,Passenger,0,1,1,3,4,25.00
December 31 2019,Pierce,WA,Truck,0,0,0,144924,144924,0.00
June 30 2021,San Diego,CA,Passenger,15,8,23,2444,2467,0.93
December 31 2020,Fairbanks North Star,AK,Passenger,0,1,1,88,89,1.12
September 30 2021,Spokane,WA,Truck,36,0,36,102534,102570,0.04
June 30 2021,Sarasota,FL,Passenger,1,0,1,21,22,4.55
November 30 2019,Saginaw,MI,Passenger,1,0,1,10,11,9.09
December 31 2020,Ferry,WA,Passenger,9,3,12,4484,4496,0.27
June 30 2021,Skagit,WA,Passenger,614,290,904,92728,93632,0.97
December 31 2020,Franklin,WA,Passenger,91,87,178,62575,62753,0.28
September 30 2021,Thurston,WA,Passenger,1820,933,2753,197904,200657,1.37
December 31 2020,Franklin,WA,Truck,0,0,0,20913,20913,0.00
August 31 2021,Douglas,OR,Passenger,1,0,1,25,26,3.85
June 30 2021,Skamania,WA,Truck,0,0,0,4085,4085,0.00
December 31 2020,Fresno,CA,Passenger,1,0,1,156,157,0.64
November 30 2019,Santa Barbara,CA,Passenger,1,0,1,90,91,1.10
September 30 2021,Ventura,CA,Passenger,1,2,3,232,235,1.28
December 31 2019,Riverside,CA,Passenger,2,1,3,599,602,0.50
November 30 2019,Santa Rosa,FL,Passenger,1,0,1,83,84,1.19
July 31 2021,Nueces,TX,Passenger,1,0,1,62,63,1.59
November 30 2019,Sarasota,FL,Passenger,1,0,1,22,23,4.35
December 31 2020,Grant,WA,Truck,0,0,0,28256,28256,0.00
August 31 2021,Glacier,MT,Passenger,0,1,1,4,5,20.00
December 31 2020,Grays Harbor,WA,Truck,0,0,0,21544,21544,0.00
October 31 2021,NULL,NULL,Truck,2,0,2,258,260,0.77
June 30 2021,Virginia Beach City,VA,Passenger,2,0,2,543,545,0.37
January 31 2021,Camden,GA,Passenger,1,1,2,129,131,1.53
October 31 2021,NULL,WA,Passenger,0,0,0,4,4,0.00
June 30 2021,Wahkiakum,WA,Truck,0,0,0,1818,1818,0.00
October 31 2021,Adams,WA,Truck,0,0,0,5418,5418,0.00
August 31 2021,Hennepin,MN,Passenger,1,0,1,55,56,1.79
October 31 2021,Albemarle,VA,Passenger,1,0,1,22,23,4.35
December 31 2020,Harrison,MS,Passenger,2,0,2,55,57,3.51
October 31 2021,Alexandria City,VA,Passenger,5,0,5,121,126,3.97
December 31 2019,San Juan,WA,Truck,0,0,0,6091,6091,0.00
July 31 2021,Saginaw,MI,Passenger,1,0,1,6,7,14.29
October 31 2021,Bartow,GA,Passenger,0,1,1,2,3,33.33
August 31 2021,Jefferson,WA,Truck,0,0,0,9679,9679,0.00
December 31 2019,Santa Clara,CA,Passenger,5,2,7,309,316,2.22
October 31 2021,Benton,WA,Passenger,598,424,1022,135925,136947,0.75
November 30 2019,Suffolk City,VA,Passenger,1,0,1,121,122,0.82
July 31 2021,Santa Barbara,CA,Passenger,1,0,1,72,73,1.37
June 30 2021,Whatcom,WA,Truck,11,0,11,44331,44342,0.02
July 31 2021,NULL,NULL,Passenger,7,5,12,1493,1505,0.80
December 31 2020,King,WA,Truck,7,1,8,187904,187912,0.00
January 31 2021,Columbia,GA,Passenger,1,0,1,128,129,0.78
October 31 2021,Carroll,MD,Passenger,0,1,1,9,10,10.00
July 31 2021,Adams,WA,Passenger,16,15,31,13150,13181,0.24
July 31 2021,Spartanburg,SC,Passenger,0,1,1,33,34,2.94
December 31 2019,Stafford,VA,Passenger,1,0,1,88,89,1.12
January 31 2021,Columbia,WA,Passenger,5,3,8,2516,2524,0.32
August 31 2021,Lincoln,WA,Passenger,9,15,24,7752,7776,0.31
July 31 2021,Anne Arundel,MD,Passenger,3,4,7,360,367,1.91
December 31 2020,Lewis,WA,Truck,0,0,0,27174,27174,0.00
October 31 2021,Clallam,WA,Passenger,373,237,610,50473,51083,1.19
July 31 2021,Asotin,WA,Passenger,22,18,40,12763,12803,0.31
August 31 2021,Manassas City,VA,Passenger,0,1,1,5,6,16.67
August 31 2021,Mason,WA,Truck,6,0,6,21367,21373,0.03
December 31 2020,Maricopa,AZ,Passenger,4,4,8,995,1003,0.80
January 31 2021,Douglas,NE,Passenger,1,1,2,43,45,4.44
July 31 2021,Williams,ND,Passenger,0,1,1,8,9,11.11
July 31 2021,Wilson,NC,Passenger,1,0,1,0,1,100.00
January 31 2021,Douglas,OR,Passenger,1,0,1,34,35,2.86
November 30 2019,Yakima,WA,Passenger,130,125,255,170377,170632,0.15
August 31 2021,Montgomery,MD,Passenger,3,4,7,189,196,3.57
July 31 2021,Yakima,WA,Passenger,250,168,418,170894,171312,0.24
December 31 2020,Monterey,CA,Passenger,1,0,1,165,166,0.60
July 31 2021,Calvert,MD,Passenger,0,2,2,83,85,2.35
December 31 2020,Montgomery,PA,Passenger,1,0,1,17,18,5.56
January 31 2021,Fairbanks North Star,AK,Passenger,0,1,1,87,88,1.14
August 31 2021,Allegheny,PA,Passenger,1,0,1,47,48,2.08
October 31 2021,Greene,MO,Passenger,0,1,1,15,16,6.25
December 31 2019,Allegheny,PA,Passenger,1,0,1,64,65,1.54
August 31 2021,Okanogan,NULL,Truck,2,0,2,12919,12921,0.02
August 31 2021,Anchorage,AK,Passenger,1,0,1,121,122,0.82
August 31 2021,Okanogan,WA,Passenger,13,6,19,5855,5874,0.32
January 31 2021,Ferry,WA,Passenger,9,3,12,4460,4472,0.27
December 31 2020,New Castle,DE,Passenger,1,0,1,23,24,4.17
August 31 2021,Oldham,KY,Passenger,0,1,1,4,5,20.00
December 31 2019,Arapahoe,CO,Passenger,1,0,1,127,128,0.78
August 31 2021,Arapahoe,CO,Passenger,1,0,1,85,86,1.16
August 31 2021,Orange,CA,Passenger,3,1,4,372,376,1.06
August 31 2021,Bay,FL,Passenger,1,0,1,26,27,3.70
October 31 2021,Harris,TX,Passenger,1,0,1,125,126,0.79
July 31 2021,Clallam,WA,Passenger,355,223,578,50818,51396,1.12
August 31 2021,Bell,TX,Passenger,0,1,1,305,306,0.33
August 31 2021,Pend Oreille,WA,Passenger,16,7,23,9295,9318,0.25
October 31 2021,Honolulu,HI,Passenger,4,1,5,266,271,1.85
December 31 2019,Bay,FL,Passenger,1,0,1,35,36,2.78
July 31 2021,Columbia,WA,Truck,1,0,1,1562,1563,0.06
July 31 2021,Contra Costa,CA,Passenger,1,0,1,135,136,0.74
August 31 2021,Pierce,WA,Passenger,3994,2094,6088,561269,567357,1.07
August 31 2021,Benton,WA,Truck,16,0,16,43858,43874,0.04
August 31 2021,Pinellas,FL,Passenger,0,1,1,56,57,1.75
August 31 2021,Plaquemines,LA,Passenger,0,1,1,18,19,5.26
January 31 2021,Guadalupe,TX,Passenger,1,0,1,42,43,2.33
December 31 2019,Boone,MO,Passenger,0,1,1,8,9,11.11
August 31 2021,Boone,MO,Passenger,0,1,1,6,7,14.29
October 31 2021,Kings,NY,Passenger,1,0,1,48,49,2.04
December 31 2020,San Juan,WA,Passenger,368,115,483,14385,14868,3.25
August 31 2021,Bucks,PA,Passenger,1,0,1,16,17,5.88
January 31 2020,Asotin,WA,Truck,0,0,0,6927,6927,0.00
December 31 2020,San Mateo,CA,Passenger,0,1,1,97,98,1.02
August 31 2021,Camden,GA,Passenger,1,0,1,114,115,0.87
January 31 2021,Harrison,MS,Passenger,2,0,2,55,57,3.51
August 31 2021,Riley,KS,Passenger,1,0,1,44,45,2.22
December 31 2019,Calvert,MD,Passenger,0,2,2,93,95,2.11
July 31 2021,Douglas,WA,Passenger,102,52,154,28724,28878,0.53
August 31 2021,Charles,MD,Passenger,1,1,2,58,60,3.33
August 31 2021,Charles,MD,Truck,1,0,1,12,13,7.69
January 31 2020,Boone,MO,Passenger,0,1,1,8,9,11.11
October 31 2021,Mason,WA,Passenger,267,159,426,47742,48168,0.88
October 31 2021,Mason,WA,Truck,7,0,7,21191,21198,0.03
December 31 2020,Thurston,WA,Truck,0,0,0,57340,57340,0.00
July 31 2021,Flathead,MT,Passenger,1,0,1,29,30,3.33
August 31 2021,Clallam,WA,Truck,3,0,3,22147,22150,0.01
January 31 2020,Broward,FL,Passenger,0,1,1,114,115,0.87
December 31 2019,Charles,MD,Passenger,0,1,1,77,78,1.28
August 31 2021,Spartanburg,SC,Passenger,0,1,1,33,34,2.94
January 31 2020,Caddo,LA,Passenger,1,0,1,15,16,6.25
July 31 2021,Franklin,WA,Passenger,139,101,240,62561,62801,0.38
October 31 2021,Montgomery,AL,Passenger,0,1,1,31,32,3.12
August 31 2021,Columbia,WA,Passenger,7,2,9,2479,2488,0.36
December 31 2019,Chelan,WA,Passenger,203,82,285,55726,56011,0.51
January 31 2020,Cascade,MT,Passenger,0,1,1,59,60,1.67
August 31 2021,Cumberland,NC,Truck,1,0,1,89,90,1.11
October 31 2021,Norfolk City,VA,Passenger,1,1,2,291,293,0.68
August 31 2021,Danville City,VA,Passenger,1,0,1,0,1,100.00
August 31 2021,Davidson,TN,Passenger,1,0,1,34,35,2.86
August 31 2021,Dekalb,GA,Passenger,1,0,1,48,49,2.04
January 31 2020,Chaves,NM,Passenger,1,0,1,10,11,9.09
October 31 2021,Orange,CA,Passenger,3,1,4,364,368,1.09
January 31 2021,Kittitas,WA,Passenger,141,55,196,30460,30656,0.64
August 31 2021,District Of Columbia,DC,Passenger,3,2,5,194,199,2.51
January 31 2021,Albemarle,VA,Passenger,1,0,1,23,24,4.17
January 31 2021,Klamath,OR,Passenger,1,0,1,22,23,4.35
December 31 2019,Clark,WA,Truck,0,0,0,83435,83435,0.00
December 31 2019,Clay,FL,Passenger,0,1,1,84,85,1.18
July 31 2021,Howard,MD,Passenger,0,1,1,68,69,1.45
August 31 2021,Douglas,NE,Passenger,1,1,2,34,36,5.56
August 31 2021,Douglas,WA,Truck,2,0,2,12735,12737,0.02
January 31 2021,Benton,WA,Passenger,468,370,838,137623,138461,0.61
July 31 2021,Island,WA,Passenger,640,327,967,63872,64839,1.49
January 31 2021,Benton,WA,Truck,0,0,0,44197,44197,0.00
August 31 2021,Erie,NY,Passenger,1,0,1,28,29,3.45
January 31 2020,Columbia,WA,Truck,0,0,0,1604,1604,0.00
January 31 2020,Cook,IL,Passenger,1,0,1,212,213,0.47
September 30 2021,Anne Arundel,MD,Passenger,3,4,7,340,347,2.02
September 30 2021,Asotin,WA,Passenger,21,18,39,12714,12753,0.31
January 31 2021,Bucks,PA,Passenger,1,0,1,19,20,5.00
October 31 2021,Saint Marys,MD,Truck,1,0,1,41,42,2.38
October 31 2021,San Diego,CA,Passenger,13,10,23,2268,2291,1.00
December 31 2019,Davidson,TN,Passenger,1,0,1,65,66,1.52
July 31 2021,King,WA,Truck,97,1,98,185458,185556,0.05
August 31 2021,Guadalupe,TX,Passenger,1,0,1,31,32,3.12
January 31 2020,Dekalb,GA,Passenger,1,0,1,75,76,1.32
December 31 2019,Dekalb,GA,Passenger,1,0,1,75,76,1.32
January 31 2021,Charles,MD,Passenger,1,1,2,62,64,3.12
January 31 2020,Denton,TX,Passenger,1,0,1,61,62,1.61
July 31 2021,Kitsap,WA,Truck,17,0,17,54853,54870,0.03
January 31 2021,Chesapeake City,VA,Passenger,0,3,3,379,382,0.79
September 30 2021,Calvert,MD,Passenger,0,2,2,81,83,2.41
January 31 2021,Maricopa,AZ,Passenger,3,3,6,974,980,0.61
October 31 2021,Spartanburg,SC,Passenger,0,1,1,31,32,3.12
December 31 2019,Douglas,WA,Passenger,68,38,106,28833,28939,0.37
July 31 2021,Lake,IL,Passenger,1,0,1,149,150,0.67
October 31 2021,Stafford,VA,Passenger,2,0,2,79,81,2.47
January 31 2021,Clallam,WA,Passenger,298,195,493,50862,51355,0.96
December 31 2019,Douglas,WA,Truck,0,0,0,12613,12613,0.00
September 30 2021,Charles,MD,Truck,1,0,1,12,13,7.69
January 31 2021,Clallam,WA,Truck,1,0,1,22321,22322,0.00
January 31 2020,Duval,FL,Passenger,1,1,2,347,349,0.57
December 31 2019,Dupage,IL,Passenger,2,0,2,52,54,3.70
January 31 2021,Maui,HI,Passenger,1,0,1,25,26,3.85
July 31 2021,Lewis,WA,Truck,2,0,2,26919,26921,0.01
January 31 2021,Milwaukee,WI,Passenger,1,0,1,34,35,2.86
August 31 2021,Kent,DE,Passenger,0,1,1,55,56,1.79
October 31 2021,Williams,ND,Passenger,0,1,1,8,9,11.11
January 31 2020,Ferry,WA,Truck,0,0,0,3737,3737,0.00
August 31 2021,Kittitas,WA,Passenger,181,71,252,30016,30268,0.83
December 31 2019,Fairfax,VA,Passenger,3,3,6,726,732,0.82
August 31 2021,Kittitas,WA,Truck,4,0,4,14821,14825,0.03
January 31 2020,Franklin,WA,Truck,0,0,0,20454,20454,0.00
August 31 2021,Klamath,OR,Passenger,1,0,1,16,17,5.88
September 30 2021,Douglas,WA,Passenger,105,54,159,28627,28786,0.55
November 30 2021,Alameda,CA,Passenger,2,0,2,170,172,1.16
January 31 2020,Garfield,WA,Passenger,0,1,1,1339,1340,0.07
January 31 2021,Glacier,MT,Passenger,0,1,1,5,6,16.67
September 30 2021,Fairbanks North Star,AK,Passenger,0,1,1,74,75,1.33
September 30 2021,Fairfax,VA,Passenger,5,7,12,596,608,1.97
November 30 2021,Anne Arundel,MD,Passenger,3,4,7,325,332,2.11
January 31 2021,Muscogee,GA,Passenger,0,1,1,160,161,0.62
August 31 2021,Los Angeles,CA,Passenger,7,5,12,708,720,1.67
November 30 2021,Asotin,WA,Passenger,22,18,40,12638,12678,0.32
September 30 2021,Ferry,WA,Passenger,10,3,13,4401,4414,0.29
January 31 2021,New Castle,DE,Passenger,1,0,1,23,24,4.17
September 30 2021,Franklin,WA,Passenger,144,105,249,62288,62537,0.40
January 31 2021,Norfolk City,VA,Passenger,2,1,3,333,336,0.89
January 31 2021,Howard,MD,Passenger,0,1,1,73,74,1.35
August 31 2021,Muscogee,GA,Passenger,0,1,1,137,138,0.72
September 30 2021,Grays Harbor,WA,Truck,8,0,8,21378,21386,0.04
January 31 2021,Orange,FL,Passenger,1,0,1,99,100,1.00
July 31 2021,Montgomery,PA,Passenger,1,0,1,14,15,6.67
September 30 2021,Harrison,MS,Passenger,2,0,2,47,49,4.08
September 30 2021,Hillsborough,FL,Passenger,0,1,1,116,117,0.85
January 31 2021,Lincoln,WA,Passenger,7,12,19,7788,7807,0.24
January 31 2021,Pacific,WA,Passenger,44,42,86,16040,16126,0.53
September 30 2021,Howard,IN,Passenger,0,1,1,4,5,20.00
July 31 2021,Multnomah,OR,Passenger,2,6,8,527,535,1.50
August 31 2021,Otero,NM,Passenger,0,1,1,30,31,3.23
September 30 2021,Island,WA,Passenger,671,341,1012,63524,64536,1.57
August 31 2021,Pacific,WA,Passenger,57,57,114,16148,16262,0.70
December 31 2019,Island,WA,Passenger,395,270,665,64730,65395,1.02
January 31 2021,Pend Oreille,WA,Truck,0,0,0,5869,5869,0.00
August 31 2021,Pacific,WA,Truck,0,0,0,7992,7992,0.00
December 31 2019,Island,WA,Truck,1,0,1,21866,21867,0.00
January 31 2021,Pennington,SD,Passenger,1,0,1,32,33,3.03
August 31 2021,Palm Beach,FL,Passenger,1,0,1,43,44,2.27
November 30 2021,Cowlitz,WA,Truck,9,0,9,28878,28887,0.03
August 31 2021,Pend Oreille,WA,Truck,1,0,1,5772,5773,0.02
January 31 2021,Mason,WA,Truck,0,0,0,21467,21467,0.00
August 31 2021,Pennington,SD,Passenger,1,0,1,24,25,4.00
January 31 2021,Philadelphia,PA,Passenger,1,0,1,54,55,1.82
August 31 2021,Pima,AZ,Passenger,0,1,1,190,191,0.52
July 31 2021,Okanogan,WA,Truck,0,0,0,3916,3916,0.00
November 30 2021,El Paso,TX,Passenger,2,0,2,307,309,0.65
August 31 2021,Polk,FL,Passenger,1,0,1,47,48,2.08
January 31 2021,Placer,CA,Passenger,1,0,1,70,71,1.41
September 30 2021,Kittitas,WA,Passenger,186,71,257,29897,30154,0.85
November 30 2021,Fairbanks North Star,AK,Passenger,0,1,1,68,69,1.45
December 31 2019,Jefferson,NY,Passenger,0,1,1,227,228,0.44
January 31 2021,Nassau,FL,Passenger,1,0,1,19,20,5.00
November 30 2021,Ferry,WA,Passenger,13,3,16,4415,4431,0.36
December 31 2019,Jefferson,WA,Truck,0,0,0,9850,9850,0.00
August 31 2021,Saint Louis City,MO,Passenger,1,0,1,17,18,5.56
November 30 2021,Franklin,WA,Passenger,160,108,268,61999,62267,0.43
July 31 2021,Pierce,WA,Truck,35,0,35,146732,146767,0.02
September 30 2021,Lewis,WA,Truck,4,0,4,26727,26731,0.01
November 30 2021,Fresno,CA,Passenger,1,0,1,136,137,0.73
September 30 2021,Lincoln,WA,Truck,0,0,0,4786,4786,0.00
December 31 2019,Juneau,AK,Passenger,0,1,1,21,22,4.55
January 31 2021,Orange,CA,Passenger,3,2,5,426,431,1.16
July 31 2021,Platte,MO,Passenger,1,0,1,15,16,6.25
August 31 2021,Sevier,AR,Passenger,0,1,1,0,1,100.00
December 31 2019,Kent,DE,Passenger,0,1,1,69,70,1.43
November 30 2021,Grant,WA,Truck,7,0,7,27889,27896,0.03
September 30 2021,Maricopa,AZ,Passenger,2,1,3,707,710,0.42
November 30 2021,Grays Harbor,WA,Truck,9,0,9,21275,21284,0.04
January 31 2021,Pend Oreille,WA,Passenger,12,3,15,9425,9440,0.16
August 31 2021,Skagit,WA,Passenger,645,302,947,92088,93035,1.02
August 31 2021,Skamania,WA,Passenger,56,41,97,8464,8561,1.13
January 31 2021,San Diego,CA,Passenger,13,8,21,2665,2686,0.78
January 31 2021,Plaquemines,LA,Passenger,0,1,1,15,16,6.25
September 30 2021,Milwaukee,WI,Passenger,1,0,1,30,31,3.23
December 31 2019,Kitsap,WA,Truck,1,0,1,55716,55717,0.00
January 31 2021,Sarasota,FL,Passenger,1,0,1,19,20,5.00
November 30 2021,Harrison,MS,Passenger,2,0,2,44,46,4.35
December 31 2019,Kootenai,ID,Passenger,1,1,2,195,197,1.02
September 30 2021,New Castle,DE,Passenger,1,0,1,15,16,6.25
July 31 2021,Riverside,CA,Passenger,4,1,5,461,466,1.07
August 31 2021,Travis,TX,Passenger,1,0,1,97,98,1.02
January 31 2021,Riley,KS,Passenger,1,0,1,59,60,1.67
August 31 2021,Vigo,IN,Passenger,1,0,1,3,4,25.00
January 31 2020,Los Angeles,CA,Passenger,8,9,17,1008,1025,1.66
August 31 2021,Virginia Beach City,VA,Passenger,2,0,2,521,523,0.38
January 31 2021,Sacramento,CA,Passenger,2,0,2,212,214,0.93
July 31 2021,Saint Clair,IL,Passenger,1,0,1,127,128,0.78
January 31 2021,Skagit,WA,Passenger,547,265,812,93098,93910,0.86
August 31 2021,Wahkiakum,WA,Passenger,16,8,24,3090,3114,0.77
August 31 2021,Wahkiakum,WA,Truck,0,0,0,1810,1810,0.00
January 31 2021,Skamania,WA,Truck,0,0,0,4130,4130,0.00
August 31 2021,Wake,NC,Passenger,1,0,1,94,95,1.05
November 30 2021,Kern,CA,Passenger,1,1,2,171,173,1.16
September 30 2021,Pend Oreille,WA,Truck,1,0,1,5711,5712,0.02
September 30 2021,Philadelphia,PA,Passenger,1,0,1,38,39,2.56
July 31 2021,Saint Marys,MD,Passenger,1,1,2,161,163,1.23
September 30 2021,Placer,CA,Passenger,1,0,1,58,59,1.69
November 30 2021,King,WA,Truck,186,1,187,182201,182388,0.10
January 31 2021,Suffolk City,VA,Passenger,1,0,1,118,119,0.84
July 31 2021,Santa Clara,CA,Passenger,6,1,7,188,195,3.59
January 31 2020,Mason,OR,Passenger,2,0,2,18,20,10.00
December 31 2019,Lincoln,WA,Truck,0,0,0,4817,4817,0.00
September 30 2021,Powhatan,VA,Passenger,1,0,1,1,2,50.00
August 31 2021,Whatcom,WA,Passenger,1581,645,2226,151082,153308,1.45
January 31 2021,Spartanburg,SC,Passenger,0,1,1,36,37,2.70
January 31 2021,Twin Falls,ID,Passenger,0,1,1,17,18,5.56
December 31 2019,Los Angeles,CA,Passenger,7,8,15,1019,1034,1.45
September 30 2021,Queens,NY,Passenger,1,0,1,38,39,2.56
September 30 2021,NULL,CA,Passenger,1,4,5,211,216,2.31
January 31 2021,Stafford,VA,Passenger,2,0,2,86,88,2.27
November 30 2021,Lewis,WA,Truck,6,0,6,26546,26552,0.02
January 31 2021,Virginia Beach City,VA,Passenger,2,0,2,582,584,0.34
September 30 2021,Albemarle,VA,Passenger,1,0,1,22,23,4.35
January 31 2020,Monroe,IL,Passenger,1,0,1,3,4,25.00
January 31 2021,Wahkiakum,WA,Truck,0,0,0,1806,1806,0.00
September 30 2021,Bell,TX,Passenger,0,1,1,292,293,0.34
September 30 2021,San Francisco,CA,Passenger,0,1,1,68,69,1.45
January 31 2020,Moore,NC,Passenger,0,1,1,167,168,0.60
September 30 2021,Benton,WA,Truck,19,0,19,43807,43826,0.04
January 31 2021,Washtenaw,MI,Passenger,1,0,1,22,23,4.35
September 30 2021,Sarasota,FL,Passenger,1,0,1,21,22,4.55
September 30 2021,Bradley,TN,Passenger,0,1,1,0,1,100.00
January 31 2021,Wahkiakum,WA,Passenger,7,7,14,3090,3104,0.45
September 30 2021,Skamania,WA,Truck,0,0,0,4057,4057,0.00
January 31 2020,Nueces,TX,Passenger,1,0,1,84,85,1.18
November 30 2021,Monterey,CA,Passenger,1,0,1,135,136,0.74
November 30 2021,Montgomery,PA,Passenger,2,0,2,10,12,16.67
January 31 2020,Okanogan,NULL,Passenger,30,22,52,20854,20906,0.25
December 31 2019,Montgomery,MD,Passenger,0,4,4,265,269,1.49
January 31 2021,Whatcom,WA,Truck,3,0,3,44451,44454,0.01
September 30 2021,Spokane,WA,Passenger,1220,734,1954,326510,328464,0.59
November 30 2021,New Castle,DE,Passenger,1,0,1,13,14,7.14
February 28 2021,NULL,NULL,Passenger,7,5,12,1655,1667,0.72
July 31 2021,Walla Walla,WA,Passenger,114,79,193,36864,37057,0.52
September 30 2021,Carson City,NV,Passenger,1,0,1,9,10,10.00
February 28 2021,Adams,WA,Passenger,10,10,20,13244,13264,0.15
February 28 2021,Adams,WA,Truck,0,0,0,5487,5487,0.00
December 31 2019,Nassau,NY,Passenger,2,0,2,32,34,5.88
February 28 2021,Arlington,VA,Passenger,0,1,1,121,122,0.82
February 28 2021,Alameda,CA,Passenger,2,0,2,224,226,0.88
February 28 2021,Bartow,GA,Passenger,0,1,1,3,4,25.00
July 31 2021,Williamson,TX,Passenger,1,0,1,71,72,1.39
February 28 2021,Albemarle,VA,Passenger,1,0,1,23,24,4.17
December 31 2019,Otero,NM,Passenger,0,1,1,36,37,2.70
September 30 2021,Cumberland,NC,Passenger,0,2,2,374,376,0.53
December 31 2019,Pacific,WA,Truck,0,0,0,7910,7910,0.00
February 28 2021,Asotin,WA,Truck,0,0,0,6836,6836,0.00
August 31 2021,NULL,NULL,Truck,2,0,2,269,271,0.74
November 30 2021,San Juan,WA,Passenger,466,143,609,14116,14725,4.14
December 31 2019,Palm Beach,FL,Passenger,0,1,1,68,69,1.45
December 31 2019,Pima,AZ,Passenger,2,1,3,324,327,0.92
September 30 2021,Wahkiakum,WA,Truck,0,0,0,1820,1820,0.00
September 30 2021,District Of Columbia,DC,Passenger,3,1,4,192,196,2.04
January 31 2020,Ramsey,MN,Passenger,1,0,1,34,35,2.86
August 31 2021,Alameda,CA,Passenger,2,0,2,188,190,1.05
September 30 2021,Walla Walla,WA,Passenger,127,84,211,36530,36741,0.57
August 31 2021,Albemarle,VA,Passenger,1,0,1,23,24,4.17
December 31 2019,Polk,FL,Passenger,1,0,1,67,68,1.47
February 28 2021,Bexar,TX,Passenger,3,5,8,473,481,1.66
December 31 2019,Powhatan,VA,Passenger,1,0,1,0,1,100.00
February 28 2021,Carroll,MD,Passenger,0,1,1,15,16,6.25
August 31 2021,Asotin,WA,Truck,2,0,2,6778,6780,0.03
January 31 2020,Saginaw,MI,Passenger,1,0,1,10,11,9.09
February 28 2021,Broward,FL,Passenger,1,0,1,94,95,1.05
November 30 2021,Thurston,WA,Truck,41,0,41,55797,55838,0.07
September 30 2021,Garfield,WA,Passenger,0,3,3,1356,1359,0.22
August 31 2021,Bexar,TX,Passenger,2,4,6,410,416,1.44
September 30 2021,Glacier,MT,Passenger,0,1,1,4,5,20.00
September 30 2021,Whatcom,WA,Truck,18,0,18,43869,43887,0.04
January 31 2020,San Bernardino,CA,Passenger,0,1,1,455,456,0.22
February 28 2021,Columbia,GA,Passenger,1,0,1,126,127,0.79
September 30 2021,Williamson,TX,Passenger,1,0,1,67,68,1.47
January 31 2020,San Mateo,CA,Passenger,1,1,2,117,119,1.68
February 28 2021,Contra Costa,CA,Passenger,1,0,1,155,156,0.64
November 30 2021,Yamhill,OR,Passenger,1,0,1,27,28,3.57
September 30 2021,Harnett,NC,Passenger,0,1,1,130,131,0.76
January 31 2020,Santa Barbara,CA,Passenger,1,0,1,91,92,1.09
December 31 2021,NULL,WA,Passenger,0,0,0,3,3,0.00
January 31 2020,Santa Cruz,CA,Passenger,1,0,1,33,34,2.94
February 28 2021,Chelan,WA,Passenger,309,88,397,55401,55798,0.71
December 31 2021,Albemarle,VA,Passenger,2,0,2,21,23,8.70
August 31 2021,Chelan,WA,Passenger,369,101,470,54997,55467,0.85
December 31 2019,San Bernardino,CA,Passenger,0,1,1,452,453,0.22
October 31 2021,NULL,NULL,Passenger,6,6,12,1364,1376,0.87
December 31 2019,San Francisco,CA,Passenger,2,1,3,93,96,3.12
October 31 2021,Adams,WA,Passenger,16,16,32,13013,13045,0.25
February 28 2021,Dekalb,IN,Passenger,1,0,1,0,1,100.00
August 31 2021,Clark,NV,Passenger,4,1,5,490,495,1.01
December 31 2021,Benton,WA,Passenger,637,444,1081,134989,136070,0.79
December 31 2019,Santa Cruz,CA,Passenger,1,0,1,34,35,2.86
December 31 2021,Benton,WA,Truck,27,0,27,43294,43321,0.06
January 31 2020,Skagit,WA,Truck,1,0,1,33510,33511,0.00
February 28 2021,Clark,NV,Passenger,4,1,5,557,562,0.89
September 30 2021,Kittitas,WA,Truck,4,0,4,14768,14772,0.03
February 28 2021,El Dorado,CA,Passenger,1,0,1,27,28,3.57
February 28 2021,El Paso,CO,Passenger,1,0,1,610,611,0.16
August 31 2021,Cowlitz,WA,Truck,7,0,7,29227,29234,0.02
February 28 2021,Frederick,MD,Passenger,2,1,3,70,73,4.11
December 31 2019,Skamania,WA,Passenger,29,19,48,8991,9039,0.53
February 28 2021,Cook,IL,Passenger,1,0,1,167,168,0.60
September 30 2021,Missoula,MT,Passenger,1,0,1,33,34,2.94
December 31 2019,Spokane,WA,Passenger,686,504,1190,322174,323364,0.37
October 31 2021,Calvert,MD,Passenger,0,2,2,80,82,2.44
December 31 2021,Clallam,WA,Passenger,388,236,624,50029,50653,1.23
February 28 2021,Cowlitz,WA,Truck,0,0,0,29591,29591,0.00
August 31 2021,El Paso,TX,Passenger,2,0,2,329,331,0.60
January 31 2020,Tuolumne,CA,Passenger,0,1,1,9,10,10.00
February 28 2021,Harris,TX,Passenger,1,0,1,171,172,0.58
August 31 2021,Garfield,WA,Passenger,0,3,3,1366,1369,0.22
January 31 2020,Valencia,NM,Passenger,1,0,1,3,4,25.00
October 31 2021,Clark,NV,Passenger,4,1,5,456,461,1.08
August 31 2021,Grant,WA,Truck,2,0,2,28224,28226,0.01
October 31 2021,Columbia,GA,Passenger,1,0,1,101,102,0.98
October 31 2021,Columbia,WA,Truck,1,0,1,1533,1534,0.07
September 30 2021,Pend Oreille,WA,Passenger,17,7,24,9259,9283,0.26
February 28 2021,Hidalgo,TX,Passenger,0,1,1,57,58,1.72
February 28 2021,Douglas,WA,Truck,1,0,1,12756,12757,0.01
December 31 2019,Vigo,IN,Passenger,1,0,1,4,5,20.00
September 30 2021,Plaquemines,LA,Passenger,0,1,1,18,19,5.26
February 28 2021,Honolulu,HI,Passenger,4,0,4,347,351,1.14
February 28 2021,El Paso,TX,Passenger,2,0,2,379,381,0.52
December 31 2021,Glacier,MT,Passenger,0,1,1,4,5,20.00
December 31 2019,Walla Walla,WA,Passenger,64,61,125,37056,37181,0.34
January 31 2020,Washoe,NV,Passenger,1,0,1,82,83,1.20
September 30 2021,Sacramento,CA,Passenger,2,0,2,184,186,1.08
December 31 2019,Walla Walla,WA,Truck,0,0,0,14086,14086,0.00
September 30 2021,Saint Louis,MO,Passenger,1,0,1,41,42,2.38
February 28 2021,Fulton,GA,Passenger,0,2,2,73,75,2.67
January 31 2020,Westchester,NY,Passenger,0,1,1,27,28,3.57
December 31 2021,Howard,MD,Passenger,0,1,1,61,62,1.61
February 28 2021,Garfield,WA,Passenger,0,2,2,1365,1367,0.15
October 31 2021,Douglas,WA,Passenger,105,55,160,28525,28685,0.56
August 31 2021,Island,WA,Truck,9,0,9,21683,21692,0.04
February 28 2021,Kings,NY,Passenger,1,0,1,50,51,1.96
December 31 2019,Wayne,MI,Passenger,0,1,1,57,58,1.72
February 28 2021,Grant,WA,Truck,0,0,0,28336,28336,0.00
February 28 2021,Lake,IL,Passenger,2,0,2,153,155,1.29
January 31 2020,Yakima,WA,Passenger,133,124,257,170646,170903,0.15
December 31 2019,Westchester,NY,Passenger,0,1,1,28,29,3.45
September 30 2021,Snohomish,WA,Passenger,6588,2198,8786,540049,548835,1.60
December 31 2019,Whatcom,WA,Passenger,1045,501,1546,154195,155741,0.99
September 30 2021,Spartanburg,SC,Passenger,0,1,1,32,33,3.03
December 31 2021,Kings,CA,Passenger,1,0,1,291,292,0.34
February 29 2020,NULL,CA,Passenger,1,2,3,223,226,1.33
September 30 2021,Stafford,VA,Passenger,2,0,2,80,82,2.44
December 31 2019,Whitman,WA,Passenger,43,49,92,23091,23183,0.40
October 31 2021,Howard,MD,Passenger,0,1,1,62,63,1.59
September 30 2021,Stevens,WA,Passenger,55,41,96,30389,30485,0.31
February 28 2021,Liberty,GA,Passenger,1,0,1,114,115,0.87
October 31 2021,Island,WA,Passenger,685,343,1028,63201,64229,1.60
December 31 2021,Lincoln,WA,Passenger,9,16,25,7649,7674,0.33
February 29 2020,Allegheny,PA,Passenger,1,0,1,61,62,1.61
December 31 2019,Williamson,TX,Passenger,1,0,1,116,117,0.85
September 30 2021,Travis,TX,Passenger,1,0,1,93,94,1.06
February 29 2020,Arlington,VA,Passenger,0,2,2,140,142,1.41
December 31 2021,Mason,WA,Truck,10,0,10,20960,20970,0.05
October 31 2021,Kings,CA,Passenger,1,0,1,298,299,0.33
October 31 2021,Kittitas,WA,Passenger,197,70,267,29727,29994,0.89
September 30 2021,Wahkiakum,WA,Passenger,16,8,24,3074,3098,0.77
February 28 2021,Mason,WA,Passenger,209,145,354,48504,48858,0.72
February 28 2021,Island,WA,Truck,0,0,0,21831,21831,0.00
August 31 2021,Missoula,MT,Passenger,1,0,1,34,35,2.86
February 29 2020,Bell,TX,Passenger,0,1,1,405,406,0.25
January 31 2020,Ada,ID,Passenger,0,1,1,256,257,0.39
October 31 2021,Lake,IL,Passenger,1,0,1,145,146,0.68
August 31 2021,Montgomery,AL,Passenger,0,1,1,30,31,3.23
January 31 2020,Alameda,CA,Passenger,3,0,3,259,262,1.15
September 30 2021,Yakima,WA,Truck,5,0,5,61981,61986,0.01
February 28 2021,Norfolk City,VA,Passenger,2,1,3,329,332,0.90
February 28 2021,Jones,GA,Passenger,1,0,1,1,2,50.00
October 31 2021,Lincoln,WA,Truck,0,0,0,4794,4794,0.00
December 31 2021,Orange,CA,Passenger,3,1,4,345,349,1.15
October 31 2021,Anchorage,AK,Passenger,1,0,1,116,117,0.85
February 28 2021,Okanogan,WA,Truck,0,0,0,3970,3970,0.00
December 31 2021,Pend Oreille,WA,Passenger,17,9,26,9020,9046,0.29
February 28 2021,Orange,FL,Passenger,1,0,1,98,99,1.01
February 28 2021,Ozaukee,WI,Passenger,0,1,1,3,4,25.00
December 31 2021,Plaquemines,LA,Passenger,0,1,1,18,19,5.26
August 31 2021,Sacramento,CA,Passenger,2,0,2,184,186,1.08
February 29 2020,Bryan,GA,Passenger,1,0,1,58,59,1.69
October 31 2021,Multnomah,OR,Passenger,2,5,7,492,499,1.40
October 31 2021,Boulder,CO,Passenger,0,1,1,16,17,5.88
February 28 2021,Pierce,WA,Truck,5,0,5,147598,147603,0.00
December 31 2021,Riley,KS,Passenger,1,0,1,41,42,2.38
October 31 2021,Okanogan,WA,Truck,0,0,0,3853,3853,0.00
August 31 2021,San Bernardino,CA,Passenger,0,1,1,342,343,0.29
February 29 2020,Carson City,NV,Passenger,1,0,1,9,10,10.00
December 31 2021,Sacramento,CA,Passenger,1,0,1,168,169,0.59
October 31 2021,Orange,FL,Passenger,1,0,1,80,81,1.23
October 31 2021,Charles,MD,Truck,1,0,1,12,13,7.69
August 31 2021,Santa Cruz,CA,Passenger,1,0,1,23,24,4.17
October 31 2021,Pend Oreille,WA,Truck,1,0,1,5670,5671,0.02
August 31 2021,Snohomish,WA,Passenger,6458,2180,8638,541361,549999,1.57
December 31 2021,Spartanburg,SC,Passenger,0,1,1,29,30,3.33
February 28 2021,Missoula,MT,Passenger,1,0,1,48,49,2.04
February 29 2020,Clackamas,OR,Passenger,1,1,2,181,183,1.09
October 31 2021,Pierce,WA,Truck,55,0,55,144900,144955,0.04
October 31 2021,Columbia,WA,Passenger,7,2,9,2447,2456,0.37
December 31 2021,Stafford,VA,Passenger,2,0,2,75,77,2.60
August 31 2021,Spokane,WA,Truck,29,0,29,102757,102786,0.03
February 28 2021,Saint Marys,MD,Passenger,1,0,1,172,173,0.58
August 31 2021,Stafford,VA,Passenger,2,0,2,83,85,2.35
February 28 2021,Montgomery,AL,Passenger,0,1,1,32,33,3.03
February 28 2021,San Diego,CA,Passenger,13,8,21,2631,2652,0.79
February 29 2020,Cochise,AZ,Passenger,0,1,1,108,109,0.92
February 28 2021,San Juan,WA,Truck,0,0,0,6011,6011,0.00
August 31 2021,Stevens,WA,Passenger,52,43,95,30488,30583,0.31
February 28 2021,Moore,NC,Passenger,0,1,1,134,135,0.74
October 31 2021,Douglas,NE,Passenger,1,1,2,32,34,5.88
February 28 2021,Santa Clara,CA,Passenger,5,2,7,217,224,3.12
October 31 2021,Riverside,CA,Passenger,3,0,3,417,420,0.71
January 31 2020,Chelan,WA,Truck,0,0,0,23169,23169,0.00
October 31 2021,Douglas,OR,Passenger,1,0,1,22,23,4.35
February 28 2021,Sarpy,NE,Passenger,1,0,1,60,61,1.64
August 31 2021,Thurston,WA,Passenger,1791,934,2725,198604,201329,1.35
October 31 2021,Sacramento,CA,Passenger,2,0,2,180,182,1.10
December 31 2021,Wahkiakum,WA,Passenger,17,10,27,3034,3061,0.88
October 31 2021,Saint Marys,MD,Passenger,1,1,2,151,153,1.31
February 29 2020,Cumberland,NC,Passenger,0,2,2,486,488,0.41
January 31 2020,Clark,NV,Passenger,2,1,3,625,628,0.48
October 31 2021,San Juan,WA,Truck,0,0,0,5960,5960,0.00
December 31 2021,Williams,ND,Passenger,0,1,1,8,9,11.11
October 31 2021,Santa Clara,CA,Passenger,4,1,5,167,172,2.91
October 31 2021,Guadalupe,TX,Passenger,1,0,1,30,31,3.23
October 31 2021,Hamilton,IN,Passenger,1,0,1,21,22,4.55
February 28 2021,Tipton,TN,Passenger,1,0,1,11,12,8.33
January 31 2020,Cochise,AZ,Passenger,0,1,1,109,110,0.91
August 31 2021,Walla Walla,WA,Truck,3,0,3,14172,14175,0.02
February 28 2021,Tulsa,OK,Passenger,0,1,1,34,35,2.86
February 29 2020,Davidson,TN,Passenger,1,0,1,61,62,1.61
January 31 2022,Anchorage,AK,Passenger,1,0,1,104,105,0.95
August 31 2021,Wichita,TX,Passenger,1,0,1,34,35,2.86
February 29 2020,Deschutes,OR,Passenger,2,0,2,114,116,1.72
January 31 2020,Columbia,GA,Passenger,1,1,2,151,153,1.31
September 30 2021,NULL,NULL,Truck,2,0,2,260,262,0.76
September 30 2021,Adams,WA,Truck,0,0,0,5439,5439,0.00
January 31 2022,Baltimore,MD,Passenger,1,0,1,29,30,3.33
March 31 2021,NULL,CA,Passenger,1,4,5,201,206,2.43
March 31 2021,Allegheny,PA,Passenger,1,0,1,54,55,1.82
January 31 2020,Cowlitz,WA,Truck,0,0,0,29832,29832,0.00
February 28 2021,Sacramento,CA,Passenger,2,0,2,214,216,0.93
October 31 2021,Walla Walla,WA,Passenger,131,84,215,36323,36538,0.59
September 30 2021,Allegheny,PA,Passenger,1,0,1,48,49,2.04
March 31 2021,Bell,TX,Passenger,0,1,1,340,341,0.29
January 31 2022,Boone,MO,Passenger,0,1,1,6,7,14.29
October 31 2021,King,WA,Passenger,34028,9776,43804,1361561,1405365,3.12
January 31 2022,Boulder,CO,Passenger,0,1,1,13,14,7.14
September 30 2021,Asotin,WA,Truck,2,0,2,6762,6764,0.03
October 31 2021,Klickitat,WA,Passenger,88,48,136,15340,15476,0.88
February 29 2020,El Paso,CO,Passenger,1,0,1,694,695,0.14
March 31 2021,Bradley,TN,Passenger,1,1,2,0,2,100.00
October 31 2021,Williamson,TX,Passenger,1,0,1,66,67,1.49
February 28 2021,San Bernardino,CA,Passenger,0,1,1,389,390,0.26
September 30 2021,Bay,FL,Passenger,1,0,1,24,25,4.00
January 31 2020,Dekalb,IN,Passenger,1,0,1,1,2,50.00
January 31 2022,Columbia,WA,Passenger,6,2,8,2419,2427,0.33
March 31 2021,Bryan,GA,Passenger,1,0,1,57,58,1.72
January 31 2022,Columbia,WA,Truck,2,0,2,1531,1533,0.13
September 30 2021,Boone,MO,Passenger,0,1,1,6,7,14.29
November 30 2021,Asotin,WA,Truck,2,0,2,6713,6715,0.03
January 31 2020,Deschutes,OR,Passenger,2,0,2,118,120,1.67
March 31 2021,Carson City,NV,Passenger,1,0,1,11,12,8.33
September 30 2021,Caddo,LA,Passenger,1,0,1,6,7,14.29
February 28 2021,Santa Cruz,CA,Passenger,1,0,1,30,31,3.23
January 31 2022,Dekalb,GA,Passenger,1,0,1,39,40,2.50
November 30 2021,Bay,FL,Passenger,1,0,1,21,22,4.55
February 29 2020,Frederick,MD,Passenger,2,1,3,84,87,3.45
November 30 2021,Bexar,TX,Passenger,2,3,5,380,385,1.30
January 31 2022,Douglas,NE,Passenger,1,2,3,28,31,9.68
January 31 2022,Douglas,OR,Passenger,1,0,1,21,22,4.55
September 30 2021,Charles,MD,Passenger,1,1,2,56,58,3.45
February 29 2020,Garfield,WA,Truck,0,0,0,991,991,0.00
November 30 2021,Caddo,LA,Passenger,1,0,1,6,7,14.29
September 30 2021,Chelan,WA,Passenger,380,103,483,54886,55369,0.87
January 31 2020,El Paso,CO,Passenger,1,1,2,696,698,0.29
September 30 2021,Clallam,WA,Truck,3,0,3,22079,22082,0.01
January 31 2022,Dupage,IL,Passenger,1,0,1,29,30,3.33
February 28 2021,Spokane,WA,Truck,3,0,3,102875,102878,0.00
January 31 2020,El Paso,TX,Passenger,2,0,2,455,457,0.44
March 31 2021,Clackamas,OR,Passenger,2,0,2,135,137,1.46
October 31 2021,Montgomery,OH,Passenger,0,1,1,58,59,1.69
November 30 2021,Chaves,NM,Passenger,1,0,1,5,6,16.67
February 29 2020,Goochland,VA,Passenger,2,1,3,176,179,1.68
February 28 2021,Stafford,VA,Passenger,2,0,2,87,89,2.25
October 31 2021,Montgomery,TX,Passenger,0,1,1,19,20,5.00
October 31 2021,Muscogee,GA,Passenger,0,1,1,133,134,0.75
November 30 2021,Chelan,WA,Passenger,404,112,516,54411,54927,0.94
February 28 2021,Stevens,WA,Passenger,41,41,82,30931,31013,0.26
January 31 2020,Fairbanks North Star,AK,Passenger,0,1,1,100,101,0.99
January 31 2022,Guadalupe,TX,Passenger,1,0,1,30,31,3.23
October 31 2021,Okanogan,NULL,Passenger,53,38,91,20665,20756,0.44
September 30 2021,Davidson,TN,Passenger,1,0,1,35,36,2.78
January 31 2020,Ferry,WA,Passenger,5,2,7,4545,4552,0.15
February 29 2020,Harnett,NC,Passenger,0,1,1,190,191,0.52
October 31 2021,Oldham,KY,Passenger,0,1,1,4,5,20.00
February 28 2021,Thurston,WA,Passenger,1476,853,2329,200286,202615,1.15
September 30 2021,Dekalb,GA,Passenger,1,0,1,45,46,2.17
March 31 2021,Cumberland,NC,Passenger,0,2,2,426,428,0.47
September 30 2021,Douglas,WA,Truck,2,0,2,12721,12723,0.02
January 31 2020,Fresno,CA,Passenger,1,0,1,175,176,0.57
January 31 2022,Hennepin,MN,Passenger,1,0,1,45,46,2.17
November 30 2021,Coryell,TX,Passenger,1,0,1,87,88,1.14
February 29 2020,Hidalgo,TX,Passenger,0,1,1,79,80,1.25
October 31 2021,Pacific,WA,Passenger,57,61,118,16077,16195,0.73
September 30 2021,Erie,NY,Passenger,1,0,1,25,26,3.85
February 28 2021,Walla Walla,WA,Truck,0,0,0,14224,14224,0.00
October 31 2021,Philadelphia,PA,Passenger,1,0,1,36,37,2.70
September 30 2021,Franklin,WA,Truck,6,0,6,20812,20818,0.03
March 31 2021,District Of Columbia,DC,Passenger,2,2,4,200,204,1.96
September 30 2021,Frederick,MD,Passenger,2,1,3,66,69,4.35
January 31 2022,Jefferson,WA,Truck,3,0,3,9449,9452,0.03
October 31 2021,Pierce,WA,Passenger,4200,2126,6326,557439,563765,1.12
November 30 2021,Denton,TX,Passenger,1,0,1,41,42,2.38
February 28 2021,Westchester,NY,Passenger,0,1,1,18,19,5.26
January 31 2020,Grant,WA,Truck,0,0,0,27935,27935,0.00
February 28 2021,Wichita,TX,Passenger,1,0,1,38,39,2.56
January 31 2020,Grays Harbor,WA,Truck,0,0,0,21307,21307,0.00
March 31 2021,Duval,FL,Passenger,0,1,1,300,301,0.33
October 31 2021,Prince William,VA,Passenger,1,1,2,191,193,1.04
November 30 2021,Douglas,WA,Truck,4,0,4,12592,12596,0.03
March 31 2021,NULL,WA,Passenger,0,0,0,2,2,0.00
November 30 2021,Duval,FL,Passenger,0,1,1,251,252,0.40
October 31 2021,Saint Clair,IL,Passenger,1,0,1,115,116,0.86
September 30 2021,Island,WA,Truck,9,0,9,21611,21620,0.04
March 31 2021,Flathead,MT,Passenger,1,0,1,36,37,2.70
February 29 2020,Jefferson,WA,Passenger,241,152,393,25609,26002,1.51
November 30 2021,Ferry,WA,Truck,0,0,0,3549,3549,0.00
January 31 2020,Harrison,MS,Passenger,1,0,1,63,64,1.56
October 31 2021,Skagit,WA,Truck,11,0,11,32766,32777,0.03
October 31 2021,Skamania,WA,Truck,0,0,0,4016,4016,0.00
November 30 2021,Franklin,WA,Truck,8,0,8,20695,20703,0.04
February 29 2020,Kent,DE,Passenger,0,1,1,66,67,1.49
October 31 2021,Snohomish,WA,Truck,73,0,73,125647,125720,0.06
March 31 2021,Garfield,WA,Truck,0,0,0,1029,1029,0.00
January 31 2022,Los Angeles,CA,Passenger,2,4,6,619,625,0.96
November 30 2021,Garfield,WA,Passenger,0,3,3,1341,1344,0.22
February 29 2020,Kitsap,WA,Passenger,1354,692,2046,185382,187428,1.09
February 29 2020,Kittitas,WA,Truck,0,0,0,15050,15050,0.00
March 31 2021,Goochland,VA,Passenger,3,1,4,132,136,2.94
January 31 2022,Marin,CA,Passenger,0,1,1,26,27,3.70
November 30 2021,Hamilton,IN,Passenger,1,0,1,21,22,4.55
February 29 2020,Kootenai,ID,Passenger,1,1,2,196,198,1.01
September 30 2021,Kent,DE,Passenger,0,1,1,52,53,1.89
October 31 2021,Virginia Beach City,VA,Passenger,2,0,2,495,497,0.40
January 31 2022,Montgomery,MD,Passenger,3,5,8,172,180,4.44
January 31 2022,Muscogee,GA,Passenger,0,1,1,127,128,0.78
March 31 2021,Harnett,NC,Passenger,0,1,1,154,155,0.65
November 30 2021,Island,WA,Truck,11,0,11,21423,21434,0.05
October 31 2021,Wahkiakum,WA,Truck,0,0,0,1823,1823,0.00
March 31 2021,Carroll,MD,Passenger,0,1,1,13,14,7.14
September 30 2021,Liberty,GA,Passenger,1,0,1,96,97,1.03
January 31 2020,Jones,GA,Passenger,1,0,1,1,2,50.00
February 29 2020,Liberty,GA,Passenger,1,0,1,124,125,0.80
January 31 2022,Okanogan,NULL,Passenger,56,37,93,20305,20398,0.46
October 31 2021,Washoe,NV,Passenger,1,0,1,49,50,2.00
March 31 2021,Chaves,NM,Passenger,1,0,1,7,8,12.50
January 31 2022,Oldham,KY,Passenger,0,1,1,4,5,20.00
January 31 2020,Kern,CA,Passenger,1,1,2,229,231,0.87
November 30 2021,Klickitat,WA,Passenger,89,49,138,15248,15386,0.90
September 30 2021,Los Angeles,CA,Passenger,4,5,9,696,705,1.28
October 31 2021,Whatcom,WA,Truck,23,0,23,43685,43708,0.05
January 31 2022,Pacific,WA,Passenger,62,63,125,15824,15949,0.78
March 31 2021,Clark,WA,Passenger,2707,1310,4017,324927,328944,1.22
January 31 2022,Pierce,WA,Passenger,4517,2164,6681,546609,553290,1.21
March 31 2021,Kent,DE,Passenger,0,1,1,59,60,1.67
January 31 2022,Pinellas,FL,Passenger,0,1,1,50,51,1.96
March 31 2021,Kitsap,WA,Passenger,1755,812,2567,182668,185235,1.39
September 30 2021,Mason,WA,Passenger,262,155,417,47989,48406,0.86
February 29 2020,Manassas City,VA,Passenger,0,1,1,5,6,16.67
March 31 2021,Kittitas,WA,Truck,1,0,1,15020,15021,0.01
September 30 2021,Monterey,CA,Passenger,1,0,1,145,146,0.68
November 30 2021,Bryan,GA,Passenger,1,0,1,52,53,1.89
November 30 2021,Montgomery,TX,Passenger,0,1,1,18,19,5.26
November 30 2021,Moore,NC,Passenger,0,1,1,110,111,0.90
September 30 2021,Montgomery,AL,Passenger,0,1,1,31,32,3.12
January 31 2022,San Bernardino,CA,Passenger,1,2,3,305,308,0.97
November 30 2021,Camden,GA,Passenger,1,0,1,108,109,0.92
February 29 2020,Mecklenburg,NC,Passenger,1,0,1,72,73,1.37
September 30 2021,Moore,NC,Passenger,0,1,1,114,115,0.87
November 30 2021,Nueces,TX,Passenger,1,0,1,56,57,1.75
January 31 2022,Santa Cruz,CA,Passenger,1,0,1,20,21,4.76
January 31 2020,Manassas City,VA,Passenger,0,1,1,5,6,16.67
March 31 2021,El Paso,CO,Passenger,1,0,1,601,602,0.17
January 31 2022,Skagit,WA,Truck,23,0,23,32051,32074,0.07
November 30 2021,Pima,AZ,Passenger,0,1,1,175,176,0.57
November 30 2021,Chesapeake City,VA,Passenger,1,2,3,324,327,0.92
November 30 2021,Polk,FL,Passenger,1,0,1,44,45,2.22
September 30 2021,Otero,NM,Passenger,0,1,1,31,32,3.12
November 30 2021,Clark,WA,Passenger,3435,1533,4968,319078,324046,1.53
March 31 2021,Ferry,WA,Truck,0,0,0,3678,3678,0.00
November 30 2021,Prince William,VA,Passenger,1,1,2,188,190,1.05
September 30 2021,Ozaukee,WI,Passenger,0,1,1,3,4,25.00
September 30 2021,Pacific,WA,Truck,0,0,0,7991,7991,0.00
November 30 2021,Saginaw,MI,Passenger,1,0,1,5,6,16.67
September 30 2021,Palm Beach,FL,Passenger,1,0,1,41,42,2.38
November 30 2021,Saint Clair,IL,Passenger,1,0,1,112,113,0.88
March 31 2021,Maui,HI,Passenger,1,0,1,25,26,3.85
January 31 2022,Virginia Beach City,VA,Passenger,2,0,2,465,467,0.43
March 31 2021,Fresno,CA,Passenger,1,0,1,156,157,0.64
January 31 2020,New Castle,DE,Passenger,1,0,1,22,23,4.35
September 30 2021,Pima,AZ,Passenger,0,1,1,186,187,0.53
March 31 2021,Mecklenburg,NC,Passenger,1,0,1,69,70,1.43
January 31 2020,Okanogan,WA,Passenger,3,8,11,6087,6098,0.18
November 30 2021,Cumberland,NC,Truck,1,0,1,84,85,1.18
November 30 2021,Danville City,VA,Passenger,1,0,1,0,1,100.00
February 29 2020,Okanogan,WA,Passenger,4,8,12,6057,6069,0.20
September 30 2021,Polk,FL,Passenger,1,0,1,46,47,2.13
January 31 2022,Washoe,NV,Passenger,1,0,1,44,45,2.22
March 31 2021,Greene,MO,Passenger,0,1,1,20,21,4.76
November 30 2021,District Of Columbia,DC,Passenger,3,1,4,179,183,2.19
November 30 2021,Spokane,WA,Truck,45,0,45,101977,102022,0.04
February 29 2020,Ozaukee,WI,Passenger,0,1,1,3,4,25.00
November 30 2021,Stevens,WA,Passenger,58,43,101,30115,30216,0.33
January 31 2022,Whitman,WA,Passenger,71,59,130,21555,21685,0.60
March 31 2021,Hamilton,IN,Passenger,1,0,1,28,29,3.45
February 29 2020,Palm Beach,FL,Passenger,0,1,1,67,68,1.47
January 31 2022,Wichita,TX,Passenger,1,0,1,33,34,2.94
November 30 2021,Douglas,NE,Passenger,1,1,2,30,32,6.25
February 28 2022,NULL,CA,Passenger,1,5,6,203,209,2.87
November 30 2021,Thurston,WA,Passenger,1904,965,2869,196372,199241,1.44
September 30 2021,Saint Louis City,MO,Passenger,1,0,1,18,19,5.26
September 30 2021,Saint Marys,MD,Truck,1,0,1,42,43,2.33
February 28 2022,Bell,TX,Passenger,0,1,1,254,255,0.39
February 29 2020,Pinal,AZ,Passenger,1,0,1,158,159,0.63
September 30 2021,Santa Cruz,CA,Passenger,1,0,1,23,24,4.17
September 30 2021,Sarpy,NE,Passenger,1,0,1,50,51,1.96
November 30 2021,Garfield,WA,Truck,0,0,0,993,993,0.00
September 30 2021,Sevier,AR,Passenger,0,1,1,0,1,100.00
November 30 2021,Walla Walla,WA,Truck,7,0,7,14022,14029,0.05
February 28 2022,Bradley,TN,Passenger,0,1,1,0,1,100.00
January 31 2020,Putnam,TN,Passenger,0,1,1,2,3,33.33
February 29 2020,Putnam,TN,Passenger,0,1,1,2,3,33.33
September 30 2021,Skamania,WA,Passenger,57,42,99,8419,8518,1.16
February 28 2022,Bryan,GA,Passenger,1,0,1,48,49,2.04
February 28 2022,Carson City,NV,Passenger,1,0,1,6,7,14.29
March 31 2021,Jefferson,WA,Passenger,309,184,493,25224,25717,1.92
November 30 2021,Yakima,WA,Passenger,285,175,460,168090,168550,0.27
March 31 2021,Platte,MO,Passenger,1,0,1,18,19,5.26
December 31 2021,NULL,NULL,Truck,2,0,2,248,250,0.80
December 31 2021,Adams,WA,Truck,0,0,0,5365,5365,0.00
September 30 2021,Vigo,IN,Passenger,1,0,1,3,4,25.00
November 30 2021,Jefferson,WA,Passenger,379,195,574,24660,25234,2.27
February 28 2022,Clackamas,OR,Passenger,1,0,1,99,100,1.00
March 31 2021,Kent,MI,Passenger,0,1,1,18,19,5.26
September 30 2021,Wake,NC,Passenger,1,0,1,88,89,1.12
January 31 2020,San Diego,CA,Passenger,9,9,18,2795,2813,0.64
September 30 2021,Walla Walla,WA,Truck,3,0,3,14133,14136,0.02
November 30 2021,Kittitas,WA,Passenger,200,72,272,29571,29843,0.91
December 31 2021,Bay,FL,Passenger,1,0,1,22,23,4.35
February 28 2022,Coryell,TX,Passenger,1,0,1,77,78,1.28
November 30 2021,Klamath,OR,Passenger,1,0,1,16,17,5.88
February 29 2020,Saint Louis,MO,Passenger,1,0,1,61,62,1.61
March 31 2021,Klickitat,WA,Passenger,68,46,114,15350,15464,0.74
February 28 2022,Cumberland,NC,Passenger,0,2,2,329,331,0.60
January 31 2020,San Juan,WA,Passenger,269,87,356,14709,15065,2.36
February 28 2022,Cumberland,NC,Truck,1,0,1,71,72,1.39
January 31 2020,San Juan,WA,Truck,0,0,0,6090,6090,0.00
November 30 2021,Lincoln,WA,Passenger,9,16,25,7657,7682,0.33
September 30 2021,Whatcom,WA,Passenger,1593,654,2247,150726,152973,1.47
December 31 2021,Carroll,MD,Passenger,0,1,1,9,10,10.00
March 31 2021,Saint Louis,MO,Passenger,1,0,1,56,57,1.75
September 30 2021,Wichita,TX,Passenger,1,0,1,35,36,2.78
February 28 2022,District Of Columbia,DC,Passenger,3,1,4,166,170,2.35
December 31 2021,Charles,MD,Passenger,1,1,2,55,57,3.51
March 31 2021,Saint Louis City,MO,Passenger,1,0,1,19,20,5.00
November 30 2021,Mecklenburg,NC,Passenger,1,0,1,62,63,1.59
January 31 2020,Shelby,TN,Passenger,0,1,1,92,93,1.08
December 31 2021,Chelan,WA,Passenger,408,112,520,54118,54638,0.95
February 28 2022,Duval,FL,Passenger,0,1,1,220,221,0.45
December 31 2021,Chesapeake City,VA,Passenger,1,2,3,319,322,0.93
December 31 2021,Clallam,WA,Truck,4,0,4,21914,21918,0.02
November 30 2021,Muscogee,GA,Passenger,0,1,1,132,133,0.75
February 28 2022,Flathead,MT,Passenger,1,0,1,25,26,3.85
January 31 2020,Spokane,WA,Truck,1,0,1,99824,99825,0.00
March 31 2021,Monroe,IL,Passenger,1,0,1,2,3,33.33
December 31 2021,Clark,WA,Passenger,3525,1557,5082,317153,322235,1.58
March 31 2021,Montgomery,OH,Passenger,0,1,1,62,63,1.59
February 28 2022,Garfield,WA,Passenger,0,3,3,1322,1325,0.23
March 31 2021,Snohomish,WA,Passenger,5578,2017,7595,545839,553434,1.37
February 29 2020,Stevens,WA,Truck,0,0,0,19389,19389,0.00
February 28 2022,Garfield,WA,Truck,0,0,0,985,985,0.00
November 30 2021,Pend Oreille,WA,Truck,0,0,0,5645,5645,0.00
November 30 2021,Pennington,SD,Passenger,1,0,1,24,25,4.00
October 31 2021,Bryan,GA,Passenger,1,0,1,52,53,1.89
February 29 2020,Sumter,FL,Passenger,0,1,1,8,9,11.11
February 28 2022,Goochland,VA,Passenger,2,0,2,58,60,3.33
March 31 2021,Stevens,WA,Passenger,41,42,83,30952,31035,0.27
January 31 2020,Thurston,WA,Truck,0,0,0,56991,56991,0.00
March 31 2021,Nueces,TX,Passenger,1,0,1,72,73,1.37
January 31 2020,Tipton,TN,Passenger,1,0,1,12,13,7.69
March 31 2021,Okanogan,NULL,Passenger,47,31,78,20841,20919,0.37
November 30 2021,Riley,KS,Passenger,1,0,1,43,44,2.27
February 29 2020,Tipton,TN,Passenger,1,0,1,12,13,7.69
March 31 2021,Sumter,FL,Passenger,0,1,1,8,9,11.11
December 31 2021,Douglas,WA,Truck,4,0,4,12524,12528,0.03
February 29 2020,Travis,TX,Passenger,1,2,3,158,161,1.86
October 31 2021,Chelan,WA,Truck,7,0,7,22957,22964,0.03
November 30 2021,Sacramento,CA,Passenger,2,0,2,180,182,1.10
December 31 2021,El Paso,CO,Passenger,1,0,1,504,505,0.20
October 31 2021,Chesapeake City,VA,Passenger,1,2,3,331,334,0.90
December 31 2021,Erie,NY,Passenger,1,0,1,23,24,4.17
March 31 2021,Travis,TX,Passenger,1,0,1,129,130,0.77
October 31 2021,Clackamas,OR,Passenger,1,0,1,111,112,0.89
December 31 2021,Frederick,MD,Passenger,2,1,3,66,69,4.35
November 30 2021,Shelby,OH,Passenger,0,1,1,0,1,100.00
February 28 2022,Kitsap,WA,Passenger,2287,957,3244,175944,179188,1.81
October 31 2021,Clark,WA,Passenger,3340,1514,4854,320473,325327,1.49
February 28 2022,Kittitas,WA,Truck,6,0,6,14237,14243,0.04
December 31 2021,Greene,MO,Passenger,0,1,1,13,14,7.14
November 30 2021,Skagit,WA,Passenger,683,314,997,90785,91782,1.09
December 31 2021,Hamilton,IN,Passenger,1,0,1,18,19,5.26
November 30 2021,Snohomish,WA,Passenger,6923,2246,9169,535939,545108,1.68
March 31 2021,Prince William,VA,Passenger,1,1,2,207,209,0.96
November 30 2021,Snohomish,WA,Truck,83,0,83,125062,125145,0.07
March 31 2021,Ramsey,MN,Passenger,1,0,1,24,25,4.00
November 30 2021,Stevens,WA,Truck,2,0,2,18731,18733,0.01
December 31 2021,Island,WA,Truck,12,0,12,21308,21320,0.06
February 28 2022,Mecklenburg,NC,Passenger,1,0,1,49,50,2.00
March 31 2021,Yakima,WA,Truck,1,0,1,62713,62714,0.00
February 29 2020,Yakima,WA,Truck,0,0,0,61918,61918,0.00
February 29 2020,NULL,WA,Passenger,0,0,0,4,4,0.00
March 31 2021,Saginaw,MI,Passenger,2,0,2,8,10,20.00
October 31 2021,El Paso,CO,Passenger,1,0,1,528,529,0.19
March 31 2020,NULL,CA,Passenger,1,2,3,223,226,1.33
April 30 2021,NULL,WA,Passenger,0,0,0,2,2,0.00
December 31 2021,Klickitat,WA,Passenger,89,50,139,15168,15307,0.91
March 31 2021,San Juan,WA,Passenger,397,126,523,14420,14943,3.50
April 30 2021,Adams,WA,Truck,0,0,0,5513,5513,0.00
October 31 2021,Fresno,CA,Passenger,1,0,1,138,139,0.72
March 31 2021,San Mateo,CA,Passenger,0,1,1,90,91,1.10
April 30 2021,Albemarle,VA,Passenger,1,0,1,22,23,4.35
October 31 2021,Garfield,WA,Truck,0,0,0,1004,1004,0.00
November 30 2021,Virginia Beach City,VA,Passenger,2,0,2,482,484,0.41
February 29 2020,Benton,WA,Passenger,349,330,679,137920,138599,0.49
March 31 2021,Santa Barbara,CA,Passenger,1,0,1,75,76,1.32
April 30 2021,Alexandria City,VA,Passenger,4,0,4,134,138,2.90
February 28 2022,Platte,MO,Passenger,1,0,1,14,15,6.67
October 31 2021,Goochland,VA,Passenger,2,0,2,87,89,2.25
March 31 2020,Bell,TX,Passenger,0,1,1,402,403,0.25
November 30 2021,Whitman,WA,Truck,5,0,5,8497,8502,0.06
December 31 2021,Liberty,GA,Passenger,1,0,1,91,92,1.09
April 30 2021,Bartow,GA,Passenger,0,1,1,3,4,25.00
March 31 2021,Skagit,WA,Truck,2,0,2,33475,33477,0.01
March 31 2021,Snohomish,WA,Truck,5,0,5,128171,128176,0.00
April 30 2021,Benton,WA,Passenger,507,387,894,137943,138837,0.64
March 31 2020,Bryan,GA,Passenger,1,0,1,59,60,1.67
December 31 2021,Mason,WA,Passenger,280,161,441,47209,47650,0.93
December 31 2021,Adams,WA,Passenger,17,16,33,12912,12945,0.25
February 28 2022,Saint Louis City,MO,Passenger,1,0,1,16,17,5.88
March 31 2021,Stevens,WA,Truck,0,0,0,19184,19184,0.00
October 31 2021,Jefferson,WA,Passenger,370,191,561,24736,25297,2.22
December 31 2021,Montgomery,AL,Passenger,0,1,1,29,30,3.33
March 31 2020,Carson City,NV,Passenger,1,0,1,9,10,10.00
February 29 2020,Cascade,MT,Passenger,0,1,1,58,59,1.69
October 31 2021,Kern,CA,Passenger,1,1,2,174,176,1.14
February 28 2022,Snohomish,WA,Passenger,7433,2284,9717,523241,532958,1.82
March 31 2021,Tipton,TN,Passenger,1,0,1,11,12,8.33
February 29 2020,Chaves,NM,Passenger,1,0,1,9,10,10.00
October 31 2021,Kitsap,WA,Passenger,2118,910,3028,180818,183846,1.65
February 28 2022,Stevens,WA,Passenger,62,41,103,29170,29273,0.35
December 31 2021,Otero,NM,Passenger,0,1,1,29,30,3.33
April 30 2021,Carroll,MD,Passenger,0,1,1,12,13,7.69
October 31 2021,Leavenworth,KS,Passenger,0,1,1,99,100,1.00
December 31 2021,Clark,WA,Truck,59,0,59,83035,83094,0.07
December 31 2021,Ozaukee,WI,Passenger,0,1,1,2,3,33.33
February 29 2020,Clallam,WA,Passenger,220,164,384,51659,52043,0.74
March 31 2020,Chelan,WA,Truck,0,0,0,23150,23150,0.00
December 31 2021,Pacific,WA,Truck,2,0,2,7936,7938,0.03
October 31 2021,Lewis,WA,Passenger,205,164,369,59457,59826,0.62
October 31 2021,Lincoln,WA,Passenger,9,16,25,7702,7727,0.32
December 31 2021,Columbia,WA,Truck,2,0,2,1543,1545,0.13
March 31 2021,Washoe,NV,Passenger,1,0,1,65,66,1.52
March 31 2020,Clackamas,OR,Passenger,1,1,2,176,178,1.12
December 31 2021,Cowlitz,WA,Passenger,281,168,449,71076,71525,0.63
October 31 2021,Manassas City,VA,Passenger,0,1,1,5,6,16.67
December 31 2021,Pima,AZ,Passenger,0,1,1,170,171,0.58
March 31 2020,Clark,WA,Truck,0,0,0,84071,84071,0.00
October 31 2021,Mecklenburg,NC,Passenger,1,0,1,63,64,1.56
February 28 2022,Yakima,WA,Truck,6,0,6,59676,59682,0.01
March 31 2021,Whitman,WA,Truck,2,0,2,8698,8700,0.02
March 31 2021,Williams,ND,Passenger,0,1,1,12,13,7.69
February 29 2020,Denton,TX,Passenger,1,0,1,63,64,1.56
December 31 2021,Franklin,WA,Passenger,167,109,276,61734,62010,0.45
March 31 2021,Yakima,WA,Passenger,206,145,351,171283,171634,0.20
March 31 2021,Yamhill,OR,Passenger,1,0,1,33,34,2.94
December 31 2021,Grant,WA,Passenger,136,102,238,66268,66506,0.36
December 31 2021,Saint Marys,MD,Truck,1,0,1,41,42,2.38
March 31 2020,Cowlitz,WA,Passenger,143,129,272,74515,74787,0.36
October 31 2021,Okanogan,WA,Passenger,13,6,19,5815,5834,0.33
December 31 2021,Grays Harbor,WA,Passenger,201,160,361,48994,49355,0.73
December 31 2021,Sarpy,NE,Passenger,1,0,1,46,47,2.13
December 31 2021,Shelby,OH,Passenger,0,1,1,0,1,100.00
February 29 2020,Duval,FL,Passenger,1,1,2,342,344,0.58
March 31 2020,Cumberland,NC,Passenger,0,2,2,489,491,0.41
December 31 2021,Skamania,WA,Passenger,63,43,106,8224,8330,1.27
December 31 2021,Hennepin,MN,Passenger,1,0,1,47,48,2.08
February 29 2020,Ferry,WA,Truck,0,0,0,3733,3733,0.00
December 31 2021,Hidalgo,TX,Passenger,0,1,1,51,52,1.92
December 31 2021,Tipton,TN,Passenger,1,0,1,11,12,8.33
October 31 2021,Riley,KS,Passenger,1,0,1,43,44,2.27
April 30 2021,Frederick,MD,Passenger,2,1,3,69,72,4.17
March 31 2020,Denver,CO,Passenger,1,0,1,112,113,0.88
December 31 2021,Vigo,IN,Passenger,1,0,1,3,4,25.00
April 30 2021,Bryan,GA,Passenger,1,0,1,56,57,1.75
December 31 2021,Wake,NC,Passenger,1,0,1,80,81,1.23
February 29 2020,Greene,MO,Passenger,0,1,1,19,20,5.00
April 30 2021,Greene,MO,Passenger,0,1,1,20,21,4.76
October 31 2021,San Juan,WA,Passenger,463,143,606,14181,14787,4.10
December 31 2021,King,WA,Truck,205,1,206,181104,181310,0.11
February 29 2020,Guilford,NC,Passenger,1,0,1,27,28,3.57
December 31 2021,Klickitat,WA,Truck,2,0,2,8242,8244,0.02
December 31 2021,Walla Walla,WA,Truck,7,0,7,13961,13968,0.05
October 31 2021,Shelby,OH,Passenger,0,1,1,0,1,100.00
December 31 2021,Lake,IL,Passenger,1,0,1,141,142,0.70
December 31 2021,Whatcom,WA,Passenger,1677,678,2355,148305,150660,1.56
February 29 2020,Harris,TX,Passenger,1,0,1,213,214,0.47
October 31 2021,Stevens,WA,Truck,2,0,2,18804,18806,0.01
December 31 2021,Whitman,WA,Truck,5,0,5,8457,8462,0.06
April 30 2021,Harris,TX,Passenger,1,0,1,165,166,0.60
December 31 2021,Wilson,NC,Passenger,1,0,1,0,1,100.00
April 30 2021,Chelan,WA,Truck,2,0,2,23362,23364,0.01
October 31 2021,Thurston,WA,Truck,36,0,36,55999,56035,0.06
April 30 2021,Chesapeake City,VA,Passenger,0,3,3,363,366,0.82
March 31 2020,Garfield,WA,Truck,0,0,0,1000,1000,0.00
February 29 2020,Honolulu,HI,Passenger,3,0,3,424,427,0.70
April 30 2021,Honolulu,HI,Passenger,4,0,4,329,333,1.20
October 31 2021,Tipton,TN,Passenger,1,0,1,10,11,9.09
January 31 2022,NULL,CA,Passenger,1,5,6,206,212,2.83
April 30 2021,Clackamas,OR,Passenger,1,0,1,132,133,0.75
January 31 2022,Allegheny,PA,Passenger,1,0,1,38,39,2.56
March 31 2020,Goochland,VA,Passenger,2,1,3,174,177,1.69
March 31 2020,Grant,WA,Passenger,61,76,137,67172,67309,0.20
January 31 2022,Bell,TX,Passenger,0,1,1,262,263,0.38
December 31 2021,Montgomery,PA,Passenger,2,0,2,10,12,16.67
March 31 2020,Grays Harbor,WA,Passenger,121,112,233,49143,49376,0.47
December 31 2021,Montgomery,TX,Passenger,0,1,1,17,18,5.56
October 31 2021,Whitman,WA,Truck,2,0,2,8531,8533,0.02
December 31 2021,Multnomah,OR,Passenger,2,4,6,455,461,1.30
January 31 2022,Bradley,TN,Passenger,0,1,1,0,1,100.00
October 31 2021,Wilson,NC,Passenger,1,0,1,0,1,100.00
December 31 2021,Okanogan,NULL,Truck,2,0,2,12641,12643,0.02
October 31 2021,Yamhill,OR,Passenger,1,0,1,27,28,3.57
April 30 2021,Kings,NY,Passenger,1,0,1,50,51,1.96
January 31 2022,Bryan,GA,Passenger,1,0,1,49,50,2.00
November 30 2021,Alexandria City,VA,Passenger,5,0,5,118,123,4.07
March 31 2020,Harnett,NC,Passenger,0,1,1,187,188,0.53
November 30 2021,Anchorage,AK,Passenger,1,0,1,110,111,0.90
December 31 2021,Pierce,WA,Truck,78,0,78,143420,143498,0.05
April 30 2021,Denver,CO,Passenger,1,0,1,90,91,1.10
January 31 2022,Carson City,NV,Passenger,1,0,1,7,8,12.50
November 30 2021,Bartow,GA,Passenger,0,1,1,2,3,33.33
April 30 2021,Deschutes,OR,Passenger,1,0,1,89,90,1.11
December 31 2021,Pinellas,FL,Passenger,0,1,1,51,52,1.92
November 30 2021,Boulder,CO,Passenger,0,1,1,16,17,5.88
January 31 2022,Clackamas,OR,Passenger,1,0,1,100,101,0.99
December 31 2021,Prince William,VA,Passenger,1,1,2,184,186,1.08
December 31 2021,Riverside,CA,Passenger,3,0,3,391,394,0.76
April 30 2021,El Paso,CO,Passenger,1,0,1,597,598,0.17
April 30 2021,Mason,WA,Passenger,224,144,368,48719,49087,0.75
November 30 2021,Charles,MD,Truck,1,0,1,12,13,7.69
December 31 2021,Saint Clair,IL,Passenger,1,0,1,111,112,0.89
November 30 2021,Chelan,WA,Truck,8,0,8,22873,22881,0.03
January 31 2022,Davidson,TN,Passenger,1,0,1,28,29,3.45
November 30 2021,Clackamas,OR,Passenger,1,0,1,105,106,0.94
March 31 2020,Kern,CA,Passenger,1,1,2,224,226,0.88
February 29 2020,Monroe,IL,Passenger,1,0,1,3,4,25.00
April 30 2021,Fresno,CA,Passenger,1,0,1,156,157,0.64
November 30 2021,Columbia,WA,Passenger,6,2,8,2454,2462,0.32
March 31 2020,King,WA,Passenger,24454,8048,32502,1417355,1449857,2.24
April 30 2021,Garfield,WA,Truck,0,0,0,1023,1023,0.00
March 31 2020,Kitsap,WA,Passenger,1383,706,2089,184985,187074,1.12
April 30 2021,Montgomery,AL,Passenger,0,1,1,31,32,3.12
January 31 2022,El Paso,CO,Passenger,1,0,1,492,493,0.20
April 30 2021,Goochland,VA,Passenger,3,0,3,126,129,2.33
March 31 2020,Klickitat,WA,Truck,0,0,0,8526,8526,0.00
December 31 2021,Ventura,CA,Passenger,1,1,2,212,214,0.93
November 30 2021,Douglas,OR,Passenger,1,0,1,23,24,4.17
February 29 2020,Nueces,TX,Passenger,1,0,1,83,84,1.19
January 31 2022,Frederick,MD,Passenger,2,1,3,66,69,4.35
April 30 2021,Norfolk City,VA,Passenger,2,1,3,321,324,0.93
March 31 2020,Larimer,CO,Passenger,0,1,1,39,40,2.50
January 31 2022,Garfield,WA,Truck,0,0,0,982,982,0.00
April 30 2021,Orange,CA,Passenger,3,2,5,414,419,1.19
November 30 2021,Goochland,VA,Passenger,2,0,2,79,81,2.47
January 31 2022,Goochland,VA,Passenger,2,0,2,63,65,3.08
January 31 2022,NULL,NULL,Truck,2,0,2,239,241,0.83
January 31 2022,Adams,WA,Truck,1,0,1,5331,5332,0.02
November 30 2021,Guadalupe,TX,Passenger,1,0,1,30,31,3.23
January 31 2022,Albemarle,VA,Passenger,2,0,2,21,23,8.70
March 31 2020,Lewis,WA,Passenger,114,118,232,60427,60659,0.38
February 29 2020,Osceola,FL,Passenger,1,0,1,35,36,2.78
January 31 2022,Harnett,NC,Passenger,0,1,1,117,118,0.85
January 31 2022,Alexandria City,VA,Passenger,5,0,5,112,117,4.27
January 31 2022,Hidalgo,TX,Passenger,0,1,1,51,52,1.92
April 30 2021,Jefferson,WA,Passenger,317,187,504,25244,25748,1.96
January 31 2022,Asotin,WA,Truck,2,0,2,6640,6642,0.03
April 30 2021,Kern,CA,Passenger,1,1,2,199,201,1.00
January 31 2022,Jefferson,WA,Passenger,385,195,580,24302,24882,2.33
January 31 2022,Bartow,GA,Passenger,0,1,1,2,3,33.33
January 31 2022,Kent,DE,Passenger,0,1,1,43,44,2.27
January 31 2022,Kitsap,WA,Passenger,2257,956,3213,177933,181146,1.77
January 31 2022,Kittitas,WA,Truck,6,0,6,14410,14416,0.04
April 30 2021,Kitsap,WA,Passenger,1815,825,2640,183101,185741,1.42
November 30 2021,King,WA,Passenger,34798,9916,44714,1356616,1401330,3.19
November 30 2021,Kitsap,WA,Passenger,2157,931,3088,180278,183366,1.68
January 31 2022,Caddo,LA,Passenger,1,0,1,5,6,16.67
January 31 2022,Liberty,GA,Passenger,1,0,1,90,91,1.10
April 30 2021,Leavenworth,KS,Passenger,0,1,1,112,113,0.88
February 29 2020,Saginaw,MI,Passenger,1,0,1,10,11,9.09
April 30 2021,San Diego,CA,Passenger,15,8,23,2563,2586,0.89
November 30 2021,Leavenworth,KS,Passenger,0,1,1,99,100,1.00
April 30 2021,Lewis,WA,Passenger,157,141,298,60457,60755,0.49
January 31 2022,Manassas City,VA,Passenger,0,1,1,5,6,16.67
November 30 2021,Lewis,WA,Passenger,210,169,379,59244,59623,0.64
April 30 2021,Lincoln,WA,Passenger,7,13,20,7857,7877,0.25
February 29 2020,San Mateo,CA,Passenger,0,1,1,117,118,0.85
January 31 2022,Coryell,TX,Passenger,1,0,1,79,80,1.25
January 31 2022,Mecklenburg,NC,Passenger,1,0,1,51,52,1.92
February 29 2020,Santa Barbara,CA,Passenger,1,0,1,91,92,1.09
November 30 2021,Maricopa,AZ,Passenger,2,0,2,660,662,0.30
April 30 2021,Spartanburg,SC,Passenger,0,1,1,35,36,2.78
April 30 2021,Manassas City,VA,Passenger,0,1,1,5,6,16.67
April 30 2021,Stafford,VA,Passenger,2,0,2,87,89,2.25
January 31 2022,Ferry,WA,Passenger,14,3,17,4329,4346,0.39
January 31 2022,Franklin,WA,Truck,8,0,8,20548,20556,0.04
November 30 2021,Mason,WA,Truck,9,0,9,21104,21113,0.04
April 30 2021,Mason,WA,Truck,2,0,2,21584,21586,0.01
January 31 2022,Okanogan,NULL,Truck,2,0,2,12549,12551,0.02
April 30 2021,Mecklenburg,NC,Passenger,1,0,1,68,69,1.45
January 31 2022,Garfield,WA,Passenger,0,3,3,1333,1336,0.22
November 30 2021,Milwaukee,WI,Passenger,1,0,1,29,30,3.33
January 31 2022,Okanogan,WA,Passenger,13,6,19,5670,5689,0.33
February 29 2020,Spartanburg,SC,Passenger,0,1,1,37,38,2.63
January 31 2022,Ozaukee,WI,Passenger,0,1,1,2,3,33.33
March 31 2020,Oklahoma,OK,Passenger,0,2,2,115,117,1.71
January 31 2022,Palm Beach,FL,Passenger,1,0,1,31,32,3.12
January 31 2022,Harrison,MS,Passenger,2,0,2,41,43,4.65
November 30 2021,Norfolk City,VA,Passenger,1,1,2,286,288,0.69
April 30 2021,Nassau,FL,Passenger,1,0,1,17,18,5.56
April 30 2021,Williams,ND,Passenger,0,1,1,10,11,9.09
November 30 2021,Oldham,KY,Passenger,0,1,1,4,5,20.00
November 30 2021,Orange,CA,Passenger,3,1,4,357,361,1.11
April 30 2021,Okanogan,WA,Passenger,12,5,17,5877,5894,0.29
May 31 2021,NULL,CA,Passenger,1,4,5,213,218,2.29
March 31 2020,Placer,CA,Passenger,1,0,1,83,84,1.19
April 30 2021,Oldham,KY,Passenger,0,1,1,4,5,20.00
May 31 2021,Allegheny,PA,Passenger,1,0,1,54,55,1.82
November 30 2021,Pacific,WA,Passenger,59,66,125,16004,16129,0.78
January 31 2022,Saint Louis City,MO,Passenger,1,0,1,16,17,5.88
May 31 2021,Anchorage,AK,Passenger,1,0,1,128,129,0.78
November 30 2021,Philadelphia,PA,Passenger,1,0,1,33,34,2.94
March 31 2020,Powhatan,VA,Passenger,1,0,1,0,1,100.00
November 30 2021,Pierce,WA,Passenger,4316,2141,6457,555170,561627,1.15
February 29 2020,Williams,ND,Passenger,0,1,1,14,15,6.67
January 31 2022,Sarpy,NE,Passenger,1,0,1,45,46,2.17
November 30 2021,Placer,CA,Passenger,1,0,1,55,56,1.79
May 31 2021,Bell,TX,Passenger,0,1,1,326,327,0.31
January 31 2022,Snohomish,WA,Truck,104,0,104,123151,123255,0.08
February 29 2020,Yakima,WA,Passenger,135,125,260,170360,170620,0.15
April 30 2021,Putnam,TN,Passenger,0,1,1,0,1,100.00
January 31 2022,Stevens,WA,Truck,2,0,2,18456,18458,0.01
November 30 2021,Queens,NY,Passenger,1,0,1,37,38,2.63
January 31 2022,Maricopa,AZ,Passenger,1,0,1,601,602,0.17
January 31 2022,Tipton,TN,Passenger,1,0,1,11,12,8.33
April 30 2021,Riley,KS,Passenger,1,0,1,53,54,1.85
January 31 2022,Mason,WA,Passenger,285,160,445,46848,47293,0.94
March 31 2020,Allegheny,PA,Passenger,1,0,1,61,62,1.61
March 31 2020,Saint Louis,MO,Passenger,1,0,1,63,64,1.56
January 31 2022,Mason,WA,Truck,12,0,12,20771,20783,0.06
March 31 2020,Arapahoe,CO,Passenger,1,0,1,129,130,0.77
November 30 2021,Sarasota,FL,Passenger,1,0,1,21,22,4.55
May 31 2021,Boone,MO,Passenger,0,1,1,5,6,16.67
March 31 2020,San Francisco,CA,Passenger,2,1,3,89,92,3.26
March 31 2020,Bay,FL,Passenger,1,0,1,33,34,2.94
November 30 2021,Skamania,WA,Truck,0,0,0,3978,3978,0.00
January 31 2022,Montgomery,AL,Passenger,0,1,1,30,31,3.23
May 31 2021,Camden,GA,Passenger,1,0,1,123,124,0.81
November 30 2021,Suffolk City,VA,Passenger,1,0,1,104,105,0.95
March 31 2020,Sarasota,FL,Passenger,1,0,1,21,22,4.55
April 30 2021,San Juan,WA,Passenger,409,128,537,14403,14940,3.59
January 31 2022,Wilson,NC,Passenger,1,0,1,0,1,100.00
January 31 2022,Yakima,WA,Truck,6,0,6,60473,60479,0.01
January 31 2022,Moore,NC,Passenger,0,1,1,110,111,0.90
November 30 2021,Wahkiakum,WA,Truck,0,0,0,1807,1807,0.00
January 31 2022,Norfolk City,VA,Passenger,1,1,2,273,275,0.73
April 30 2021,Shelby,OH,Passenger,0,1,1,1,2,50.00
February 28 2022,Anchorage,AK,Passenger,1,0,1,100,101,0.99
February 28 2022,Anne Arundel,MD,Passenger,3,4,7,312,319,2.19
March 31 2020,Benton,WA,Truck,0,0,0,43672,43672,0.00
March 31 2020,Skamania,WA,Truck,0,0,0,4241,4241,0.00
February 28 2022,Asotin,WA,Passenger,20,19,39,12310,12349,0.32
January 31 2022,Orange,CA,Passenger,3,1,4,334,338,1.18
March 31 2020,Spokane,WA,Passenger,747,509,1256,324658,325914,0.39
April 30 2021,Stevens,WA,Truck,0,0,0,19201,19201,0.00
November 30 2021,Whatcom,WA,Truck,26,0,26,43408,43434,0.06
December 31 2021,NULL,NULL,Passenger,5,6,11,1284,1295,0.85
January 31 2022,Placer,CA,Passenger,1,0,1,53,54,1.85
May 31 2021,Columbia,WA,Passenger,6,3,9,2522,2531,0.36
March 31 2020,Boone,MO,Passenger,0,1,1,9,10,10.00
April 30 2021,Thurston,WA,Truck,11,0,11,57317,57328,0.02
March 31 2020,Suffolk City,VA,Passenger,1,0,1,119,120,0.83
January 31 2022,Queens,NY,Passenger,1,0,1,36,37,2.70
December 31 2021,Anne Arundel,MD,Passenger,3,4,7,318,325,2.15
February 28 2022,Camden,GA,Passenger,1,0,1,100,101,0.99
March 31 2020,Bucks,PA,Passenger,1,0,1,19,20,5.00
April 30 2021,Tipton,TN,Passenger,1,0,1,11,12,8.33
December 31 2021,Asotin,WA,Passenger,20,18,38,12554,12592,0.30
May 31 2021,Cumberland,NC,Truck,1,0,1,92,93,1.08
May 31 2021,Danville City,VA,Passenger,1,0,1,0,1,100.00
March 31 2020,Camden,GA,Passenger,1,1,2,150,152,1.32
May 31 2021,Davidson,TN,Passenger,1,0,1,39,40,2.50
January 31 2022,Saint Marys,MD,Truck,1,0,1,41,42,2.38
January 31 2022,Salt Lake,UT,Passenger,2,0,2,107,109,1.83
May 31 2021,Dekalb,GA,Passenger,1,0,1,49,50,2.00
February 28 2022,Columbia,WA,Passenger,6,1,7,2392,2399,0.29
January 31 2022,San Diego,CA,Passenger,12,10,22,2089,2111,1.04
February 28 2022,Danville City,VA,Passenger,1,0,1,0,1,100.00
May 31 2021,District Of Columbia,DC,Passenger,3,2,5,196,201,2.49
December 31 2021,Calvert,MD,Passenger,0,2,2,76,78,2.56
February 28 2022,Douglas,NE,Passenger,1,2,3,27,30,10.00
March 31 2020,Ventura,CA,Passenger,0,2,2,295,297,0.67
January 31 2022,Sarasota,FL,Passenger,1,0,1,19,20,5.00
February 28 2022,Douglas,OR,Passenger,1,0,1,20,21,4.76
February 28 2022,Dupage,IL,Passenger,1,0,1,27,28,3.57
May 31 2021,Douglas,NE,Passenger,1,1,2,39,41,4.88
April 30 2021,Whitman,WA,Truck,2,0,2,8681,8683,0.02
March 31 2020,Charles,MD,Passenger,0,1,1,68,69,1.45
May 31 2021,Dupage,IL,Passenger,1,0,1,36,37,2.70
February 28 2022,Fairbanks North Star,AK,Passenger,0,1,1,67,68,1.47
January 31 2022,Stafford,VA,Passenger,2,0,2,73,75,2.67
February 28 2022,Ferry,WA,Passenger,15,3,18,4285,4303,0.42
January 31 2022,Suffolk City,VA,Passenger,1,0,1,99,100,1.00
April 30 2021,Yamhill,OR,Passenger,1,0,1,33,34,2.94
March 31 2020,Whatcom,WA,Truck,3,0,3,44116,44119,0.01
March 31 2020,Clallam,WA,Truck,1,0,1,22331,22332,0.00
February 28 2022,Guadalupe,TX,Passenger,1,0,1,29,30,3.33
May 31 2021,Garfield,WA,Truck,0,0,0,1011,1011,0.00
February 28 2022,Harrison,MS,Passenger,2,0,2,41,43,4.65
February 28 2022,Hennepin,MN,Passenger,1,0,1,44,45,2.22
March 31 2020,Yakima,WA,Truck,0,0,0,61897,61897,0.00
December 31 2021,Douglas,WA,Passenger,112,59,171,28351,28522,0.60
March 31 2020,Columbia,WA,Passenger,3,3,6,2485,2491,0.24
December 31 2021,Dupage,IL,Passenger,1,0,1,29,30,3.33
May 31 2021,Bradley,TN,Passenger,1,1,2,0,2,100.00
May 31 2021,Guadalupe,TX,Passenger,1,0,1,37,38,2.63
April 30 2020,NULL,NULL,Passenger,7,6,13,1888,1901,0.68
December 31 2021,Fairfax,VA,Passenger,4,6,10,563,573,1.75
April 30 2020,Alexandria City,VA,Passenger,4,0,4,136,140,2.86
February 28 2022,Alameda,CA,Passenger,1,0,1,155,156,0.64
February 28 2022,Jefferson,WA,Truck,4,0,4,9349,9353,0.04
May 31 2021,Carson City,NV,Passenger,1,0,1,10,11,9.09
March 31 2020,Davidson,TN,Passenger,1,0,1,59,60,1.67
March 31 2020,Dekalb,GA,Passenger,1,0,1,73,74,1.35
April 30 2020,Bartow,GA,Passenger,0,1,1,3,4,25.00
February 28 2022,Bexar,TX,Passenger,2,3,5,347,352,1.42
May 31 2021,Clark,WA,Truck,17,0,17,85140,85157,0.02
December 31 2021,Harris,TX,Passenger,1,0,1,111,112,0.89
March 31 2020,District Of Columbia,DC,Passenger,1,2,3,210,213,1.41
February 28 2022,Kitsap,WA,Truck,45,0,45,52972,53017,0.08
December 31 2021,Hillsborough,FL,Passenger,0,1,1,103,104,0.96
February 28 2022,Klamath,OR,Passenger,1,0,1,14,15,6.67
December 31 2021,Honolulu,HI,Passenger,3,1,4,240,244,1.64
December 31 2021,Howard,IN,Passenger,0,1,1,4,5,20.00
May 31 2021,Jefferson,WA,Passenger,329,188,517,25181,25698,2.01
December 31 2021,Island,WA,Passenger,709,347,1056,62456,63512,1.66
March 31 2020,Douglas,NE,Passenger,0,1,1,49,50,2.00
May 31 2021,Cowlitz,WA,Passenger,233,147,380,73299,73679,0.52
February 28 2022,Clark,NV,Passenger,4,1,5,411,416,1.20
March 31 2020,Douglas,WA,Truck,0,0,0,12646,12646,0.00
May 31 2021,Cumberland,NC,Passenger,0,2,2,408,410,0.49
December 31 2021,Jefferson,WA,Truck,3,0,3,9535,9538,0.03
May 31 2021,Kent,DE,Passenger,0,1,1,58,59,1.69
March 31 2020,Erie,NY,Passenger,1,0,1,36,37,2.70
February 28 2022,Cowlitz,WA,Truck,10,0,10,28095,28105,0.04
May 31 2021,Kitsap,WA,Truck,8,0,8,55210,55218,0.01
December 31 2021,Kings,NY,Passenger,1,0,1,45,46,2.17
May 31 2021,Kittitas,WA,Truck,1,0,1,14955,14956,0.01
February 28 2022,Maricopa,AZ,Passenger,1,0,1,561,562,0.18
December 31 2021,Kitsap,WA,Truck,40,0,40,53964,54004,0.07
May 31 2021,Klamath,OR,Passenger,1,0,1,20,21,4.76
April 30 2020,Camden,GA,Passenger,1,1,2,151,153,1.31
February 28 2022,El Paso,TX,Passenger,1,0,1,287,288,0.35
December 31 2021,Lewis,WA,Truck,7,0,7,26362,26369,0.03
February 28 2022,Montgomery,MD,Passenger,3,5,8,169,177,4.52
February 28 2022,Muscogee,GA,Passenger,0,1,1,124,125,0.80
December 31 2021,Lincoln,WA,Truck,0,0,0,4771,4771,0.00
February 28 2022,New Castle,DE,Passenger,1,0,1,15,16,6.25
March 31 2020,Guadalupe,TX,Passenger,2,0,2,53,55,3.64
May 31 2021,Los Angeles,CA,Passenger,7,7,14,773,787,1.78
February 28 2022,Grant,WA,Truck,8,0,8,27106,27114,0.03
February 28 2022,Grays Harbor,WA,Passenger,207,158,365,48037,48402,0.75
February 28 2022,Grays Harbor,WA,Truck,12,0,12,20747,20759,0.06
February 28 2022,Pacific,WA,Passenger,65,64,129,15642,15771,0.82
December 31 2021,Montgomery,MD,Passenger,3,5,8,180,188,4.26
February 28 2022,Pennington,SD,Passenger,1,0,1,21,22,4.55
February 28 2022,Placer,CA,Passenger,1,0,1,52,53,1.89
May 31 2021,Maui,HI,Passenger,1,0,1,24,25,4.00
May 31 2021,Glacier,MT,Passenger,0,1,1,4,5,20.00
April 30 2020,Columbia,GA,Passenger,1,1,2,149,151,1.32
February 28 2022,Hidalgo,TX,Passenger,0,1,1,50,51,1.96
May 31 2021,Mecklenburg,NC,Passenger,1,0,1,69,70,1.43
December 31 2021,Okanogan,WA,Truck,0,0,0,3800,3800,0.00
February 28 2022,Queens,NY,Passenger,1,0,1,32,33,3.03
April 30 2020,Columbia,WA,Passenger,3,3,6,2479,2485,0.24
May 31 2021,Grant,WA,Passenger,105,94,199,67738,67937,0.29
May 31 2021,Grays Harbor,WA,Passenger,178,142,320,49797,50117,0.64
April 30 2020,Contra Costa,CA,Passenger,2,0,2,183,185,1.08
December 31 2021,Powhatan,VA,Passenger,1,0,1,1,2,50.00
May 31 2021,Muscogee,GA,Passenger,0,1,1,147,148,0.68
February 28 2022,Klickitat,WA,Truck,2,0,2,8096,8098,0.02
February 28 2022,Salt Lake,UT,Passenger,2,0,2,104,106,1.89
May 31 2021,Harnett,NC,Passenger,0,1,1,145,146,0.68
May 31 2021,Pacific,WA,Passenger,52,52,104,16223,16327,0.64
April 30 2020,Dekalb,IN,Passenger,1,0,1,1,2,50.00
May 31 2021,Palm Beach,FL,Passenger,1,0,1,48,49,2.04
May 31 2021,Hennepin,MN,Passenger,1,0,1,60,61,1.64
December 31 2021,Saint Marys,MD,Passenger,1,1,2,147,149,1.34
May 31 2021,Hillsborough,FL,Passenger,0,1,1,128,129,0.78
December 31 2021,San Francisco,CA,Passenger,0,1,1,61,62,1.61
February 28 2022,Sarasota,FL,Passenger,1,0,1,18,19,5.26
May 31 2021,Pennington,SD,Passenger,1,0,1,27,28,3.57
December 31 2021,Santa Clara,CA,Passenger,3,0,3,154,157,1.91
April 30 2020,Douglas,NE,Passenger,0,1,1,48,49,2.04
March 31 2020,Kent,DE,Passenger,0,1,1,66,67,1.49
May 31 2021,Platte,MO,Passenger,1,0,1,17,18,5.56
April 30 2020,Douglas,OR,Passenger,1,0,1,38,39,2.56
April 30 2020,Dupage,IL,Passenger,2,0,2,47,49,4.08
February 28 2022,Skagit,WA,Passenger,718,329,1047,88184,89231,1.17
December 31 2021,Spokane,WA,Passenger,1328,781,2109,324145,326254,0.65
May 31 2021,Jefferson,WA,Truck,0,0,0,9736,9736,0.00
March 31 2020,Kittitas,WA,Passenger,105,51,156,30683,30839,0.51
March 31 2020,Kittitas,WA,Truck,0,0,0,15034,15034,0.00
February 28 2022,Okanogan,NULL,Truck,3,0,3,12404,12407,0.02
March 31 2020,Klamath,OR,Passenger,1,0,1,24,25,4.00
February 28 2022,Orange,FL,Passenger,1,0,1,65,66,1.52
March 31 2020,Kootenai,ID,Passenger,1,1,2,195,197,1.02
May 31 2021,Klickitat,WA,Truck,1,0,1,8385,8386,0.01
February 28 2022,Suffolk City,VA,Passenger,1,0,1,99,100,1.00
February 28 2022,Ozaukee,WI,Passenger,0,1,1,2,3,33.33
December 31 2021,Walla Walla,WA,Passenger,140,89,229,36060,36289,0.63
May 31 2021,Saint Louis City,MO,Passenger,1,0,1,19,20,5.00
February 28 2022,Pinellas,FL,Passenger,0,1,1,49,50,2.00
February 28 2022,Prince William,VA,Truck,1,0,1,21,22,4.55
March 31 2020,Los Angeles,CA,Passenger,7,9,16,984,1000,1.60
December 31 2021,Whitman,WA,Passenger,69,61,130,21702,21832,0.60
December 31 2021,Williamson,TX,Passenger,1,0,1,59,60,1.67
February 28 2022,Virginia Beach City,VA,Passenger,2,0,2,453,455,0.44
April 30 2020,Guadalupe,TX,Passenger,2,0,2,53,55,3.64
April 30 2020,Guilford,NC,Passenger,1,0,1,26,27,3.70
February 28 2022,San Juan,WA,Truck,4,0,4,5807,5811,0.07
May 31 2021,Skagit,WA,Passenger,606,284,890,92953,93843,0.95
January 31 2022,Alameda,CA,Passenger,2,0,2,163,165,1.21
March 31 2020,Maui,HI,Passenger,1,0,1,35,36,2.78
May 31 2021,Snohomish,WA,Truck,26,0,26,127947,127973,0.02
April 30 2020,Harris,TX,Passenger,1,0,1,204,205,0.49
February 28 2022,Spokane,WA,Truck,56,0,56,99783,99839,0.06
February 28 2022,Whitman,WA,Passenger,71,57,128,21411,21539,0.59
May 31 2021,Stevens,WA,Truck,0,0,0,19219,19219,0.00
May 31 2021,Sumter,FL,Passenger,0,1,1,8,9,11.11
February 28 2022,Thurston,WA,Passenger,2006,993,2999,191345,194344,1.54
May 31 2021,Montgomery,MD,Passenger,2,4,6,208,214,2.80
March 31 2020,Muscogee,GA,Passenger,0,1,1,172,173,0.58
January 31 2022,Camden,GA,Passenger,1,0,1,104,105,0.95
April 30 2020,Honolulu,HI,Passenger,3,0,3,411,414,0.72
February 28 2022,Ventura,CA,Passenger,1,1,2,201,203,0.99
May 31 2021,Travis,TX,Passenger,1,0,1,123,124,0.81
January 31 2022,Clark,NV,Passenger,4,1,5,431,436,1.15
May 31 2021,Virginia Beach City,VA,Passenger,2,0,2,552,554,0.36
March 31 2020,Otero,NM,Passenger,0,1,1,35,36,2.78
January 31 2022,Columbia,GA,Passenger,1,0,1,91,92,1.09
March 31 2020,Pacific,WA,Passenger,38,36,74,16290,16364,0.45
May 31 2021,Okanogan,NULL,Truck,2,0,2,13041,13043,0.02
May 31 2021,Washoe,NV,Passenger,1,0,1,60,61,1.64
March 31 2020,Pacific,WA,Truck,0,0,0,7915,7915,0.00
January 31 2022,Cowlitz,WA,Truck,10,0,10,28442,28452,0.04
April 30 2020,Jefferson,WA,Truck,0,0,0,9755,9755,0.00
March 31 2020,Palm Beach,FL,Passenger,0,2,2,64,66,3.03
January 31 2022,Cumberland,NC,Truck,1,0,1,76,77,1.30
March 31 2020,Pend Oreille,WA,Truck,0,0,0,5994,5994,0.00
May 31 2021,Whitman,WA,Passenger,63,46,109,22295,22404,0.49
April 30 2020,Juneau,AK,Passenger,0,1,1,24,25,4.00
January 31 2022,Danville City,VA,Passenger,1,0,1,0,1,100.00
May 31 2021,Pend Oreille,WA,Passenger,14,6,20,9412,9432,0.21
March 31 2020,Pima,AZ,Passenger,2,1,3,313,316,0.95
January 31 2022,District Of Columbia,DC,Passenger,3,1,4,170,174,2.30
June 30 2021,NULL,WA,Passenger,0,0,0,3,3,0.00
April 30 2020,Kitsap,WA,Truck,1,0,1,55148,55149,0.00
March 31 2020,Polk,FL,Passenger,1,0,1,68,69,1.45
January 31 2022,El Paso,TX,Passenger,1,0,1,290,291,0.34
June 30 2021,Albemarle,VA,Passenger,1,0,1,21,22,4.55
May 31 2021,Pinellas,FL,Passenger,0,1,1,59,60,1.67
April 30 2020,Klamath,OR,Passenger,1,0,1,24,25,4.00
January 31 2022,Fairbanks North Star,AK,Passenger,0,1,1,67,68,1.47
May 31 2021,Plaquemines,LA,Passenger,0,1,1,19,20,5.00
May 31 2021,Powhatan,VA,Passenger,1,0,1,1,2,50.00
June 30 2021,Benton,WA,Passenger,529,403,932,137732,138664,0.67
January 31 2022,Grant,WA,Truck,8,0,8,27437,27445,0.03
June 30 2021,Benton,WA,Truck,6,0,6,44074,44080,0.01
January 31 2022,Grays Harbor,WA,Truck,11,0,11,20978,20989,0.05
March 31 2020,Saint Louis City,MO,Passenger,1,0,1,25,26,3.85
May 31 2021,Saint Louis,MO,Passenger,1,0,1,45,46,2.17
May 31 2021,San Francisco,CA,Passenger,1,1,2,78,80,2.50
January 31 2022,Kittitas,WA,Passenger,218,67,285,29171,29456,0.97
January 31 2022,Klamath,OR,Passenger,1,0,1,15,16,6.25
March 31 2020,Skagit,WA,Passenger,426,240,666,93995,94661,0.70
March 31 2020,Skamania,WA,Passenger,32,18,50,8932,8982,0.56
April 30 2020,Maui,HI,Passenger,1,0,1,35,36,2.78
June 30 2021,Clallam,WA,Passenger,343,220,563,50956,51519,1.09
March 31 2020,Sumter,FL,Passenger,0,1,1,8,9,11.11
May 31 2021,Spartanburg,SC,Passenger,0,1,1,35,36,2.78
May 31 2021,Spokane,WA,Passenger,1078,658,1736,329036,330772,0.52
January 31 2022,New Castle,DE,Passenger,1,0,1,15,16,6.25
March 31 2020,Travis,TX,Passenger,1,2,3,155,158,1.90
March 31 2020,Vigo,IN,Passenger,1,0,1,3,4,25.00
April 30 2020,Montgomery,MD,Passenger,0,4,4,250,254,1.57
January 31 2022,Orange,FL,Passenger,1,0,1,71,72,1.39
March 31 2020,Wahkiakum,WA,Passenger,6,6,12,3075,3087,0.39
January 31 2022,Pend Oreille,WA,Truck,1,0,1,5582,5583,0.02
January 31 2022,Pennington,SD,Passenger,1,0,1,22,23,4.35
April 30 2020,Muscogee,GA,Passenger,0,1,1,171,172,0.58
March 31 2020,Wahkiakum,WA,Truck,0,0,0,1802,1802,0.00
May 31 2021,Ventura,CA,Passenger,1,2,3,253,256,1.17
January 31 2022,Sacramento,CA,Passenger,1,0,1,161,162,0.62
April 30 2020,Norfolk City,VA,Passenger,2,1,3,360,363,0.83
January 31 2022,San Juan,WA,Truck,4,0,4,5894,5898,0.07
March 31 2020,Washtenaw,MI,Passenger,1,0,1,25,26,3.85
April 30 2020,Okanogan,WA,Truck,0,0,0,4058,4058,0.00
June 30 2021,Glacier,MT,Passenger,0,1,1,4,5,20.00
January 31 2022,Skagit,WA,Passenger,705,322,1027,89302,90329,1.14
March 31 2020,Whatcom,WA,Passenger,1119,516,1635,153988,155623,1.05
April 30 2020,Pacific,WA,Passenger,38,36,74,16123,16197,0.46
January 31 2022,Snohomish,WA,Passenger,7227,2268,9495,528841,538336,1.76
January 31 2022,Spokane,WA,Truck,56,0,56,100846,100902,0.06
January 31 2022,Stevens,WA,Passenger,62,42,104,29609,29713,0.35
April 30 2020,NULL,CA,Passenger,1,2,3,222,225,1.33
June 30 2021,Howard,MD,Passenger,0,1,1,69,70,1.43
May 31 2021,Yakima,WA,Truck,2,0,2,62643,62645,0.00
April 30 2020,Albemarle,VA,Passenger,1,0,1,28,29,3.45
June 30 2021,NULL,NULL,Passenger,8,5,13,1520,1533,0.85
February 28 2022,NULL,NULL,Truck,2,0,2,229,231,0.87
April 30 2020,Bell,TX,Passenger,0,1,1,402,403,0.25
June 30 2021,Anne Arundel,MD,Passenger,3,3,6,365,371,1.62
February 28 2022,Adams,WA,Truck,1,0,1,5288,5289,0.02
April 30 2020,Saint Marys,MD,Passenger,1,0,1,191,192,0.52
June 30 2021,Asotin,WA,Passenger,21,18,39,12823,12862,0.30
February 28 2022,Allegheny,PA,Passenger,1,0,1,36,37,2.70
April 30 2020,San Diego,CA,Passenger,12,9,21,2789,2810,0.75
April 30 2020,Benton,WA,Truck,0,0,0,43623,43623,0.00
February 28 2022,Asotin,WA,Truck,2,0,2,6565,6567,0.03
June 30 2021,Lincoln,WA,Passenger,7,13,20,7814,7834,0.26
April 30 2020,Santa Clara,CA,Passenger,3,2,5,272,277,1.81
February 28 2022,Baltimore,MD,Passenger,1,0,1,28,29,3.45
February 28 2022,Bay,FL,Passenger,1,0,1,21,22,4.55
April 30 2020,Shelby,TN,Passenger,0,1,1,85,86,1.16
April 30 2020,Broward,FL,Passenger,1,1,2,106,108,1.85
February 28 2022,Boone,MO,Passenger,0,1,1,6,7,14.29
June 30 2021,Mason,WA,Truck,2,0,2,21530,21532,0.01
April 30 2020,Skagit,WA,Passenger,431,239,670,93395,94065,0.71
June 30 2021,Calvert,MD,Passenger,0,2,2,85,87,2.30
February 28 2022,Caddo,LA,Passenger,1,0,1,6,7,14.29
April 30 2020,Bucks,PA,Passenger,1,0,1,19,20,5.00
February 28 2022,Chelan,WA,Passenger,424,117,541,53070,53611,1.01
June 30 2021,Montgomery,AL,Passenger,0,1,1,30,31,3.23
April 30 2020,Carson City,NV,Passenger,1,0,1,9,10,10.00
April 30 2020,Tulsa,OK,Passenger,0,1,1,37,38,2.63
April 30 2020,Twin Falls,ID,Passenger,0,1,1,22,23,4.35
February 28 2022,Davidson,TN,Passenger,1,0,1,27,28,3.57
February 28 2022,Dekalb,GA,Passenger,1,0,1,35,36,2.78
June 30 2021,Contra Costa,CA,Passenger,1,0,1,140,141,0.71
June 30 2021,Orange,CA,Passenger,3,2,5,392,397,1.26
February 28 2022,Douglas,WA,Truck,5,0,5,12290,12295,0.04
February 28 2022,Erie,NY,Passenger,1,0,1,19,20,5.00
April 30 2020,Cook,IL,Passenger,1,0,1,207,208,0.48
June 30 2021,Douglas,WA,Passenger,95,49,144,28762,28906,0.50
February 28 2022,Franklin,WA,Truck,8,0,8,20361,20369,0.04
February 28 2022,Frederick,MD,Passenger,2,1,3,65,68,4.41
June 30 2021,Pend Oreille,WA,Passenger,14,7,21,9390,9411,0.22
June 30 2021,Dupage,IL,Passenger,1,0,1,34,35,2.86
June 30 2021,Plaquemines,LA,Passenger,0,1,1,18,19,5.26
April 30 2020,Whitman,WA,Passenger,46,51,97,22766,22863,0.42
April 30 2020,Cumberland,NC,Passenger,0,2,2,479,481,0.42
June 30 2021,Fairfax,VA,Passenger,5,6,11,619,630,1.75
May 31 2020,Ada,ID,Passenger,0,1,1,240,241,0.41
February 28 2022,Island,WA,Truck,14,0,14,20952,20966,0.07
May 31 2020,Alameda,CA,Passenger,1,0,1,247,248,0.40
June 30 2021,Riley,KS,Passenger,1,0,1,46,47,2.13
April 30 2020,District Of Columbia,DC,Passenger,1,2,3,206,209,1.44
June 30 2021,Franklin,WA,Passenger,129,101,230,62612,62842,0.37
May 31 2020,Anne Arundel,MD,Passenger,0,3,3,407,410,0.73
June 30 2021,Sacramento,CA,Passenger,2,0,2,190,192,1.04
May 31 2020,Asotin,WA,Passenger,17,13,30,12682,12712,0.24
February 28 2022,Kent,DE,Passenger,0,1,1,41,42,2.38
June 30 2021,Harris,TX,Passenger,1,0,1,154,155,0.65
February 28 2022,Liberty,GA,Passenger,1,0,1,86,87,1.15
June 30 2021,Hillsborough,FL,Passenger,0,1,1,123,124,0.81
June 30 2021,Honolulu,HI,Passenger,4,0,4,308,312,1.28
April 30 2020,Garfield,WA,Passenger,0,1,1,1358,1359,0.07
June 30 2021,Spartanburg,SC,Passenger,0,1,1,33,34,2.94
February 28 2022,Los Angeles,CA,Passenger,2,4,6,599,605,0.99
April 30 2020,Glacier,MT,Passenger,0,1,1,5,6,16.67
June 30 2021,Howard,IN,Passenger,0,1,1,3,4,25.00
June 30 2021,Stafford,VA,Passenger,2,0,2,85,87,2.30
May 31 2020,Camden,GA,Passenger,1,1,2,149,151,1.32
June 30 2021,Island,WA,Passenger,631,329,960,64000,64960,1.48
February 28 2022,Marin,CA,Passenger,0,1,1,24,25,4.00
February 28 2022,Mason,WA,Passenger,287,164,451,46275,46726,0.97
June 30 2021,Jefferson,WA,Truck,0,0,0,9738,9738,0.00
February 28 2022,Monterey,CA,Passenger,1,0,1,125,126,0.79
February 28 2022,Montgomery,AL,Passenger,0,1,1,30,31,3.23
June 30 2021,Kings,NY,Passenger,1,0,1,49,50,2.00
February 28 2022,Moore,NC,Passenger,0,1,1,109,110,0.91
June 30 2021,Kitsap,WA,Truck,11,0,11,55022,55033,0.02
May 31 2020,Cowlitz,WA,Truck,0,0,0,29567,29567,0.00
February 28 2022,Otero,NM,Passenger,0,1,1,29,30,3.33
June 30 2021,Williams,ND,Passenger,0,1,1,8,9,11.11
February 28 2022,Pacific,WA,Truck,2,0,2,7797,7799,0.03
February 28 2022,Palm Beach,FL,Passenger,1,0,1,30,31,3.23
February 28 2022,Pima,AZ,Passenger,0,1,1,155,156,0.64
May 31 2020,District Of Columbia,DC,Passenger,2,2,4,205,209,1.91
June 30 2021,Lewis,WA,Truck,0,0,0,27075,27075,0.00
June 30 2021,Lincoln,WA,Truck,0,0,0,4797,4797,0.00
April 30 2020,Kittitas,WA,Truck,0,0,0,15003,15003,0.00
July 31 2021,Anchorage,AK,Passenger,1,0,1,120,121,0.83
May 31 2020,El Paso,TX,Passenger,2,0,2,429,431,0.46
February 28 2022,Saint Marys,MD,Truck,1,0,1,41,42,2.38
February 28 2022,San Bernardino,CA,Passenger,1,2,3,286,289,1.04
May 31 2020,Fairbanks North Star,AK,Passenger,0,1,1,97,98,1.02
February 28 2022,Santa Cruz,CA,Passenger,1,0,1,20,21,4.76
February 28 2022,Sarpy,NE,Passenger,1,0,1,42,43,2.33
May 31 2020,Flathead,MT,Passenger,1,0,1,53,54,1.85
February 28 2022,Skamania,WA,Passenger,61,46,107,8025,8132,1.32
May 31 2020,Franklin,WA,Passenger,65,81,146,61863,62009,0.24
June 30 2021,Okanogan,WA,Truck,0,0,0,3939,3939,0.00
July 31 2021,Boone,MO,Passenger,0,1,1,5,6,16.67
February 28 2022,Vigo,IN,Passenger,1,0,1,3,4,25.00
February 28 2022,Wake,NC,Passenger,1,0,1,74,75,1.33
July 31 2021,Boulder,CO,Passenger,0,1,1,21,22,4.55
February 28 2022,Walla Walla,WA,Truck,7,0,7,13700,13707,0.05
June 30 2021,Pierce,WA,Truck,28,0,28,147318,147346,0.02
June 30 2021,Platte,MO,Passenger,1,0,1,16,17,5.88
June 30 2021,Powhatan,VA,Passenger,1,0,1,1,2,50.00
February 28 2022,Whatcom,WA,Passenger,1705,680,2385,145109,147494,1.62
February 28 2022,Wichita,TX,Passenger,1,0,1,32,33,3.03
May 31 2020,Grant,WA,Truck,0,0,0,27871,27871,0.00
May 31 2020,Grays Harbor,WA,Truck,0,0,0,21256,21256,0.00
July 31 2021,Columbia,WA,Passenger,6,2,8,2502,2510,0.32
July 31 2021,Dekalb,GA,Passenger,1,0,1,48,49,2.04
June 30 2021,Saint Marys,MD,Passenger,1,1,2,163,165,1.21
April 30 2020,Pend Oreille,WA,Passenger,8,6,14,9579,9593,0.15
June 30 2021,San Francisco,CA,Passenger,0,1,1,76,77,1.30
July 31 2021,Douglas,NE,Passenger,1,1,2,36,38,5.26
June 30 2021,Santa Clara,CA,Passenger,6,1,7,189,196,3.57
July 31 2021,Douglas,OR,Passenger,1,0,1,25,26,3.85
July 31 2021,Dupage,IL,Passenger,1,0,1,35,36,2.78
June 30 2021,Spokane,WA,Passenger,1115,681,1796,329118,330914,0.54
April 30 2020,Sacramento,CA,Passenger,1,0,1,247,248,0.40
April 30 2020,Saint Louis,MO,Passenger,1,0,1,62,63,1.59
May 31 2020,King,WA,Truck,6,1,7,185877,185884,0.00
May 31 2020,Kitsap,WA,Truck,0,0,0,55108,55108,0.00
July 31 2021,Guadalupe,TX,Passenger,1,0,1,35,36,2.78
May 31 2020,Klamath,OR,Passenger,1,0,1,23,24,4.17
July 31 2021,Hennepin,MN,Passenger,1,0,1,56,57,1.75
May 31 2020,Leon,FL,Passenger,1,0,1,9,10,10.00
June 30 2021,Walla Walla,WA,Passenger,113,77,190,36992,37182,0.51
May 31 2020,Lewis,WA,Truck,0,0,0,26774,26774,0.00
July 31 2021,Jefferson,WA,Truck,0,0,0,9711,9711,0.00
April 30 2020,Snohomish,WA,Passenger,4594,1866,6460,544798,551258,1.17
June 30 2021,Whitman,WA,Passenger,61,49,110,22216,22326,0.49
April 30 2020,Spartanburg,SC,Passenger,0,1,1,38,39,2.56
April 30 2020,Stafford,VA,Passenger,1,0,1,84,85,1.18
June 30 2021,Williamson,TX,Passenger,1,0,1,74,75,1.33
May 31 2020,Maui,HI,Passenger,1,0,1,33,34,2.94
April 30 2020,Stevens,WA,Passenger,36,35,71,31801,31872,0.22
April 30 2020,Sumter,FL,Passenger,0,1,1,8,9,11.11
July 31 2021,Alameda,CA,Passenger,2,0,2,194,196,1.02
May 31 2020,Montgomery,PA,Passenger,1,0,1,20,21,4.76
July 31 2021,Los Angeles,CA,Passenger,7,7,14,734,748,1.87
April 30 2020,Travis,TX,Passenger,1,2,3,155,158,1.90
April 30 2020,Tuolumne,CA,Passenger,0,1,1,8,9,11.11
May 31 2020,New Castle,DE,Passenger,1,0,1,21,22,4.55
April 30 2020,Wahkiakum,WA,Passenger,6,6,12,3041,3053,0.39
July 31 2021,Montgomery,MD,Passenger,3,4,7,194,201,3.48
July 31 2021,Muscogee,GA,Passenger,0,1,1,138,139,0.72
July 31 2021,Bucks,PA,Passenger,1,0,1,17,18,5.56
July 31 2021,Okanogan,NULL,Passenger,52,38,90,20868,20958,0.43
July 31 2021,Oldham,KY,Passenger,0,1,1,4,5,20.00
July 31 2021,Camden,GA,Passenger,1,0,1,114,115,0.87
July 31 2021,Pacific,WA,Passenger,55,56,111,16150,16261,0.68
April 30 2020,Yakima,WA,Truck,0,0,0,61740,61740,0.00
July 31 2021,Pierce,WA,Passenger,3861,2090,5951,563158,569109,1.05
July 31 2021,Pinellas,FL,Passenger,0,1,1,58,59,1.69
July 31 2021,Clark,NV,Passenger,4,1,5,504,509,0.98
July 31 2021,San Bernardino,CA,Passenger,0,1,1,350,351,0.28
July 31 2021,Columbia,GA,Passenger,1,0,1,113,114,0.88
July 31 2021,Santa Cruz,CA,Passenger,1,0,1,22,23,4.35
July 31 2021,Cowlitz,WA,Truck,4,0,4,29357,29361,0.01
May 31 2020,Shasta,CA,Passenger,1,0,1,34,35,2.86
July 31 2021,Skagit,WA,Truck,6,0,6,33239,33245,0.02
July 31 2021,Cumberland,NC,Truck,1,0,1,89,90,1.11
July 31 2021,Snohomish,WA,Truck,39,0,39,127225,127264,0.03
May 31 2020,Skagit,WA,Passenger,433,240,673,93102,93775,0.72
May 31 2020,Snohomish,WA,Passenger,4591,1867,6458,543511,549969,1.17
July 31 2021,Danville City,VA,Passenger,1,0,1,0,1,100.00
May 31 2020,Boulder,CO,Passenger,1,1,2,32,34,5.88
May 31 2020,Spokane,WA,Truck,1,0,1,100392,100393,0.00
July 31 2021,District Of Columbia,DC,Passenger,3,2,5,199,204,2.45
July 31 2021,Virginia Beach City,VA,Passenger,2,0,2,537,539,0.37
May 31 2020,Stevens,WA,Passenger,37,35,72,31565,31637,0.23
July 31 2021,El Paso,TX,Passenger,2,0,2,343,345,0.58
July 31 2021,Fairbanks North Star,AK,Passenger,0,1,1,80,81,1.23
July 31 2021,Washoe,NV,Passenger,1,0,1,55,56,1.79
July 31 2021,Whitman,WA,Passenger,64,51,115,22101,22216,0.52
July 31 2021,Wichita,TX,Passenger,1,0,1,34,35,2.86
July 31 2021,Grant,WA,Truck,1,0,1,28272,28273,0.00
May 31 2020,Columbia,WA,Passenger,4,3,7,2477,2484,0.28
July 31 2021,Grays Harbor,WA,Truck,7,0,7,21525,21532,0.03
August 31 2021,Anne Arundel,MD,Passenger,3,4,7,347,354,1.98
May 31 2020,Columbia,WA,Truck,0,0,0,1583,1583,0.00
August 31 2021,Asotin,WA,Passenger,22,18,40,12736,12776,0.31
May 31 2020,Douglas,NE,Passenger,0,1,1,47,48,2.08
August 31 2021,Caddo,LA,Passenger,1,0,1,7,8,12.50
May 31 2020,Douglas,OR,Passenger,1,0,1,38,39,2.56
July 31 2021,Jones,GA,Passenger,1,0,1,1,2,50.00
August 31 2021,Chaves,NM,Passenger,1,0,1,5,6,16.67
June 30 2020,NULL,WA,Passenger,0,0,0,4,4,0.00
July 31 2021,Kittitas,WA,Passenger,174,68,242,30214,30456,0.79
July 31 2021,Klamath,OR,Passenger,1,0,1,17,18,5.56
June 30 2020,Albemarle,VA,Passenger,1,0,1,27,28,3.57
August 31 2021,Denton,TX,Passenger,1,0,1,45,46,2.17
May 31 2020,Guadalupe,TX,Passenger,2,0,2,52,54,3.70
August 31 2021,Fairbanks North Star,AK,Passenger,0,1,1,75,76,1.32
August 31 2021,Ferry,WA,Passenger,9,3,12,4404,4416,0.27
June 30 2020,Benton,WA,Passenger,372,330,702,137035,137737,0.51
August 31 2021,Franklin,WA,Passenger,144,103,247,62319,62566,0.39
August 31 2021,Franklin,WA,Truck,5,0,5,20867,20872,0.02
August 31 2021,Fresno,CA,Passenger,1,0,1,144,145,0.69
August 31 2021,Grays Harbor,WA,Truck,8,0,8,21448,21456,0.04
July 31 2021,New Castle,DE,Passenger,1,0,1,17,18,5.56
August 31 2021,Harrison,MS,Passenger,2,0,2,48,50,4.00
July 31 2021,Orange,FL,Passenger,1,0,1,84,85,1.18
June 30 2020,Clallam,WA,Passenger,242,171,413,51040,51453,0.80
May 31 2020,Kent,MI,Passenger,0,1,1,20,21,4.76
July 31 2021,Pend Oreille,WA,Truck,1,0,1,5816,5817,0.02
July 31 2021,Pennington,SD,Passenger,1,0,1,25,26,3.85
May 31 2020,King,WA,Passenger,24627,8016,32643,1396654,1429297,2.28
June 30 2020,Columbia,WA,Truck,0,0,0,1581,1581,0.00
May 31 2020,Klickitat,WA,Passenger,56,41,97,15663,15760,0.62
August 31 2021,Lewis,WA,Truck,4,0,4,26840,26844,0.01
July 31 2021,Sacramento,CA,Passenger,2,0,2,187,189,1.06
August 31 2021,Maricopa,AZ,Passenger,2,1,3,725,728,0.41
May 31 2020,Lewis,WA,Passenger,109,117,226,59479,59705,0.38
July 31 2021,San Juan,WA,Truck,0,0,0,6017,6017,0.00
August 31 2021,Milwaukee,WI,Passenger,1,0,1,31,32,3.12
August 31 2021,Monterey,CA,Passenger,1,0,1,147,148,0.68
August 31 2021,Montgomery,PA,Passenger,2,0,2,12,14,14.29
August 31 2021,Moore,NC,Passenger,0,1,1,115,116,0.86
July 31 2021,Skagit,WA,Passenger,632,296,928,92490,93418,0.99
August 31 2021,New Castle,DE,Passenger,1,0,1,15,16,6.25
July 31 2021,Snohomish,WA,Passenger,6290,2151,8441,543026,551467,1.53
July 31 2021,Spokane,WA,Truck,24,0,24,102903,102927,0.02
June 30 2020,Greene,MO,Passenger,0,1,1,20,21,4.76
July 31 2021,Stevens,WA,Passenger,53,45,98,30696,30794,0.32
August 31 2021,Queens,NY,Passenger,1,0,1,42,43,2.33
July 31 2021,Thurston,WA,Passenger,1744,924,2668,199117,201785,1.32
August 31 2021,Saginaw,MI,Passenger,1,0,1,6,7,14.29
May 31 2020,Montgomery,OH,Passenger,0,1,1,58,59,1.69
August 31 2021,San Juan,WA,Passenger,448,141,589,14292,14881,3.96
May 31 2020,Muscogee,GA,Passenger,0,1,1,170,171,0.58
May 31 2020,Okanogan,NULL,Passenger,31,25,56,20588,20644,0.27
May 31 2020,Oldham,KY,Passenger,0,1,1,3,4,25.00
August 31 2021,Thurston,WA,Truck,27,0,27,56551,56578,0.05
August 31 2021,NULL,WA,Passenger,0,0,0,4,4,0.00
May 31 2020,Pacific,WA,Passenger,39,36,75,15993,16068,0.47
June 30 2020,Jones,GA,Passenger,1,0,1,1,2,50.00
August 31 2021,Yakima,WA,Passenger,260,170,430,170090,170520,0.25
August 31 2021,Yamhill,OR,Passenger,1,0,1,29,30,3.33
May 31 2020,Pierce,WA,Passenger,2589,1800,4389,558082,562471,0.78
August 31 2021,Benton,WA,Passenger,575,414,989,136998,137987,0.72
September 30 2021,Adams,WA,Passenger,16,16,32,13081,13113,0.24
May 31 2020,Prince William,VA,Passenger,2,3,5,214,219,2.28
September 30 2021,Arlington,VA,Passenger,0,1,1,109,110,0.91
August 31 2021,Clallam,WA,Passenger,361,222,583,50753,51336,1.14
May 31 2020,Ramsey,MN,Passenger,1,0,1,34,35,2.86
May 31 2020,Saint Clair,IL,Passenger,1,0,1,138,139,0.72
August 31 2021,Columbia,WA,Truck,1,0,1,1546,1547,0.06
September 30 2021,Boulder,CO,Passenger,0,1,1,18,19,5.26
June 30 2020,Los Angeles,CA,Passenger,7,9,16,937,953,1.68
May 31 2020,Skagit,WA,Truck,1,0,1,33324,33325,0.00
June 30 2020,Mason,WA,Passenger,193,144,337,48352,48689,0.69
September 30 2021,Clark,NV,Passenger,4,1,5,473,478,1.05
May 31 2020,Skamania,WA,Truck,0,0,0,4186,4186,0.00
September 30 2021,Columbia,WA,Truck,1,0,1,1539,1540,0.06
August 31 2021,Duval,FL,Passenger,0,1,1,267,268,0.37
June 30 2020,Montgomery,AL,Passenger,0,2,2,36,38,5.26
May 31 2020,Twin Falls,ID,Passenger,0,1,1,21,22,4.55
August 31 2021,Ferry,WA,Truck,0,0,0,3635,3635,0.00
June 30 2020,Multnomah,OR,Passenger,4,7,11,657,668,1.65
August 31 2021,Flathead,MT,Passenger,1,0,1,28,29,3.45
May 31 2020,Wahkiakum,WA,Truck,0,0,0,1801,1801,0.00
August 31 2021,Greene,MO,Passenger,0,1,1,17,18,5.56
September 30 2021,Hennepin,MN,Passenger,1,0,1,54,55,1.82
August 31 2021,Hamilton,IN,Passenger,1,0,1,22,23,4.35
June 30 2020,Okanogan,NULL,Passenger,33,26,59,20574,20633,0.29
September 30 2021,Hidalgo,TX,Passenger,0,1,1,53,54,1.85
May 31 2020,Washoe,NV,Passenger,1,0,1,79,80,1.25
June 30 2020,Osceola,FL,Passenger,1,0,1,33,34,2.94
May 31 2020,Whatcom,WA,Truck,3,0,3,43939,43942,0.01
September 30 2021,Lake,IL,Passenger,1,0,1,146,147,0.68
August 31 2021,King,WA,Truck,128,1,129,184651,184780,0.07
June 30 2020,Ramsey,MN,Passenger,1,0,1,34,35,2.86
September 30 2021,Manassas City,VA,Passenger,0,1,1,5,6,16.67
June 30 2020,Riverside,CA,Passenger,2,1,3,568,571,0.53
June 30 2020,Bryan,GA,Passenger,1,0,1,56,57,1.75
August 31 2021,Montgomery,OH,Passenger,0,1,1,61,62,1.61
September 30 2021,Multnomah,OR,Passenger,2,5,7,500,507,1.38
June 30 2020,Bucks,PA,Passenger,1,0,1,19,20,5.00
August 31 2021,Montgomery,TX,Passenger,0,1,1,23,24,4.17
August 31 2021,Multnomah,OR,Passenger,2,6,8,518,526,1.52
June 30 2020,Camden,GA,Passenger,1,1,2,145,147,1.36
September 30 2021,Okanogan,NULL,Passenger,54,39,93,20743,20836,0.45
September 30 2021,Okanogan,NULL,Truck,2,0,2,12862,12864,0.02
June 30 2020,San Bernardino,CA,Passenger,0,1,1,434,435,0.23
September 30 2021,Okanogan,WA,Passenger,13,6,19,5838,5857,0.32
September 30 2021,Oldham,KY,Passenger,0,1,1,4,5,20.00
August 31 2021,Nueces,TX,Passenger,1,0,1,60,61,1.64
August 31 2021,Okanogan,NULL,Passenger,53,40,93,20757,20850,0.45
June 30 2020,Santa Cruz,CA,Passenger,1,0,1,32,33,3.03
September 30 2021,Pierce,WA,Passenger,4087,2121,6208,559941,566149,1.10
September 30 2021,Pierce,WA,Truck,49,0,49,145529,145578,0.03
September 30 2021,Pinellas,FL,Passenger,0,1,1,55,56,1.79
June 30 2020,Chesapeake City,VA,Passenger,0,2,2,400,402,0.50
August 31 2021,Prince William,VA,Passenger,1,1,2,195,197,1.02
June 30 2020,Skagit,WA,Truck,1,0,1,33369,33370,0.00
August 31 2021,Riverside,CA,Passenger,4,1,5,447,452,1.11
June 30 2020,Clark,WA,Passenger,2144,1111,3255,323643,326898,1.00
June 30 2020,Stafford,VA,Passenger,1,0,1,84,85,1.18
September 30 2021,Riverside,CA,Passenger,3,0,3,432,435,0.69
August 31 2021,Saint Clair,IL,Passenger,1,0,1,125,126,0.79
August 31 2021,Santa Barbara,CA,Passenger,1,0,1,70,71,1.41
September 30 2021,San Bernardino,CA,Passenger,0,1,1,336,337,0.30
September 30 2021,San Juan,WA,Truck,0,0,0,5995,5995,0.00
August 31 2021,Skagit,WA,Truck,9,0,9,33110,33119,0.03
September 30 2021,Skagit,WA,Truck,10,0,10,32961,32971,0.03
June 30 2020,District Of Columbia,DC,Passenger,2,2,4,207,211,1.90
June 30 2020,Washoe,NV,Passenger,1,0,1,77,78,1.28
June 30 2020,Douglas,NE,Passenger,0,1,1,46,47,2.13
August 31 2021,Williams,ND,Passenger,0,1,1,8,9,11.11
June 30 2020,Westchester,NY,Passenger,0,1,1,22,23,4.35
June 30 2020,Williams,ND,Passenger,0,1,1,12,13,7.69
June 30 2020,Garfield,WA,Truck,0,0,0,1002,1002,0.00
October 31 2021,Asotin,WA,Truck,2,0,2,6729,6731,0.03
July 31 2020,Allegheny,PA,Passenger,1,0,1,59,60,1.67
September 30 2021,Carroll,MD,Passenger,0,1,1,9,10,10.00
October 31 2021,Caddo,LA,Passenger,1,0,1,6,7,14.29
September 30 2021,Chaves,NM,Passenger,1,0,1,5,6,16.67
September 30 2021,Chesapeake City,VA,Passenger,1,2,3,338,341,0.88
July 31 2020,Asotin,WA,Truck,0,0,0,6839,6839,0.00
September 30 2021,Clark,WA,Passenger,3251,1500,4751,322306,327057,1.45
October 31 2021,Chaves,NM,Passenger,1,0,1,5,6,16.67
June 30 2020,Jefferson,WA,Passenger,249,154,403,25271,25674,1.57
October 31 2021,Denton,TX,Passenger,1,0,1,41,42,2.38
July 31 2020,Boone,MO,Passenger,0,1,1,7,8,12.50
September 30 2021,Denton,TX,Passenger,1,0,1,42,43,2.33
October 31 2021,Duval,FL,Passenger,0,1,1,256,257,0.39
June 30 2020,Kittitas,WA,Passenger,105,49,154,30536,30690,0.50
July 31 2020,Caddo,LA,Passenger,1,0,1,11,12,8.33
September 30 2021,El Paso,CO,Passenger,1,0,1,536,537,0.19
June 30 2020,Klamath,OR,Passenger,1,0,1,23,24,4.17
October 31 2021,Ferry,WA,Passenger,11,3,14,4425,4439,0.32
October 31 2021,Ferry,WA,Truck,0,0,0,3569,3569,0.00
October 31 2021,Franklin,WA,Truck,7,0,7,20774,20781,0.03
September 30 2021,Fresno,CA,Passenger,1,0,1,141,142,0.70
June 30 2020,Lincoln,WA,Passenger,6,12,18,7815,7833,0.23
October 31 2021,Garfield,WA,Passenger,0,3,3,1345,1348,0.22
September 30 2021,Greene,MO,Passenger,0,1,1,16,17,5.88
July 31 2020,Cascade,MT,Passenger,0,1,1,53,54,1.85
October 31 2021,Harrison,MS,Passenger,2,0,2,46,48,4.17
September 30 2021,Hamilton,IN,Passenger,1,0,1,21,22,4.55
July 31 2020,Chaves,NM,Passenger,1,0,1,9,10,10.00
June 30 2020,Maui,HI,Passenger,1,0,1,32,33,3.03
September 30 2021,Jefferson,WA,Passenger,365,187,552,24855,25407,2.17
June 30 2020,Mecklenburg,NC,Passenger,1,0,1,66,67,1.49
September 30 2021,Klickitat,WA,Passenger,84,48,132,15440,15572,0.85
July 31 2020,Davidson,TN,Passenger,1,0,1,53,54,1.85
July 31 2020,Dekalb,GA,Passenger,1,0,1,69,70,1.43
June 30 2020,Muscogee,GA,Passenger,0,1,1,170,171,0.58
July 31 2020,Denton,TX,Passenger,1,0,1,59,60,1.67
September 30 2021,Mecklenburg,NC,Passenger,1,0,1,62,63,1.59
June 30 2020,Nassau,FL,Passenger,1,0,1,25,26,3.85
September 30 2021,Montgomery,OH,Passenger,0,1,1,62,63,1.59
October 31 2021,Maricopa,AZ,Passenger,2,0,2,685,687,0.29
September 30 2021,Nueces,TX,Passenger,1,0,1,57,58,1.72
October 31 2021,Milwaukee,WI,Passenger,1,0,1,29,30,3.33
October 31 2021,Missoula,MT,Passenger,1,0,1,32,33,3.03
June 30 2020,Pend Oreille,WA,Truck,0,0,0,5978,5978,0.00
October 31 2021,Moore,NC,Passenger,0,1,1,112,113,0.88
July 31 2020,Franklin,WA,Truck,0,0,0,20652,20652,0.00
October 31 2021,Nueces,TX,Passenger,1,0,1,56,57,1.75
July 31 2020,Fresno,CA,Passenger,1,0,1,164,165,0.61
September 30 2021,Saginaw,MI,Passenger,1,0,1,5,6,16.67
September 30 2021,San Juan,WA,Passenger,457,142,599,14232,14831,4.04
June 30 2020,Riley,KS,Passenger,1,0,1,60,61,1.64
October 31 2021,Placer,CA,Passenger,1,0,1,57,58,1.72
September 30 2021,Shelby,OH,Passenger,0,1,1,0,1,100.00
June 30 2020,Sacramento,CA,Passenger,1,0,1,245,246,0.41
September 30 2021,Snohomish,WA,Truck,67,0,67,126230,126297,0.05
October 31 2021,Queens,NY,Passenger,1,0,1,37,38,2.63
September 30 2021,Stevens,WA,Truck,2,0,2,18887,18889,0.01
October 31 2021,Saginaw,MI,Passenger,1,0,1,5,6,16.67
September 30 2021,Thurston,WA,Truck,31,0,31,56312,56343,0.06
September 30 2021,Tipton,TN,Passenger,1,0,1,10,11,9.09
June 30 2020,Shelby,OH,Passenger,0,1,1,1,2,50.00
October 31 2021,Sarasota,FL,Passenger,1,0,1,22,23,4.35
June 30 2020,Skagit,WA,Passenger,440,245,685,93076,93761,0.73
July 31 2020,Jefferson,WA,Passenger,263,156,419,25211,25630,1.63
September 30 2021,Washoe,NV,Passenger,1,0,1,52,53,1.89
June 30 2020,Snohomish,WA,Passenger,4624,1881,6505,544180,550685,1.18
June 30 2020,Snohomish,WA,Truck,0,0,0,127287,127287,0.00
July 31 2020,Kent,DE,Passenger,0,1,1,64,65,1.54
September 30 2021,Whitman,WA,Truck,2,0,2,8560,8562,0.02
September 30 2021,Wilson,NC,Passenger,1,0,1,0,1,100.00
October 31 2021,Suffolk City,VA,Passenger,1,0,1,106,107,0.93
June 30 2020,Stevens,WA,Truck,0,0,0,19244,19244,0.00
September 30 2021,Yakima,WA,Passenger,269,171,440,169644,170084,0.26
September 30 2021,Yamhill,OR,Passenger,1,0,1,27,28,3.57
July 31 2020,Kootenai,ID,Passenger,1,0,1,186,187,0.53
October 31 2021,NULL,CA,Passenger,1,4,5,210,215,2.33
October 31 2021,Allegheny,PA,Passenger,1,0,1,44,45,2.22
October 31 2021,Arlington,VA,Passenger,0,1,1,105,106,0.94
October 31 2021,Yakima,WA,Passenger,284,172,456,168892,169348,0.27
October 31 2021,Bell,TX,Passenger,0,1,1,282,283,0.35
October 31 2021,Benton,WA,Truck,20,0,20,43668,43688,0.05
November 30 2021,NULL,NULL,Passenger,6,6,12,1323,1335,0.90
July 31 2020,Los Angeles,CA,Passenger,7,9,16,925,941,1.70
October 31 2021,Bernalillo,NM,Passenger,1,0,1,81,82,1.22
November 30 2021,Adams,WA,Passenger,16,16,32,12950,12982,0.25
November 30 2021,Adams,WA,Truck,0,0,0,5400,5400,0.00
November 30 2021,Arlington,VA,Passenger,0,1,1,104,105,0.95
June 30 2020,Washtenaw,MI,Passenger,1,0,1,26,27,3.70
October 31 2021,Bradley,TN,Passenger,0,1,1,0,1,100.00
June 30 2020,Whitman,WA,Truck,0,0,0,8739,8739,0.00
November 30 2021,Bernalillo,NM,Passenger,1,0,1,79,80,1.25
October 31 2021,Carson City,NV,Passenger,1,0,1,10,11,9.09
July 31 2020,Mecklenburg,NC,Passenger,1,0,1,67,68,1.47
October 31 2021,Charles,MD,Passenger,1,1,2,56,58,3.45
October 31 2021,Clallam,WA,Truck,3,0,3,22053,22056,0.01
July 31 2020,Adams,WA,Passenger,9,9,18,13205,13223,0.14
November 30 2021,Carroll,MD,Passenger,0,1,1,9,10,10.00
July 31 2020,Monterey,CA,Passenger,1,0,1,178,179,0.56
July 31 2020,Moore,NC,Passenger,0,2,2,158,160,1.25
November 30 2021,Clark,NV,Passenger,4,1,5,445,450,1.11
July 31 2020,Arlington,VA,Passenger,0,2,2,130,132,1.52
October 31 2021,Cumberland,NC,Passenger,0,2,2,366,368,0.54
November 30 2021,Columbia,GA,Passenger,1,0,1,97,98,1.02
July 31 2020,Nueces,TX,Passenger,1,0,1,80,81,1.23
October 31 2021,Davidson,TN,Passenger,1,0,1,34,35,2.86
July 31 2020,Okanogan,NULL,Passenger,34,27,61,20603,20664,0.30
July 31 2020,Palm Beach,FL,Passenger,0,1,1,64,65,1.54
October 31 2021,Frederick,MD,Passenger,2,1,3,67,70,4.29
November 30 2021,El Paso,CO,Passenger,1,0,1,520,521,0.19
October 31 2021,Glacier,MT,Passenger,0,1,1,4,5,20.00
November 30 2021,Frederick,MD,Passenger,2,1,3,67,70,4.29
July 31 2020,Ramsey,MN,Passenger,1,0,1,33,34,2.94
October 31 2021,Harnett,NC,Passenger,0,1,1,128,129,0.78
July 31 2020,Saginaw,MI,Passenger,1,0,1,9,10,10.00
October 31 2021,Hidalgo,TX,Passenger,0,1,1,53,54,1.85
July 31 2020,Columbia,WA,Truck,0,0,0,1588,1588,0.00
November 30 2021,Harris,TX,Passenger,1,0,1,121,122,0.82
July 31 2020,Saint Louis City,MO,Passenger,1,0,1,25,26,3.85
November 30 2021,Hidalgo,TX,Passenger,0,1,1,52,53,1.89
July 31 2020,Cowlitz,WA,Passenger,157,130,287,73649,73936,0.39
November 30 2021,Honolulu,HI,Passenger,3,1,4,253,257,1.56
July 31 2020,San Bernardino,CA,Passenger,0,1,1,426,427,0.23
October 31 2021,Kent,DE,Passenger,0,1,1,50,51,1.96
July 31 2020,San Juan,WA,Passenger,314,97,411,14341,14752,2.79
October 31 2021,Kittitas,WA,Truck,4,0,4,14701,14705,0.03
July 31 2020,San Mateo,CA,Passenger,0,1,1,103,104,0.96
July 31 2020,Santa Cruz,CA,Passenger,1,0,1,31,32,3.12
November 30 2021,Lake,IL,Passenger,1,0,1,144,145,0.69
October 31 2021,Liberty,GA,Passenger,1,0,1,94,95,1.05
July 31 2020,Skagit,WA,Truck,1,0,1,33449,33450,0.00
July 31 2020,Snohomish,WA,Truck,0,0,0,127568,127568,0.00
November 30 2021,Liberty,GA,Passenger,1,0,1,91,92,1.09
July 31 2020,Franklin,WA,Passenger,73,85,158,62061,62219,0.25
November 30 2021,Manassas City,VA,Passenger,0,1,1,5,6,16.67
July 31 2020,Stevens,WA,Truck,0,0,0,19251,19251,0.00
October 31 2021,Monterey,CA,Passenger,1,0,1,141,142,0.70
July 31 2020,Grant,WA,Passenger,64,80,144,66891,67035,0.21
July 31 2020,Grays Harbor,WA,Passenger,124,116,240,49072,49312,0.49
July 31 2020,Thurston,WA,Truck,0,0,0,57006,57006,0.00
November 30 2021,Okanogan,NULL,Truck,2,0,2,12722,12724,0.02
November 30 2021,Okanogan,WA,Passenger,13,6,19,5792,5811,0.33
October 31 2021,Okanogan,NULL,Truck,2,0,2,12770,12772,0.02
November 30 2021,Okanogan,WA,Truck,0,0,0,3823,3823,0.00
November 30 2021,Orange,FL,Passenger,1,0,1,77,78,1.28
November 30 2021,Ozaukee,WI,Passenger,0,1,1,2,3,33.33
July 31 2020,Valencia,NM,Passenger,1,0,1,4,5,20.00
October 31 2021,Otero,NM,Passenger,0,1,1,30,31,3.23
October 31 2021,Ozaukee,WI,Passenger,0,1,1,3,4,25.00
October 31 2021,Palm Beach,FL,Passenger,1,0,1,38,39,2.56
July 31 2020,Hennepin,MN,Passenger,2,0,2,77,79,2.53
November 30 2021,Pierce,WA,Truck,67,0,67,144350,144417,0.05
October 31 2021,Pend Oreille,WA,Passenger,18,7,25,9187,9212,0.27
July 31 2020,Hidalgo,TX,Passenger,0,1,1,64,65,1.54
October 31 2021,Plaquemines,LA,Passenger,0,1,1,18,19,5.26
July 31 2020,Washoe,NV,Passenger,1,0,1,74,75,1.33
July 31 2020,Westchester,NY,Passenger,0,1,1,22,23,4.35
November 30 2021,Saint Marys,MD,Passenger,1,1,2,150,152,1.32
October 31 2021,Saint Louis,MO,Passenger,1,0,1,36,37,2.70
July 31 2020,Kent,MI,Passenger,0,1,1,20,21,4.76
November 30 2021,San Diego,CA,Passenger,13,10,23,2216,2239,1.03
October 31 2021,Saint Louis City,MO,Passenger,1,0,1,18,19,5.26
November 30 2021,San Juan,WA,Truck,0,0,0,5949,5949,0.00
July 31 2020,Yakima,WA,Passenger,157,128,285,169984,170269,0.17
July 31 2020,King,WA,Truck,8,1,9,187088,187097,0.00
November 30 2021,Santa Clara,CA,Passenger,4,0,4,160,164,2.44
July 31 2020,Klickitat,WA,Truck,0,0,0,8388,8388,0.00
November 30 2021,Sarpy,NE,Passenger,1,0,1,47,48,2.08
October 31 2021,Sarpy,NE,Passenger,1,0,1,47,48,2.08
October 31 2021,Sevier,AR,Passenger,0,1,1,0,1,100.00
October 31 2021,Skamania,WA,Passenger,61,41,102,8336,8438,1.21
July 31 2020,Lake,IL,Passenger,1,0,1,167,168,0.60
August 31 2020,Arapahoe,CO,Passenger,1,0,1,120,121,0.83
November 30 2021,Tipton,TN,Passenger,1,0,1,10,11,9.09
July 31 2020,Larimer,CO,Passenger,0,1,1,33,34,2.94
October 31 2021,Travis,TX,Passenger,1,0,1,90,91,1.10
August 31 2020,Benton,WA,Truck,0,0,0,44027,44027,0.00
October 31 2021,Wahkiakum,WA,Passenger,17,8,25,3055,3080,0.81
October 31 2021,Wake,NC,Passenger,1,0,1,87,88,1.14
November 30 2021,Wilson,NC,Passenger,1,0,1,0,1,100.00
December 31 2021,NULL,CA,Passenger,1,4,5,209,214,2.34
December 31 2021,Bell,TX,Passenger,0,1,1,269,270,0.37
October 31 2021,Whatcom,WA,Passenger,1630,657,2287,150066,152353,1.50
October 31 2021,Yakima,WA,Truck,5,0,5,61683,61688,0.01
December 31 2021,Bradley,TN,Passenger,0,1,1,0,1,100.00
December 31 2021,Bryan,GA,Passenger,1,0,1,50,51,1.96
August 31 2020,Charles,MD,Passenger,1,1,2,66,68,2.94
December 31 2021,Carson City,NV,Passenger,1,0,1,8,9,11.11
August 31 2020,Chelan,WA,Truck,0,0,0,23232,23232,0.00
December 31 2021,Clackamas,OR,Passenger,1,0,1,102,103,0.97
August 31 2020,Chesapeake City,VA,Passenger,0,2,2,395,397,0.50
November 30 2021,Carson City,NV,Passenger,1,0,1,8,9,11.11
July 31 2020,Montgomery,PA,Passenger,1,0,1,20,21,4.76
December 31 2021,Coryell,TX,Passenger,1,0,1,84,85,1.18
August 31 2020,Clallam,WA,Truck,1,0,1,22207,22208,0.00
December 31 2021,Cumberland,NC,Passenger,0,2,2,353,355,0.56
August 31 2020,Clark,WA,Passenger,2262,1131,3393,324196,327589,1.04
July 31 2020,Multnomah,OR,Passenger,4,7,11,652,663,1.66
November 30 2021,Clark,WA,Truck,48,0,48,83532,83580,0.06
December 31 2021,District Of Columbia,DC,Passenger,3,1,4,176,180,2.22
November 30 2021,Cowlitz,WA,Passenger,276,166,442,71540,71982,0.61
November 30 2021,Cumberland,NC,Passenger,0,2,2,359,361,0.55
December 31 2021,Duval,FL,Passenger,0,1,1,243,244,0.41
July 31 2020,Oklahoma,OK,Passenger,0,1,1,106,107,0.93
December 31 2021,Ferry,WA,Truck,0,0,0,3525,3525,0.00
December 31 2021,Flathead,MT,Passenger,1,0,1,27,28,3.57
December 31 2021,Garfield,WA,Passenger,0,3,3,1337,1340,0.22
November 30 2021,Dupage,IL,Passenger,1,0,1,31,32,3.12
December 31 2021,Garfield,WA,Truck,0,0,0,995,995,0.00
August 31 2020,Denver,CO,Passenger,1,0,1,99,100,1.00
December 31 2021,Goochland,VA,Passenger,2,0,2,70,72,2.78
November 30 2021,Glacier,MT,Passenger,0,1,1,4,5,20.00
July 31 2020,Pierce,WA,Truck,0,0,0,146401,146401,0.00
December 31 2021,Harnett,NC,Passenger,0,1,1,124,125,0.80
November 30 2021,Grant,WA,Passenger,131,103,234,66579,66813,0.35
July 31 2020,Pinellas,FL,Passenger,1,1,2,80,82,2.44
November 30 2021,Grays Harbor,WA,Passenger,200,156,356,49215,49571,0.72
November 30 2021,Harnett,NC,Passenger,0,1,1,125,126,0.79
July 31 2020,Prince William,VA,Passenger,2,3,5,217,222,2.25
November 30 2021,Hennepin,MN,Passenger,1,0,1,48,49,2.04
November 30 2021,Hillsborough,FL,Passenger,0,1,1,107,108,0.93
November 30 2021,Howard,IN,Passenger,0,1,1,4,5,20.00
December 31 2021,Kitsap,WA,Passenger,2202,949,3151,179305,182456,1.73
December 31 2021,Kittitas,WA,Truck,4,0,4,14553,14557,0.03
July 31 2020,Riverside,CA,Passenger,2,1,3,558,561,0.53
August 31 2020,Fresno,CA,Passenger,1,0,1,161,162,0.62
November 30 2021,Jefferson,WA,Truck,2,0,2,9592,9594,0.02
July 31 2020,Saint Clair,IL,Passenger,1,0,1,137,138,0.72
August 31 2020,Glacier,MT,Passenger,0,1,1,3,4,25.00
November 30 2021,Kings,NY,Passenger,1,0,1,45,46,2.17
November 30 2021,Klickitat,WA,Truck,1,0,1,8288,8289,0.01
November 30 2021,Montgomery,MD,Passenger,3,5,8,182,190,4.21
December 31 2021,Platte,MO,Passenger,1,0,1,14,15,6.67
November 30 2021,Pend Oreille,WA,Passenger,18,7,25,9097,9122,0.27
July 31 2020,Ventura,CA,Passenger,1,2,3,278,281,1.07
November 30 2021,Pinellas,FL,Passenger,0,1,1,53,54,1.85
August 31 2020,Kern,CA,Passenger,1,1,2,216,218,0.92
November 30 2021,Plaquemines,LA,Passenger,0,1,1,18,19,5.26
November 30 2021,Powhatan,VA,Passenger,1,0,1,1,2,50.00
December 31 2021,Snohomish,WA,Passenger,7062,2240,9302,532939,542241,1.72
August 31 2020,Larimer,CO,Passenger,0,1,1,32,33,3.03
December 31 2021,Stevens,WA,Passenger,59,42,101,29941,30042,0.34
December 31 2021,Suffolk City,VA,Passenger,1,0,1,103,104,0.96
November 30 2021,San Francisco,CA,Passenger,0,1,1,61,62,1.61
August 31 2020,Lincoln,WA,Passenger,6,11,17,7807,7824,0.22
August 31 2020,Adams,WA,Truck,0,0,0,5491,5491,0.00
November 30 2021,Spartanburg,SC,Passenger,0,1,1,30,31,3.23
August 31 2020,Albemarle,VA,Passenger,1,0,1,24,25,4.00
November 30 2021,Spokane,WA,Passenger,1284,773,2057,325174,327231,0.63
August 31 2020,Alexandria City,VA,Passenger,4,0,4,130,134,2.99
December 31 2021,Yakima,WA,Truck,6,0,6,61152,61158,0.01
November 30 2021,Ventura,CA,Passenger,1,1,2,219,221,0.90
August 31 2020,Asotin,WA,Truck,0,0,0,6845,6845,0.00
January 31 2022,Bay,FL,Passenger,1,0,1,21,22,4.55
January 31 2022,Bexar,TX,Passenger,2,3,5,358,363,1.38
August 31 2020,Bartow,GA,Passenger,0,1,1,3,4,25.00
August 31 2020,Monterey,CA,Passenger,1,0,1,174,175,0.57
November 30 2021,Whitman,WA,Passenger,68,60,128,21781,21909,0.58
November 30 2021,Yakima,WA,Truck,5,0,5,61448,61453,0.01
January 31 2022,Charles,MD,Truck,1,0,1,12,13,7.69
August 31 2020,Brevard,FL,Passenger,0,1,1,66,67,1.49
August 31 2020,Nassau,FL,Passenger,1,0,1,24,25,4.00
August 31 2020,Broward,FL,Passenger,1,1,2,99,101,1.98
January 31 2022,Chelan,WA,Passenger,419,114,533,53652,54185,0.98
December 31 2021,Alexandria City,VA,Passenger,5,0,5,115,120,4.17
December 31 2021,Anchorage,AK,Passenger,1,0,1,105,106,0.94
August 31 2020,Caddo,LA,Passenger,1,0,1,11,12,8.33
December 31 2021,Bartow,GA,Passenger,0,1,1,2,3,33.33
January 31 2022,Clark,WA,Truck,73,0,73,82317,82390,0.09
August 31 2020,Otero,NM,Passenger,0,1,1,32,33,3.03
January 31 2022,Cowlitz,WA,Passenger,281,167,448,70312,70760,0.63
August 31 2020,Pacific,WA,Truck,0,0,0,7902,7902,0.00
December 31 2021,Camden,GA,Passenger,1,0,1,106,107,0.93
August 31 2020,Pend Oreille,WA,Passenger,8,5,13,9511,9524,0.14
December 31 2021,Charles,MD,Truck,1,0,1,12,13,7.69
January 31 2022,Douglas,WA,Truck,5,0,5,12417,12422,0.04
January 31 2022,Erie,NY,Passenger,1,0,1,21,22,4.55
January 31 2022,Fairfax,VA,Passenger,4,5,9,551,560,1.61
December 31 2021,Columbia,GA,Passenger,1,0,1,95,96,1.04
August 31 2020,Cook,IL,Passenger,1,0,1,183,184,0.54
December 31 2021,Columbia,WA,Passenger,6,2,8,2440,2448,0.33
January 31 2022,Grant,WA,Passenger,137,102,239,65632,65871,0.36
December 31 2021,Cumberland,NC,Truck,1,0,1,79,80,1.25
January 31 2022,Grays Harbor,WA,Passenger,204,160,364,48592,48956,0.74
December 31 2021,Danville City,VA,Passenger,1,0,1,0,1,100.00
January 31 2022,Hamilton,IN,Passenger,1,0,1,15,16,6.25
August 31 2020,Riley,KS,Passenger,1,0,1,60,61,1.64
December 31 2021,Douglas,NE,Passenger,1,2,3,29,32,9.38
December 31 2021,Douglas,OR,Passenger,1,0,1,21,22,4.55
January 31 2022,Hillsborough,FL,Passenger,0,1,1,101,102,0.98
January 31 2022,Howard,IN,Passenger,0,1,1,4,5,20.00
December 31 2021,Fairbanks North Star,AK,Passenger,0,1,1,68,69,1.45
January 31 2022,Island,WA,Truck,14,0,14,21135,21149,0.07
December 31 2021,Ferry,WA,Passenger,14,3,17,4374,4391,0.39
January 31 2022,King,WA,Passenger,36078,10079,46157,1337592,1383749,3.34
January 31 2022,Klickitat,WA,Passenger,90,51,141,15021,15162,0.93
December 31 2021,Grays Harbor,WA,Truck,10,0,10,21157,21167,0.05
August 31 2020,San Juan,WA,Passenger,322,102,424,14312,14736,2.88
August 31 2020,Franklin,WA,Truck,0,0,0,20722,20722,0.00
January 31 2022,Klickitat,WA,Truck,2,0,2,8193,8195,0.02
August 31 2020,Shelby,OH,Passenger,0,1,1,1,2,50.00
December 31 2021,Guadalupe,TX,Passenger,1,0,1,30,31,3.23
January 31 2022,Lewis,WA,Passenger,222,169,391,58432,58823,0.66
August 31 2020,Garfield,WA,Passenger,0,1,1,1364,1365,0.07
December 31 2021,Harrison,MS,Passenger,2,0,2,42,44,4.55
August 31 2020,Skamania,WA,Passenger,35,22,57,8595,8652,0.66
January 31 2022,Montgomery,TX,Passenger,0,1,1,14,15,6.67
August 31 2020,Harrison,MS,Passenger,1,0,1,55,56,1.79
December 31 2021,Kittitas,WA,Passenger,210,72,282,29416,29698,0.95
December 31 2021,Klamath,OR,Passenger,1,0,1,16,17,5.88
August 31 2020,Thurston,WA,Truck,0,0,0,57022,57022,0.00
January 31 2022,Philadelphia,PA,Passenger,1,0,1,30,31,3.23
January 31 2022,Pima,AZ,Passenger,0,1,1,164,165,0.61
January 31 2022,Powhatan,VA,Passenger,1,0,1,1,2,50.00
January 31 2022,Prince William,VA,Passenger,1,1,2,184,186,1.08
August 31 2020,Wahkiakum,WA,Passenger,6,7,13,3096,3109,0.42
December 31 2021,Maricopa,AZ,Passenger,2,0,2,629,631,0.32
January 31 2022,Saint Clair,IL,Passenger,1,0,1,110,111,0.90
January 31 2022,San Francisco,CA,Passenger,0,1,1,57,58,1.72
January 31 2022,Skamania,WA,Truck,0,0,0,3901,3901,0.00
January 31 2022,Spokane,WA,Passenger,1361,782,2143,321472,323615,0.66
December 31 2021,Muscogee,GA,Passenger,0,1,1,130,131,0.76
August 31 2020,Whatcom,WA,Passenger,1185,539,1724,152155,153879,1.12
December 31 2021,New Castle,DE,Passenger,1,0,1,13,14,7.14
August 31 2020,Whitman,WA,Truck,0,0,0,8689,8689,0.00
December 31 2021,Norfolk City,VA,Passenger,1,1,2,282,284,0.70
January 31 2022,Thurston,WA,Passenger,1962,984,2946,193678,196624,1.50
December 31 2021,Orange,FL,Passenger,1,0,1,75,76,1.32
January 31 2022,Ventura,CA,Passenger,1,1,2,205,207,0.97
December 31 2021,Pacific,WA,Passenger,59,65,124,15935,16059,0.77
January 31 2022,Vigo,IN,Passenger,1,0,1,3,4,25.00
January 31 2022,Wahkiakum,WA,Truck,0,0,0,1783,1783,0.00
December 31 2021,Pend Oreille,WA,Truck,1,0,1,5611,5612,0.02
December 31 2021,Pennington,SD,Passenger,1,0,1,24,25,4.00
January 31 2022,Walla Walla,WA,Truck,7,0,7,13877,13884,0.05
December 31 2021,Philadelphia,PA,Passenger,1,0,1,31,32,3.12
January 31 2022,Whatcom,WA,Truck,29,0,29,42779,42808,0.07
December 31 2021,Placer,CA,Passenger,1,0,1,56,57,1.75
December 31 2021,Queens,NY,Passenger,1,0,1,37,38,2.63
February 28 2022,Albemarle,VA,Passenger,2,0,2,21,23,8.70
September 30 2020,Boulder,CO,Passenger,1,1,2,29,31,6.45
December 31 2021,Salt Lake,UT,Passenger,1,0,1,111,112,0.89
February 28 2022,Benton,WA,Passenger,656,450,1106,132355,133461,0.83
February 28 2022,Benton,WA,Truck,31,0,31,42455,42486,0.07
August 31 2020,Maricopa,AZ,Passenger,4,5,9,1069,1078,0.83
December 31 2021,San Diego,CA,Passenger,12,10,22,2157,2179,1.01
December 31 2021,Sarasota,FL,Passenger,1,0,1,21,22,4.55
August 31 2020,Mason,WA,Passenger,195,141,336,48416,48752,0.69
August 31 2020,Mason,WA,Truck,0,0,0,21320,21320,0.00
December 31 2021,Skagit,WA,Passenger,703,317,1020,90217,91237,1.12
December 31 2021,Skamania,WA,Truck,0,0,0,3952,3952,0.00
September 30 2020,Carson City,NV,Passenger,1,0,1,9,10,10.00
February 28 2022,Charles,MD,Passenger,1,1,2,48,50,4.00
February 28 2022,Chesapeake City,VA,Passenger,1,2,3,301,304,0.99
December 31 2021,Virginia Beach City,VA,Passenger,2,0,2,468,470,0.43
December 31 2021,Wahkiakum,WA,Truck,0,0,0,1804,1804,0.00
February 28 2022,Clallam,WA,Passenger,398,239,637,49045,49682,1.28
September 30 2020,Clackamas,OR,Passenger,1,0,1,148,149,0.67
February 28 2022,Clallam,WA,Truck,6,0,6,21523,21529,0.03
September 30 2020,Columbia,WA,Passenger,4,3,7,2492,2499,0.28
December 31 2021,Whatcom,WA,Truck,29,0,29,43159,43188,0.07
August 31 2020,Montgomery,AL,Passenger,0,2,2,35,37,5.41
January 31 2022,NULL,NULL,Passenger,5,6,11,1253,1264,0.87
September 30 2020,Cumberland,NC,Passenger,0,3,3,456,459,0.65
January 31 2022,Adams,WA,Passenger,17,16,33,12798,12831,0.26
January 31 2022,Anne Arundel,MD,Passenger,3,4,7,316,323,2.17
August 31 2020,Moore,NC,Passenger,0,2,2,155,157,1.27
January 31 2022,Asotin,WA,Passenger,21,18,39,12433,12472,0.31
August 31 2020,Norfolk City,VA,Passenger,2,1,3,353,356,0.84
February 28 2022,Glacier,MT,Passenger,0,1,1,4,5,20.00
September 30 2020,Deschutes,OR,Passenger,1,0,1,102,103,0.97
February 28 2022,Howard,MD,Passenger,0,1,1,61,62,1.61
January 31 2022,Calvert,MD,Passenger,0,2,2,75,77,2.60
August 31 2020,Orange,CA,Passenger,4,1,5,459,464,1.08
September 30 2020,Douglas,OR,Passenger,1,0,1,40,41,2.44
September 30 2020,Dupage,IL,Passenger,2,0,2,43,45,4.44
February 28 2022,Kings,CA,Passenger,1,0,1,274,275,0.36
February 28 2022,Lincoln,WA,Passenger,8,17,25,7517,7542,0.33
August 31 2020,Placer,CA,Passenger,1,0,1,76,77,1.30
January 31 2022,Douglas,WA,Passenger,113,59,172,28166,28338,0.61
February 28 2022,Mason,WA,Truck,12,0,12,20486,20498,0.06
September 30 2020,Goochland,VA,Passenger,3,1,4,152,156,2.56
January 31 2022,Flathead,MT,Passenger,1,0,1,25,26,3.85
January 31 2022,Franklin,WA,Passenger,174,107,281,61180,61461,0.46
September 30 2020,Guadalupe,TX,Passenger,1,0,1,47,48,2.08
February 28 2022,Orange,CA,Passenger,3,1,4,316,320,1.25
January 31 2022,Harris,TX,Passenger,1,0,1,106,107,0.93
September 30 2020,Hennepin,MN,Passenger,1,0,1,73,74,1.35
February 28 2022,Pend Oreille,WA,Passenger,16,9,25,8767,8792,0.28
January 31 2022,Howard,MD,Passenger,0,1,1,60,61,1.64
February 28 2022,Plaquemines,LA,Passenger,0,1,1,17,18,5.56
January 31 2022,Island,WA,Passenger,727,347,1074,61907,62981,1.71
February 28 2022,Riley,KS,Passenger,1,0,1,38,39,2.56
August 31 2020,Sarasota,FL,Passenger,1,0,1,18,19,5.26
February 28 2022,Sacramento,CA,Passenger,1,0,1,154,155,0.65
January 31 2022,King,WA,Truck,226,1,227,179619,179846,0.13
January 31 2022,Kings,CA,Passenger,1,0,1,284,285,0.35
January 31 2022,Kitsap,WA,Truck,43,0,43,53589,53632,0.08
February 28 2022,Shelby,OH,Passenger,0,1,1,0,1,100.00
January 31 2022,Lake,IL,Passenger,1,0,1,141,142,0.70
February 28 2022,Stafford,VA,Passenger,2,0,2,75,77,2.60
September 30 2020,Jefferson,WA,Truck,0,0,0,9746,9746,0.00
January 31 2022,Lewis,WA,Truck,9,0,9,26147,26156,0.03
August 31 2020,Stafford,VA,Passenger,1,0,1,82,83,1.20
January 31 2022,Lincoln,WA,Truck,0,0,0,4742,4742,0.00
August 31 2020,Suffolk City,VA,Passenger,1,0,1,120,121,0.83
February 28 2022,Wahkiakum,WA,Passenger,17,11,28,2989,3017,0.93
September 30 2020,Kitsap,WA,Passenger,1508,736,2244,183078,185322,1.21
January 31 2022,Montgomery,PA,Passenger,2,0,2,10,12,16.67
January 31 2022,Multnomah,OR,Passenger,1,3,4,432,436,0.92
August 31 2020,Valencia,NM,Passenger,1,0,1,4,5,20.00
January 31 2022,Okanogan,WA,Truck,0,0,0,3766,3766,0.00
January 31 2022,Pierce,WA,Truck,86,0,86,142053,142139,0.06
January 31 2022,Platte,MO,Passenger,1,0,1,14,15,6.67
September 30 2020,Ada,ID,Passenger,0,1,1,223,224,0.45
September 30 2020,Adams,WA,Truck,0,0,0,5490,5490,0.00
January 31 2022,Riverside,CA,Passenger,3,0,3,379,382,0.79
September 30 2020,Alameda,CA,Passenger,1,0,1,239,240,0.42
January 31 2022,Saint Marys,MD,Passenger,1,1,2,144,146,1.37
January 31 2022,Santa Clara,CA,Passenger,3,0,3,150,153,1.96
September 30 2020,Arlington,VA,Passenger,0,2,2,128,130,1.54
September 30 2020,Manassas City,VA,Passenger,0,1,1,5,6,16.67
September 30 2020,Bartow,GA,Passenger,0,1,1,3,4,25.00
January 31 2022,Walla Walla,WA,Passenger,143,91,234,35752,35986,0.65
September 30 2020,Montgomery,MD,Passenger,1,4,5,222,227,2.20
February 28 2022,NULL,WA,Passenger,0,0,0,3,3,0.00
September 30 2020,Clark,NV,Passenger,2,1,3,585,588,0.51
September 30 2020,Oldham,KY,Passenger,0,1,1,4,5,20.00
February 28 2022,Carroll,MD,Passenger,0,1,1,9,10,10.00
February 28 2022,Chaves,NM,Passenger,1,0,1,3,4,25.00
September 30 2020,Columbia,GA,Passenger,1,1,2,135,137,1.46
September 30 2020,Pacific,WA,Passenger,41,39,80,15969,16049,0.50
February 28 2022,Clark,WA,Passenger,3630,1571,5201,310515,315716,1.65
September 30 2020,Cowlitz,WA,Truck,0,0,0,29679,29679,0.00
September 30 2020,Pierce,WA,Passenger,2811,1830,4641,563645,568286,0.82
February 28 2022,Denton,TX,Passenger,1,0,1,36,37,2.70
September 30 2020,Pinellas,FL,Passenger,1,1,2,75,77,2.60
February 28 2022,El Paso,CO,Passenger,1,1,2,472,474,0.42
September 30 2020,Placer,CA,Passenger,1,0,1,77,78,1.28
September 30 2020,Dekalb,IN,Passenger,1,0,1,1,2,50.00
February 28 2022,Ferry,WA,Truck,0,0,0,3425,3425,0.00
February 28 2022,Fresno,CA,Passenger,1,0,1,127,128,0.78
September 30 2020,El Dorado,CA,Passenger,1,0,1,28,29,3.45
February 28 2022,Greene,MO,Passenger,0,1,1,13,14,7.14
February 28 2022,Hamilton,IN,Passenger,1,0,1,15,16,6.25
September 30 2020,El Paso,TX,Passenger,2,0,2,407,409,0.49
September 30 2020,Putnam,TN,Passenger,0,1,1,1,2,50.00
September 30 2020,Fairbanks North Star,AK,Passenger,0,1,1,91,92,1.09
February 28 2022,Jefferson,WA,Passenger,392,200,592,24113,24705,2.40
September 30 2020,Saint Louis,MO,Passenger,1,0,1,59,60,1.67
September 30 2020,Ferry,WA,Passenger,8,3,11,4449,4460,0.25
February 28 2022,Klickitat,WA,Passenger,90,48,138,14869,15007,0.92
September 30 2020,Frederick,MD,Passenger,2,1,3,74,77,3.90
September 30 2020,Sarasota,FL,Passenger,1,0,1,19,20,5.00
February 28 2022,Nueces,TX,Passenger,1,0,1,52,53,1.89
September 30 2020,Grant,WA,Truck,0,0,0,28114,28114,0.00
February 28 2022,Okanogan,NULL,Passenger,60,37,97,20040,20137,0.48
September 30 2020,Grays Harbor,WA,Truck,0,0,0,21478,21478,0.00
February 28 2022,Prince Georges,MD,Passenger,1,0,1,112,113,0.88
September 30 2020,Harrison,MS,Passenger,1,0,1,54,55,1.82
February 28 2022,Prince William,VA,Passenger,1,1,2,182,184,1.09
September 30 2020,Suffolk City,VA,Passenger,1,0,1,120,121,0.83
February 28 2022,Rock Island,IL,Passenger,0,1,1,12,13,7.69
September 30 2020,Hidalgo,TX,Passenger,0,1,1,62,63,1.59
September 30 2020,Twin Falls,ID,Passenger,0,1,1,18,19,5.26
February 28 2022,San Juan,WA,Passenger,466,146,612,13751,14363,4.26
September 30 2020,Utah,UT,Passenger,0,1,1,104,105,0.95
February 28 2022,Skagit,WA,Truck,23,0,23,31646,31669,0.07
February 28 2022,Snohomish,WA,Truck,107,0,107,121589,121696,0.09
February 28 2022,Stevens,WA,Truck,2,0,2,18260,18262,0.01
February 28 2022,Tipton,TN,Passenger,1,0,1,11,12,8.33
September 30 2020,Whitman,WA,Passenger,49,50,99,22474,22573,0.44
February 28 2022,Washoe,NV,Passenger,1,0,1,42,43,2.33
February 28 2022,Whitman,WA,Truck,5,0,5,8350,8355,0.06
February 28 2022,Williams,ND,Passenger,0,1,1,7,8,12.50
September 30 2020,Yakima,WA,Truck,0,0,0,62444,62444,0.00
February 28 2022,Wilson,NC,Passenger,1,0,1,0,1,100.00
February 28 2022,Yakima,WA,Passenger,311,186,497,163716,164213,0.30
February 28 2022,Yamhill,OR,Passenger,1,0,1,25,26,3.85
September 30 2020,Liberty,GA,Passenger,1,0,1,115,116,0.86
October 31 2020,Anne Arundel,MD,Passenger,1,3,4,393,397,1.01
October 31 2020,Asotin,WA,Passenger,18,15,33,12696,12729,0.26
September 30 2020,Maricopa,AZ,Passenger,4,5,9,1051,1060,0.85
September 30 2020,Monterey,CA,Passenger,1,0,1,169,170,0.59
October 31 2020,Calvert,MD,Passenger,0,2,2,82,84,2.38
September 30 2020,New Castle,DE,Passenger,1,0,1,23,24,4.17
October 31 2020,Charleston,SC,Passenger,1,0,1,85,86,1.16
October 31 2020,Clark,WA,Truck,0,0,0,84912,84912,0.00
September 30 2020,Ozaukee,WI,Passenger,0,1,1,3,4,25.00
October 31 2020,Douglas,WA,Passenger,82,44,126,28634,28760,0.44
October 31 2020,Fairbanks North Star,AK,Passenger,0,1,1,92,93,1.08
October 31 2020,Fairfax,VA,Passenger,5,5,10,670,680,1.47
September 30 2020,San Diego,CA,Passenger,14,8,22,2745,2767,0.80
October 31 2020,Ferry,WA,Passenger,8,3,11,4483,4494,0.24
September 30 2020,San Juan,WA,Truck,0,0,0,6017,6017,0.00
September 30 2020,Shelby,TN,Passenger,0,1,1,75,76,1.32
October 31 2020,Grays Harbor,WA,Truck,0,0,0,21486,21486,0.00
October 31 2020,Harrison,MS,Passenger,1,0,1,54,55,1.82
October 31 2020,Howard,IN,Passenger,0,1,1,2,3,33.33
October 31 2020,Island,WA,Passenger,482,304,786,64126,64912,1.21
October 31 2020,Kittitas,WA,Passenger,127,52,179,30382,30561,0.59
October 31 2020,Benton,WA,Passenger,418,349,767,137371,138138,0.56
October 31 2020,Lewis,WA,Truck,0,0,0,27091,27091,0.00
October 31 2020,Lincoln,WA,Truck,0,0,0,4769,4769,0.00
October 31 2020,Bryan,GA,Passenger,1,0,1,57,58,1.72
October 31 2020,Maricopa,AZ,Passenger,4,4,8,1028,1036,0.77
October 31 2020,Clackamas,OR,Passenger,1,0,1,147,148,0.68
October 31 2020,Clallam,WA,Passenger,267,178,445,50844,51289,0.87
October 31 2020,Nassau,NY,Passenger,2,0,2,21,23,8.70
October 31 2020,New Castle,DE,Passenger,1,0,1,22,23,4.35
October 31 2020,Duval,FL,Passenger,0,1,1,319,320,0.31
October 31 2020,Pend Oreille,WA,Truck,0,0,0,5893,5893,0.00
October 31 2020,Ferry,WA,Truck,0,0,0,3698,3698,0.00
October 31 2020,Flathead,MT,Passenger,1,0,1,45,46,2.17
October 31 2020,Placer,CA,Passenger,1,0,1,76,77,1.30
October 31 2020,Powhatan,VA,Passenger,1,0,1,0,1,100.00
October 31 2020,Garfield,WA,Truck,0,0,0,1014,1014,0.00
October 31 2020,Goochland,VA,Passenger,3,1,4,149,153,2.61
October 31 2020,Howard,MD,Passenger,0,1,1,73,74,1.35
October 31 2020,San Francisco,CA,Passenger,1,1,2,81,83,2.41
October 31 2020,Sarasota,FL,Passenger,1,0,1,19,20,5.00
October 31 2020,Skamania,WA,Truck,0,0,0,4128,4128,0.00
October 31 2020,Spokane,WA,Passenger,873,563,1436,325865,327301,0.44
October 31 2020,Kitsap,WA,Passenger,1548,752,2300,183087,185387,1.24
October 31 2020,Suffolk City,VA,Passenger,1,0,1,120,121,0.83
October 31 2020,Leon,FL,Passenger,1,0,1,8,9,11.11
October 31 2020,Lincoln,WA,Passenger,6,10,16,7784,7800,0.21
October 31 2020,Utah,UT,Passenger,0,1,1,102,103,0.97
October 31 2020,Wahkiakum,WA,Truck,0,0,0,1802,1802,0.00
October 31 2020,Walla Walla,WA,Passenger,90,68,158,36818,36976,0.43
October 31 2020,Washtenaw,MI,Passenger,1,0,1,22,23,4.35
October 31 2020,Mason,WA,Truck,0,0,0,21339,21339,0.00
October 31 2020,Whatcom,WA,Truck,3,0,3,44428,44431,0.01
October 31 2020,Williamson,TX,Passenger,1,0,1,95,96,1.04
October 31 2020,Monroe,IL,Passenger,1,0,1,2,3,33.33
November 30 2020,Adams,WA,Passenger,10,9,19,13249,13268,0.14
October 31 2020,Nassau,FL,Passenger,1,0,1,23,24,4.17
October 31 2020,Orange,CA,Passenger,3,2,5,446,451,1.11
October 31 2020,Platte,MO,Passenger,1,0,1,20,21,4.76
November 30 2020,Clark,NV,Passenger,3,1,4,572,576,0.69
November 30 2020,Columbia,GA,Passenger,1,0,1,134,135,0.74
November 30 2020,Columbia,WA,Truck,0,0,0,1564,1564,0.00
November 30 2020,Contra Costa,CA,Passenger,2,0,2,160,162,1.23
October 31 2020,Riley,KS,Passenger,1,0,1,60,61,1.64
October 31 2020,Santa Barbara,CA,Passenger,1,0,1,80,81,1.23
November 30 2020,Dekalb,IN,Passenger,1,0,1,0,1,100.00
November 30 2020,District Of Columbia,DC,Passenger,2,2,4,202,206,1.94
November 30 2020,Duval,FL,Passenger,0,1,1,315,316,0.32
November 30 2020,Flathead,MT,Passenger,1,0,1,44,45,2.22
November 30 2020,NULL,WA,Passenger,0,0,0,2,2,0.00
November 30 2020,Jones,GA,Passenger,1,0,1,1,2,50.00
November 30 2020,Alexandria City,VA,Passenger,4,0,4,133,137,2.92
November 30 2020,Bartow,GA,Passenger,0,1,1,3,4,25.00
November 30 2020,Lake,IL,Passenger,2,0,2,160,162,1.23
November 30 2020,Benton,WA,Passenger,440,358,798,137452,138250,0.58
November 30 2020,Leon,FL,Passenger,1,0,1,8,9,11.11
November 30 2020,Carroll,MD,Passenger,0,1,1,15,16,6.25
November 30 2020,Cascade,MT,Passenger,0,1,1,55,56,1.79
November 30 2020,Chaves,NM,Passenger,1,0,1,9,10,10.00
November 30 2020,Maui,HI,Passenger,1,0,1,27,28,3.57
November 30 2020,Multnomah,OR,Passenger,3,6,9,625,634,1.42
November 30 2020,Denton,TX,Passenger,1,0,1,55,56,1.79
November 30 2020,Orange,FL,Passenger,1,0,1,103,104,0.96
November 30 2020,El Paso,CO,Passenger,1,0,1,628,629,0.16
November 30 2020,Pierce,WA,Truck,0,0,0,147523,147523,0.00
November 30 2020,Ferry,WA,Passenger,8,3,11,4480,4491,0.24
November 30 2020,Platte,MO,Passenger,1,0,1,20,21,4.76
November 30 2020,Ferry,WA,Truck,0,0,0,3692,3692,0.00
November 30 2020,Riverside,CA,Passenger,3,1,4,542,546,0.73
November 30 2020,Greene,MO,Passenger,0,1,1,21,22,4.55
November 30 2020,Saint Marys,MD,Passenger,1,0,1,177,178,0.56
November 30 2020,Harrison,MS,Passenger,1,0,1,56,57,1.75
November 30 2020,San Juan,WA,Truck,0,0,0,6026,6026,0.00
November 30 2020,Santa Clara,CA,Passenger,4,2,6,225,231,2.60
November 30 2020,Snohomish,WA,Passenger,5152,1930,7082,546942,554024,1.28
November 30 2020,Stevens,WA,Passenger,39,40,79,31028,31107,0.25
November 30 2020,Tulsa,OK,Passenger,0,1,1,35,36,2.78
November 30 2020,Maricopa,AZ,Passenger,4,4,8,1009,1017,0.79
December 31 2020,Asotin,WA,Truck,0,0,0,6829,6829,0.00
November 30 2020,Monroe,IL,Passenger,1,0,1,2,3,33.33
December 31 2020,Bay,FL,Passenger,1,0,1,31,32,3.12
December 31 2020,Bexar,TX,Passenger,3,5,8,488,496,1.61
December 31 2020,Broward,FL,Passenger,1,1,2,95,97,2.06
November 30 2020,New Castle,DE,Passenger,1,0,1,22,23,4.35
December 31 2020,Caddo,LA,Passenger,1,0,1,10,11,9.09
November 30 2020,Norfolk City,VA,Passenger,2,1,3,343,346,0.87
November 30 2020,Nueces,TX,Passenger,1,0,1,77,78,1.28
December 31 2020,Chaves,NM,Passenger,1,0,1,9,10,10.00
December 31 2020,Chelan,WA,Passenger,286,88,374,55507,55881,0.67
December 31 2020,Cook,IL,Passenger,1,0,1,171,172,0.58
November 30 2020,Placer,CA,Passenger,1,0,1,75,76,1.32
December 31 2020,Denton,TX,Passenger,1,0,1,54,55,1.82
December 31 2020,Douglas,WA,Truck,0,0,0,12758,12758,0.00
November 30 2020,Saginaw,MI,Passenger,1,0,1,8,9,11.11
December 31 2020,Duval,FL,Passenger,0,1,1,311,312,0.32
December 31 2020,El Paso,TX,Passenger,2,0,2,389,391,0.51
November 30 2020,San Diego,CA,Passenger,14,7,21,2705,2726,0.77
November 30 2020,San Juan,WA,Passenger,359,110,469,14388,14857,3.16
December 31 2020,Ferry,WA,Truck,0,0,0,3694,3694,0.00
November 30 2020,San Mateo,CA,Passenger,0,1,1,98,99,1.01
November 30 2020,Santa Barbara,CA,Passenger,1,0,1,80,81,1.23
November 30 2020,Sarasota,FL,Passenger,1,0,1,19,20,5.00
December 31 2020,Fulton,GA,Passenger,1,2,3,78,81,3.70
December 31 2020,Garfield,WA,Passenger,0,2,2,1383,1385,0.14
December 31 2020,Hamilton,IN,Passenger,1,0,1,27,28,3.57
November 30 2020,Suffolk City,VA,Passenger,1,0,1,120,121,0.83
December 31 2020,Island,WA,Truck,0,0,0,21820,21820,0.00
December 31 2020,Kent,MI,Passenger,0,1,1,17,18,5.56
November 30 2020,Williams,ND,Passenger,0,1,1,11,12,8.33
December 31 2020,Klickitat,WA,Passenger,65,43,108,15351,15459,0.70
November 30 2020,Yakima,WA,Passenger,182,131,313,170793,171106,0.18
December 31 2020,NULL,CA,Passenger,1,2,3,205,208,1.44
December 31 2020,Allegheny,PA,Passenger,1,0,1,55,56,1.79
December 31 2020,Arapahoe,CO,Passenger,1,0,1,111,112,0.89
December 31 2020,Bell,TX,Passenger,0,1,1,350,351,0.28
December 31 2020,Benton,WA,Truck,0,0,0,44122,44122,0.00
December 31 2020,Missoula,MT,Passenger,1,0,1,47,48,2.08
December 31 2020,Monroe,IL,Passenger,1,0,1,2,3,33.33
December 31 2020,Montgomery,OH,Passenger,0,1,1,62,63,1.59
December 31 2020,Boone,MO,Passenger,0,1,1,7,8,12.50
December 31 2020,Bradley,TN,Passenger,1,1,2,0,2,100.00
December 31 2020,Moore,NC,Passenger,0,1,1,147,148,0.68
December 31 2020,Calvert,MD,Passenger,0,2,2,84,86,2.33
December 31 2020,Nueces,TX,Passenger,1,0,1,76,77,1.30
December 31 2020,Charles,MD,Passenger,1,1,2,62,64,3.12
December 31 2020,Pima,AZ,Passenger,1,1,2,266,268,0.75
December 31 2020,Polk,FL,Passenger,1,0,1,54,55,1.82
December 31 2020,Clallam,WA,Truck,1,0,1,22299,22300,0.00
December 31 2020,Prince William,VA,Passenger,1,2,3,212,215,1.40
December 31 2020,Davidson,TN,Passenger,1,0,1,43,44,2.27
December 31 2020,Saginaw,MI,Passenger,2,0,2,8,10,20.00
December 31 2020,Dekalb,GA,Passenger,1,0,1,62,63,1.59
December 31 2020,Saint Clair,IL,Passenger,1,0,1,134,135,0.74
December 31 2020,Douglas,WA,Passenger,88,45,133,28719,28852,0.46
December 31 2020,Santa Barbara,CA,Passenger,1,0,1,79,80,1.25
December 31 2020,Erie,NY,Passenger,1,0,1,34,35,2.86
December 31 2020,Spokane,WA,Truck,0,0,0,102760,102760,0.00
December 31 2020,Fairfax,VA,Passenger,5,5,10,654,664,1.51
December 31 2020,Stevens,WA,Passenger,39,40,79,30970,31049,0.25
December 31 2020,Flathead,MT,Passenger,1,0,1,41,42,2.38
December 31 2020,Thurston,WA,Passenger,1419,827,2246,200689,202935,1.11
December 31 2020,Howard,MD,Passenger,0,1,1,74,75,1.33
December 31 2020,Walla Walla,WA,Truck,0,0,0,14226,14226,0.00
December 31 2020,Island,WA,Passenger,527,308,835,64226,65061,1.28
December 31 2020,Yakima,WA,Passenger,187,137,324,170950,171274,0.19
January 31 2021,NULL,WA,Passenger,0,0,0,2,2,0.00
December 31 2020,Kent,DE,Passenger,0,1,1,59,60,1.67
January 31 2021,Adams,WA,Truck,0,0,0,5495,5495,0.00
December 31 2020,Kitsap,WA,Truck,0,0,0,55406,55406,0.00
December 31 2020,Kittitas,WA,Truck,0,0,0,14992,14992,0.00
January 31 2021,Arapahoe,CO,Passenger,1,0,1,109,110,0.91
January 31 2021,Bay,FL,Passenger,1,0,1,31,32,3.12
December 31 2020,Lincoln,WA,Truck,0,0,0,4782,4782,0.00
January 31 2021,Carroll,MD,Passenger,0,1,1,14,15,6.67
January 31 2021,Chelan,WA,Passenger,302,87,389,55439,55828,0.70
January 31 2021,Clark,WA,Passenger,2593,1255,3848,325046,328894,1.17
December 31 2020,Nassau,NY,Passenger,2,0,2,22,24,8.33
December 31 2020,Otero,NM,Passenger,0,1,1,32,33,3.03
December 31 2020,Pacific,WA,Truck,0,0,0,7949,7949,0.00
December 31 2020,Palm Beach,FL,Passenger,0,1,1,54,55,1.82
December 31 2020,Platte,MO,Passenger,1,0,1,20,21,4.76
January 31 2021,Douglas,WA,Truck,0,0,0,12756,12756,0.00
January 31 2021,El Dorado,CA,Passenger,1,0,1,27,28,3.57
January 31 2021,El Paso,CO,Passenger,1,0,1,614,615,0.16
January 31 2021,Erie,NY,Passenger,1,0,1,35,36,2.78
January 31 2021,Frederick,MD,Passenger,2,1,3,71,74,4.05
December 31 2020,Saint Louis City,MO,Passenger,1,0,1,22,23,4.35
January 31 2021,Greene,MO,Passenger,0,1,1,21,22,4.55
January 31 2021,Hamilton,IN,Passenger,1,0,1,27,28,3.57
December 31 2020,Skamania,WA,Passenger,37,23,60,8562,8622,0.70
December 31 2020,Sumter,FL,Passenger,0,1,1,9,10,10.00
January 31 2021,Island,WA,Truck,0,0,0,21837,21837,0.00
December 31 2020,Travis,TX,Passenger,1,0,1,138,139,0.72
December 31 2020,Vigo,IN,Passenger,1,0,1,4,5,20.00
December 31 2020,Wahkiakum,WA,Passenger,6,8,14,3090,3104,0.45
December 31 2020,Walla Walla,WA,Passenger,102,71,173,36890,37063,0.47
January 31 2021,Klickitat,WA,Passenger,66,43,109,15345,15454,0.71
December 31 2020,Whatcom,WA,Passenger,1296,574,1870,152800,154670,1.21
December 31 2020,Williamson,TX,Passenger,1,0,1,92,93,1.08
January 31 2021,Liberty,GA,Passenger,1,0,1,114,115,0.87
January 31 2021,Alameda,CA,Passenger,2,0,2,231,233,0.86
January 31 2021,Mason,WA,Passenger,212,148,360,48577,48937,0.74
January 31 2021,Bexar,TX,Passenger,3,5,8,480,488,1.64
January 31 2021,Montgomery,AL,Passenger,0,1,1,33,34,2.94
January 31 2021,Boulder,CO,Passenger,1,1,2,28,30,6.67
January 31 2021,Montgomery,OH,Passenger,0,1,1,62,63,1.59
January 31 2021,Chelan,WA,Truck,0,0,0,23282,23282,0.00
January 31 2021,Otero,NM,Passenger,0,1,1,32,33,3.03
January 31 2021,Pacific,WA,Truck,0,0,0,7958,7958,0.00
January 31 2021,Clark,NV,Passenger,4,1,5,558,563,0.89
January 31 2021,Pima,AZ,Passenger,1,1,2,254,256,0.78
January 31 2021,Polk,FL,Passenger,1,0,1,53,54,1.85
January 31 2021,Cowlitz,WA,Truck,0,0,0,29611,29611,0.00
January 31 2021,Dekalb,IN,Passenger,1,0,1,0,1,100.00
January 31 2021,Denver,CO,Passenger,1,0,1,97,98,1.02
January 31 2021,Deschutes,OR,Passenger,1,0,1,94,95,1.05
January 31 2021,El Paso,TX,Passenger,2,0,2,382,384,0.52
January 31 2021,Sarpy,NE,Passenger,1,0,1,60,61,1.64
January 31 2021,Sevier,AR,Passenger,0,1,1,0,1,100.00
January 31 2021,Shelby,OH,Passenger,0,1,1,1,2,50.00
January 31 2021,Fulton,GA,Passenger,0,2,2,74,76,2.63
January 31 2021,Skamania,WA,Passenger,38,24,62,8540,8602,0.72
January 31 2021,Grant,WA,Truck,0,0,0,28308,28308,0.00
January 31 2021,Grays Harbor,WA,Truck,0,0,0,21564,21564,0.00
January 31 2021,Tipton,TN,Passenger,1,0,1,12,13,7.69
January 31 2021,Vigo,IN,Passenger,1,0,1,4,5,20.00
January 31 2021,Walla Walla,WA,Truck,0,0,0,14246,14246,0.00
January 31 2021,Whatcom,WA,Passenger,1327,588,1915,152748,154663,1.24
January 31 2021,Whitman,WA,Truck,1,0,1,8690,8691,0.01
January 31 2021,Jones,GA,Passenger,1,0,1,1,2,50.00
January 31 2021,Williams,ND,Passenger,0,1,1,12,13,7.69
January 31 2021,Kern,CA,Passenger,1,1,2,206,208,0.96
January 31 2021,King,WA,Passenger,28512,8546,37058,1386965,1424023,2.60
February 28 2021,Alexandria City,VA,Passenger,4,0,4,133,137,2.92
January 31 2021,Leavenworth,KS,Passenger,0,1,1,114,115,0.87
January 31 2021,Lewis,WA,Passenger,139,136,275,59867,60142,0.46
February 28 2021,Boulder,CO,Passenger,1,1,2,29,31,6.45
January 31 2021,Manassas City,VA,Passenger,0,1,1,5,6,16.67
February 28 2021,Columbia,WA,Passenger,5,4,9,2514,2523,0.36
January 31 2021,Okanogan,WA,Passenger,10,5,15,5868,5883,0.25
January 31 2021,Oldham,KY,Passenger,0,1,1,4,5,20.00
February 28 2021,Deschutes,OR,Passenger,1,0,1,93,94,1.06
February 28 2021,Douglas,OR,Passenger,1,0,1,32,33,3.03
January 31 2021,Pierce,WA,Passenger,3210,1901,5111,564669,569780,0.90
February 28 2021,Dupage,IL,Passenger,1,0,1,40,41,2.44
January 31 2021,Putnam,TN,Passenger,0,1,1,1,2,50.00
February 28 2021,Glacier,MT,Passenger,0,1,1,4,5,20.00
January 31 2021,San Juan,WA,Truck,0,0,0,6017,6017,0.00
February 28 2021,Hennepin,MN,Passenger,1,0,1,66,67,1.49
February 28 2021,Jefferson,WA,Truck,0,0,0,9751,9751,0.00
January 31 2021,Spokane,WA,Truck,0,0,0,102835,102835,0.00
January 31 2021,Thurston,WA,Passenger,1445,841,2286,200621,202907,1.13
January 31 2021,Thurston,WA,Truck,0,0,0,57351,57351,0.00
February 28 2021,Lincoln,WA,Passenger,8,13,21,7806,7827,0.27
February 28 2021,NULL,CA,Passenger,1,3,4,201,205,1.95
February 28 2021,Allegheny,PA,Passenger,1,0,1,54,55,1.82
February 28 2021,Manassas City,VA,Passenger,0,1,1,5,6,16.67
February 28 2021,Anchorage,AK,Passenger,1,0,1,133,134,0.75
February 28 2021,Arapahoe,CO,Passenger,1,0,1,107,108,0.93
February 28 2021,Mason,WA,Truck,0,0,0,21454,21454,0.00
February 28 2021,Bay,FL,Passenger,1,0,1,31,32,3.12
February 28 2021,Bell,TX,Passenger,0,1,1,344,345,0.29
February 28 2021,Benton,WA,Truck,0,0,0,44191,44191,0.00
February 28 2021,Montgomery,MD,Passenger,2,4,6,214,220,2.73
February 28 2021,Nassau,FL,Passenger,1,0,1,18,19,5.26
February 28 2021,Boone,MO,Passenger,0,1,1,7,8,12.50
February 28 2021,Bucks,PA,Passenger,1,0,1,19,20,5.00
February 28 2021,Okanogan,WA,Passenger,10,5,15,5864,5879,0.26
February 28 2021,Camden,GA,Passenger,1,1,2,128,130,1.54
February 28 2021,Oldham,KY,Passenger,0,1,1,4,5,20.00
February 28 2021,Orange,CA,Passenger,3,2,5,422,427,1.17
February 28 2021,Pacific,WA,Passenger,45,43,88,16058,16146,0.55
February 28 2021,Charles,MD,Passenger,1,1,2,62,64,3.12
February 28 2021,Pend Oreille,WA,Passenger,12,4,16,9429,9445,0.17
February 28 2021,Pierce,WA,Passenger,3273,1921,5194,564043,569237,0.91
February 28 2021,Clallam,WA,Truck,1,0,1,22334,22335,0.00
February 28 2021,Pinellas,FL,Passenger,1,1,2,67,69,2.90
February 28 2021,Plaquemines,LA,Passenger,0,1,1,15,16,6.25
February 28 2021,Putnam,TN,Passenger,0,1,1,1,2,50.00
February 28 2021,Riley,KS,Passenger,1,0,1,57,58,1.72
February 28 2021,Davidson,TN,Passenger,1,0,1,42,43,2.33
February 28 2021,Dekalb,GA,Passenger,1,0,1,57,58,1.72
February 28 2021,District Of Columbia,DC,Passenger,2,2,4,203,207,1.93
February 28 2021,Douglas,NE,Passenger,1,1,2,41,43,4.65
February 28 2021,Erie,NY,Passenger,1,0,1,35,36,2.78
February 28 2021,Spartanburg,SC,Passenger,0,1,1,35,36,2.78
February 28 2021,Twin Falls,ID,Passenger,0,1,1,14,15,6.67
February 28 2021,Guadalupe,TX,Passenger,1,0,1,42,43,2.33
February 28 2021,Kent,DE,Passenger,0,1,1,59,60,1.67
February 28 2021,Kittitas,WA,Passenger,150,56,206,30428,30634,0.67
March 31 2021,Anchorage,AK,Passenger,1,0,1,133,134,0.75
February 28 2021,Kittitas,WA,Truck,0,0,0,14994,14994,0.00
March 31 2021,Anne Arundel,MD,Passenger,3,3,6,375,381,1.57
February 28 2021,Klamath,OR,Passenger,1,0,1,21,22,4.55
March 31 2021,Asotin,WA,Passenger,18,15,33,12792,12825,0.26
February 28 2021,Los Angeles,CA,Passenger,7,7,14,829,843,1.66
March 31 2021,Boulder,CO,Passenger,1,1,2,29,31,6.45
February 28 2021,Maui,HI,Passenger,1,0,1,26,27,3.70
March 31 2021,Camden,GA,Passenger,1,1,2,127,129,1.55
February 28 2021,Muscogee,GA,Passenger,0,1,1,159,160,0.62
February 28 2021,Otero,NM,Passenger,0,1,1,32,33,3.03
March 31 2021,Columbia,WA,Passenger,5,4,9,2524,2533,0.36
February 28 2021,Pacific,WA,Truck,0,0,0,7970,7970,0.00
February 28 2021,Palm Beach,FL,Passenger,0,1,1,53,54,1.85
February 28 2021,Pend Oreille,WA,Truck,1,0,1,5876,5877,0.02
February 28 2021,Pennington,SD,Passenger,1,0,1,32,33,3.03
March 31 2021,Douglas,NE,Passenger,1,1,2,40,42,4.76
March 31 2021,Douglas,OR,Passenger,1,0,1,31,32,3.12
February 28 2021,Pima,AZ,Passenger,1,1,2,252,254,0.79
March 31 2021,Dupage,IL,Passenger,1,0,1,40,41,2.44
February 28 2021,Polk,FL,Passenger,1,0,1,51,52,1.92
March 31 2021,Fairbanks North Star,AK,Passenger,0,1,1,85,86,1.16
March 31 2021,Ferry,WA,Passenger,10,3,13,4448,4461,0.29
February 28 2021,Saint Louis City,MO,Passenger,1,0,1,21,22,4.55
February 28 2021,Sevier,AR,Passenger,0,1,1,0,1,100.00
March 31 2021,Guadalupe,TX,Passenger,1,0,1,39,40,2.50
February 28 2021,Skagit,WA,Passenger,566,269,835,92937,93772,0.89
March 31 2021,Harrison,MS,Passenger,2,0,2,51,53,3.77
February 28 2021,Skamania,WA,Passenger,41,25,66,8492,8558,0.77
March 31 2021,Hennepin,MN,Passenger,1,0,1,65,66,1.52
February 28 2021,Snohomish,WA,Passenger,5471,1986,7457,546072,553529,1.35
February 28 2021,Sumter,FL,Passenger,0,1,1,9,10,10.00
February 28 2021,Travis,TX,Passenger,1,0,1,128,129,0.78
February 28 2021,Vigo,IN,Passenger,1,0,1,3,4,25.00
February 28 2021,Virginia Beach City,VA,Passenger,2,0,2,576,578,0.35
February 28 2021,Wahkiakum,WA,Passenger,8,7,15,3091,3106,0.48
February 28 2021,Wahkiakum,WA,Truck,0,0,0,1817,1817,0.00
March 31 2021,Jefferson,WA,Truck,0,0,0,9752,9752,0.00
February 28 2021,Washtenaw,MI,Passenger,1,0,1,22,23,4.35
February 28 2021,Whatcom,WA,Passenger,1351,596,1947,152586,154533,1.26
March 31 2021,Kitsap,WA,Truck,2,0,2,55264,55266,0.00
March 31 2021,Klamath,OR,Passenger,1,0,1,20,21,4.76
March 31 2021,Adams,WA,Passenger,10,11,21,13226,13247,0.16
March 31 2021,Maricopa,AZ,Passenger,2,2,4,904,908,0.44
March 31 2021,Chelan,WA,Truck,0,0,0,23350,23350,0.00
March 31 2021,Milwaukee,WI,Passenger,1,0,1,33,34,2.94
March 31 2021,Montgomery,MD,Passenger,2,4,6,214,220,2.73
March 31 2021,Columbia,WA,Truck,1,0,1,1577,1578,0.06
March 31 2021,Muscogee,GA,Passenger,0,1,1,157,158,0.63
March 31 2021,Contra Costa,CA,Passenger,1,0,1,150,151,0.66
March 31 2021,New Castle,DE,Passenger,1,0,1,20,21,4.76
March 31 2021,Denver,CO,Passenger,1,0,1,90,91,1.10
March 31 2021,Deschutes,OR,Passenger,1,0,1,92,93,1.08
March 31 2021,Pacific,WA,Passenger,47,46,93,16136,16229,0.57
March 31 2021,Pennington,SD,Passenger,1,0,1,30,31,3.23
March 31 2021,Placer,CA,Passenger,1,0,1,68,69,1.45
March 31 2021,Franklin,WA,Passenger,108,93,201,62637,62838,0.32
March 31 2021,Queens,NY,Passenger,1,0,1,44,45,2.22
March 31 2021,Sarasota,FL,Passenger,1,0,1,21,22,4.55
March 31 2021,Skagit,WA,Passenger,569,281,850,93003,93853,0.91
March 31 2021,Kern,CA,Passenger,1,1,2,201,203,0.99
March 31 2021,King,WA,Truck,25,1,26,187381,187407,0.01
March 31 2021,Suffolk City,VA,Passenger,1,0,1,115,116,0.86
March 31 2021,Lake,IL,Passenger,2,0,2,149,151,1.32
March 31 2021,Twin Falls,ID,Passenger,0,1,1,13,14,7.14
March 31 2021,Leavenworth,KS,Passenger,0,1,1,112,113,0.88
March 31 2021,Utah,UT,Passenger,0,1,1,95,96,1.04
March 31 2021,Lewis,WA,Passenger,142,140,282,60110,60392,0.47
March 31 2021,Virginia Beach City,VA,Passenger,2,0,2,575,577,0.35
March 31 2021,Lewis,WA,Truck,0,0,0,27220,27220,0.00
March 31 2021,Whitman,WA,Passenger,56,47,103,22307,22410,0.46
March 31 2021,Manassas City,VA,Passenger,0,1,1,5,6,16.67
April 30 2021,NULL,NULL,Passenger,8,5,13,1609,1622,0.80
April 30 2021,Adams,WA,Passenger,11,12,23,13250,13273,0.17
March 31 2021,Montgomery,PA,Passenger,1,0,1,16,17,5.88
March 31 2021,Montgomery,TX,Passenger,0,1,1,31,32,3.12
March 31 2021,Multnomah,OR,Passenger,3,5,8,582,590,1.36
March 31 2021,Okanogan,WA,Passenger,11,5,16,5855,5871,0.27
March 31 2021,Oldham,KY,Passenger,0,1,1,4,5,20.00
April 30 2021,Bucks,PA,Passenger,1,0,1,18,19,5.26
April 30 2021,Calvert,MD,Passenger,0,2,2,84,86,2.33
March 31 2021,Pierce,WA,Passenger,3366,1951,5317,564252,569569,0.93
March 31 2021,Pierce,WA,Truck,6,0,6,147614,147620,0.00
April 30 2021,Clallam,WA,Passenger,324,211,535,51080,51615,1.04
April 30 2021,Clark,NV,Passenger,4,1,5,543,548,0.91
April 30 2021,Columbia,GA,Passenger,1,0,1,122,123,0.81
March 31 2021,Putnam,TN,Passenger,0,1,1,0,1,100.00
April 30 2021,Columbia,WA,Truck,1,0,1,1577,1578,0.06
April 30 2021,Contra Costa,CA,Passenger,1,0,1,150,151,0.66
March 31 2021,Riverside,CA,Passenger,4,1,5,506,511,0.98
March 31 2021,Saint Clair,IL,Passenger,1,0,1,133,134,0.75
March 31 2021,Saint Marys,MD,Passenger,1,0,1,172,173,0.58
March 31 2021,Santa Clara,CA,Passenger,6,2,8,215,223,3.59
April 30 2021,Douglas,WA,Passenger,89,46,135,28866,29001,0.47
March 31 2021,Thurston,WA,Truck,7,0,7,57274,57281,0.01
April 30 2021,Howard,MD,Passenger,0,1,1,74,75,1.33
April 30 2021,Island,WA,Passenger,599,324,923,64226,65149,1.42
April 30 2021,Jones,GA,Passenger,1,0,1,1,2,50.00
April 30 2021,Anchorage,AK,Passenger,1,0,1,134,135,0.74
April 30 2021,Kittitas,WA,Passenger,161,61,222,30454,30676,0.72
April 30 2021,Lake,IL,Passenger,2,0,2,147,149,1.34
April 30 2021,Boulder,CO,Passenger,1,1,2,29,31,6.45
April 30 2021,Clark,WA,Passenger,2814,1355,4169,325892,330061,1.26
April 30 2021,Multnomah,OR,Passenger,2,5,7,570,577,1.21
April 30 2021,Columbia,WA,Passenger,5,4,9,2530,2539,0.35
April 30 2021,Nassau,NY,Passenger,2,0,2,20,22,9.09
April 30 2021,Okanogan,WA,Truck,0,0,0,3954,3954,0.00
April 30 2021,Douglas,NE,Passenger,1,1,2,40,42,4.76
April 30 2021,Orange,FL,Passenger,1,0,1,97,98,1.02
April 30 2021,Douglas,OR,Passenger,1,0,1,30,31,3.23
April 30 2021,Pend Oreille,WA,Truck,1,0,1,5859,5860,0.02
April 30 2021,Pierce,WA,Truck,13,0,13,147874,147887,0.01
April 30 2021,Guadalupe,TX,Passenger,1,0,1,38,39,2.56
April 30 2021,Hamilton,IN,Passenger,1,0,1,27,28,3.57
April 30 2021,Riverside,CA,Passenger,4,1,5,498,503,0.99
April 30 2021,Sacramento,CA,Passenger,2,0,2,205,207,0.97
April 30 2021,Saint Marys,MD,Passenger,1,0,1,170,171,0.58
April 30 2021,San Juan,WA,Truck,0,0,0,6024,6024,0.00
April 30 2021,King,WA,Passenger,30106,8876,38982,1384297,1423279,2.74
April 30 2021,Santa Clara,CA,Passenger,6,2,8,211,219,3.65
April 30 2021,Klickitat,WA,Passenger,70,47,117,15464,15581,0.75
April 30 2021,Walla Walla,WA,Passenger,110,74,184,37047,37231,0.49
April 30 2021,Montgomery,OH,Passenger,0,1,1,64,65,1.54
April 30 2021,Montgomery,TX,Passenger,0,1,1,30,31,3.23
April 30 2021,Muscogee,GA,Passenger,0,1,1,151,152,0.66
April 30 2021,Williamson,TX,Passenger,1,0,1,83,84,1.19
April 30 2021,Okanogan,NULL,Passenger,49,32,81,20933,21014,0.39
April 30 2021,Pacific,WA,Passenger,50,47,97,16248,16345,0.59
May 31 2021,Asotin,WA,Truck,0,0,0,6855,6855,0.00
April 30 2021,Philadelphia,PA,Passenger,1,0,1,46,47,2.13
April 30 2021,Pierce,WA,Passenger,3509,2003,5512,566285,571797,0.96
April 30 2021,Prince William,VA,Passenger,1,1,2,207,209,0.96
April 30 2021,Ramsey,MN,Passenger,1,0,1,22,23,4.35
May 31 2021,Clark,NV,Passenger,4,1,5,528,533,0.94
May 31 2021,Columbia,WA,Truck,1,0,1,1565,1566,0.06
April 30 2021,Skagit,WA,Truck,3,0,3,33472,33475,0.01
April 30 2021,Skamania,WA,Truck,0,0,0,4108,4108,0.00
April 30 2021,Snohomish,WA,Truck,19,0,19,128303,128322,0.01
May 31 2021,Duval,FL,Passenger,0,1,1,286,287,0.35
April 30 2021,Virginia Beach City,VA,Passenger,2,0,2,565,567,0.35
April 30 2021,Wahkiakum,WA,Truck,0,0,0,1831,1831,0.00
May 31 2021,Ferry,WA,Truck,0,0,0,3689,3689,0.00
May 31 2021,Flathead,MT,Passenger,1,0,1,33,34,2.94
April 30 2021,Washoe,NV,Passenger,1,0,1,62,63,1.59
May 31 2021,Garfield,WA,Passenger,0,2,2,1376,1378,0.15
April 30 2021,Whatcom,WA,Truck,8,0,8,44485,44493,0.02
May 31 2021,NULL,NULL,Passenger,8,5,13,1565,1578,0.82
May 31 2021,Adams,WA,Passenger,11,12,23,13204,13227,0.17
May 31 2021,Adams,WA,Truck,0,0,0,5467,5467,0.00
May 31 2021,Anne Arundel,MD,Passenger,3,3,6,370,376,1.60
May 31 2021,Arlington,VA,Passenger,0,1,1,117,118,0.85
May 31 2021,Asotin,WA,Passenger,20,15,35,12831,12866,0.27
May 31 2021,Jones,GA,Passenger,1,0,1,1,2,50.00
May 31 2021,Caddo,LA,Passenger,1,0,1,8,9,11.11
May 31 2021,Missoula,MT,Passenger,1,0,1,42,43,2.33
May 31 2021,Contra Costa,CA,Passenger,1,0,1,144,145,0.69
May 31 2021,Moore,NC,Passenger,0,1,1,128,129,0.78
May 31 2021,Multnomah,OR,Passenger,2,5,7,557,564,1.24
May 31 2021,Nueces,TX,Passenger,1,0,1,70,71,1.41
May 31 2021,Okanogan,NULL,Passenger,49,33,82,20883,20965,0.39
May 31 2021,El Dorado,CA,Passenger,1,0,1,24,25,4.00
May 31 2021,Franklin,WA,Passenger,124,99,223,62683,62906,0.35
May 31 2021,Franklin,WA,Truck,0,0,0,20942,20942,0.00
May 31 2021,Frederick,MD,Passenger,2,1,3,66,69,4.35
May 31 2021,Riverside,CA,Passenger,4,1,5,483,488,1.02
May 31 2021,Harris,TX,Passenger,1,0,1,157,158,0.63
May 31 2021,San Bernardino,CA,Passenger,0,1,1,363,364,0.27
May 31 2021,Hidalgo,TX,Passenger,0,1,1,56,57,1.75
May 31 2021,Honolulu,HI,Passenger,4,0,4,318,322,1.24
May 31 2021,Santa Barbara,CA,Passenger,1,0,1,73,74,1.35
May 31 2021,Santa Cruz,CA,Passenger,1,0,1,24,25,4.00
May 31 2021,Skagit,WA,Truck,3,0,3,33443,33446,0.01
May 31 2021,Snohomish,WA,Passenger,5906,2069,7975,545404,553379,1.44
May 31 2021,Kings,NY,Passenger,1,0,1,48,49,2.04
May 31 2021,Stevens,WA,Passenger,45,44,89,31013,31102,0.29
May 31 2021,Lake,IL,Passenger,2,0,2,145,147,1.36
May 31 2021,Lewis,WA,Truck,0,0,0,27184,27184,0.00
May 31 2021,Liberty,GA,Passenger,1,0,1,105,106,0.94
May 31 2021,Wichita,TX,Passenger,1,0,1,36,37,2.70
May 31 2021,Mason,WA,Passenger,239,146,385,48627,49012,0.79
May 31 2021,Yakima,WA,Passenger,226,154,380,171575,171955,0.22
June 30 2021,NULL,NULL,Truck,2,0,2,283,285,0.70
June 30 2021,Adams,WA,Truck,0,0,0,5463,5463,0.00
May 31 2021,Monterey,CA,Passenger,1,0,1,156,157,0.64
May 31 2021,Montgomery,PA,Passenger,1,0,1,15,16,6.25
June 30 2021,Arapahoe,CO,Passenger,1,0,1,98,99,1.01
June 30 2021,Bay,FL,Passenger,1,0,1,29,30,3.33
May 31 2021,Okanogan,WA,Truck,0,0,0,3948,3948,0.00
May 31 2021,Ozaukee,WI,Passenger,0,1,1,3,4,25.00
June 30 2021,Carroll,MD,Passenger,0,1,1,12,13,7.69
June 30 2021,Charles,MD,Passenger,1,1,2,59,61,3.28
May 31 2021,Pierce,WA,Truck,22,0,22,147469,147491,0.01
June 30 2021,Chelan,WA,Passenger,344,98,442,55263,55705,0.79
June 30 2021,Chesapeake City,VA,Passenger,0,3,3,350,353,0.85
June 30 2021,Clallam,WA,Truck,3,0,3,22228,22231,0.01
June 30 2021,Clark,WA,Passenger,2968,1445,4413,325512,329925,1.34
May 31 2021,Saint Marys,MD,Passenger,1,1,2,166,168,1.19
May 31 2021,Santa Clara,CA,Passenger,6,2,8,199,207,3.86
May 31 2021,Sarpy,NE,Passenger,1,0,1,55,56,1.79
June 30 2021,Douglas,WA,Truck,2,0,2,12794,12796,0.02
June 30 2021,El Dorado,CA,Passenger,1,0,1,26,27,3.70
June 30 2021,El Paso,CO,Passenger,1,0,1,569,570,0.18
June 30 2021,Erie,NY,Passenger,1,0,1,29,30,3.33
June 30 2021,Frederick,MD,Passenger,2,1,3,66,69,4.35
June 30 2021,Greene,MO,Passenger,0,1,1,18,19,5.26
June 30 2021,Hamilton,IN,Passenger,1,0,1,25,26,3.85
June 30 2021,Adams,WA,Passenger,16,14,30,13166,13196,0.23
June 30 2021,Arlington,VA,Passenger,0,1,1,117,118,0.85
June 30 2021,Klickitat,WA,Passenger,73,50,123,15485,15608,0.79
June 30 2021,Clark,WA,Truck,20,0,20,85093,85113,0.02
June 30 2021,Liberty,GA,Passenger,1,0,1,98,99,1.01
June 30 2021,Columbia,WA,Truck,1,0,1,1556,1557,0.06
June 30 2021,Cowlitz,WA,Passenger,238,154,392,73097,73489,0.53
June 30 2021,Mason,WA,Passenger,244,150,394,48574,48968,0.80
June 30 2021,Montgomery,OH,Passenger,0,1,1,62,63,1.59
June 30 2021,Grant,WA,Passenger,110,96,206,67685,67891,0.30
June 30 2021,Grays Harbor,WA,Passenger,182,146,328,49780,50108,0.65
June 30 2021,Otero,NM,Passenger,0,1,1,33,34,2.94
June 30 2021,Ozaukee,WI,Passenger,0,1,1,3,4,25.00
June 30 2021,Pacific,WA,Truck,0,0,0,8020,8020,0.00
June 30 2021,Hennepin,MN,Passenger,1,0,1,58,59,1.69
June 30 2021,Hidalgo,TX,Passenger,0,1,1,56,57,1.75
June 30 2021,Pima,AZ,Passenger,1,1,2,207,209,0.96
June 30 2021,Polk,FL,Passenger,1,0,1,48,49,2.04
June 30 2021,King,WA,Truck,75,1,76,186147,186223,0.04
June 30 2021,Klickitat,WA,Truck,1,0,1,8397,8398,0.01
June 30 2021,Lake,IL,Passenger,1,0,1,147,148,0.68
June 30 2021,Sarpy,NE,Passenger,1,0,1,53,54,1.85
June 30 2021,Sevier,AR,Passenger,0,1,1,0,1,100.00
June 30 2021,Shelby,OH,Passenger,0,1,1,0,1,100.00
June 30 2021,Skamania,WA,Passenger,48,36,84,8530,8614,0.98
June 30 2021,Tipton,TN,Passenger,1,0,1,11,12,8.33
June 30 2021,Montgomery,MD,Passenger,3,4,7,200,207,3.38
June 30 2021,Vigo,IN,Passenger,1,0,1,3,4,25.00
June 30 2021,Montgomery,PA,Passenger,1,0,1,14,15,6.67
June 30 2021,Wahkiakum,WA,Passenger,15,8,23,3132,3155,0.73
June 30 2021,Montgomery,TX,Passenger,0,1,1,25,26,3.85
June 30 2021,Walla Walla,WA,Truck,1,0,1,14262,14263,0.01
June 30 2021,Multnomah,OR,Passenger,2,5,7,538,545,1.28
June 30 2021,Whatcom,WA,Passenger,1488,622,2110,152197,154307,1.37
June 30 2021,Whitman,WA,Truck,2,0,2,8665,8667,0.02
June 30 2021,Okanogan,NULL,Passenger,51,34,85,20916,21001,0.40
June 30 2021,Okanogan,NULL,Truck,2,0,2,12989,12991,0.02
June 30 2021,Wilson,NC,Passenger,1,0,1,0,1,100.00
July 31 2021,NULL,CA,Passenger,1,4,5,211,216,2.31
July 31 2021,Allegheny,PA,Passenger,1,0,1,51,52,1.92
June 30 2021,Pinellas,FL,Passenger,0,1,1,58,59,1.69
July 31 2021,Arlington,VA,Passenger,0,1,1,116,117,0.85
July 31 2021,Bell,TX,Passenger,0,1,1,309,310,0.32
June 30 2021,Prince William,VA,Passenger,1,1,2,203,205,0.98
June 30 2021,Riverside,CA,Passenger,4,1,5,474,479,1.04
July 31 2021,Bradley,TN,Passenger,0,1,1,0,1,100.00
June 30 2021,Saint Clair,IL,Passenger,1,0,1,128,129,0.78
July 31 2021,Bryan,GA,Passenger,1,0,1,55,56,1.79
July 31 2021,Carson City,NV,Passenger,1,0,1,10,11,9.09
June 30 2021,Skagit,WA,Truck,6,0,6,33323,33329,0.02
July 31 2021,Clackamas,OR,Passenger,1,0,1,123,124,0.81
June 30 2021,Ventura,CA,Passenger,1,2,3,244,247,1.21
July 31 2021,Cumberland,NC,Passenger,0,2,2,391,393,0.51
July 31 2021,Davidson,TN,Passenger,1,0,1,39,40,2.50
July 31 2021,El Dorado,CA,Passenger,1,0,1,25,26,3.85
July 31 2021,NULL,NULL,Truck,2,0,2,274,276,0.72
July 31 2021,El Paso,CO,Passenger,1,0,1,560,561,0.18
July 31 2021,Adams,WA,Truck,0,0,0,5456,5456,0.00
July 31 2021,Albemarle,VA,Passenger,1,0,1,22,23,4.35
July 31 2021,Alexandria City,VA,Passenger,4,0,4,122,126,3.17
July 31 2021,Asotin,WA,Truck,1,0,1,6803,6804,0.01
July 31 2021,Garfield,WA,Truck,0,0,0,1011,1011,0.00
July 31 2021,Bartow,GA,Passenger,0,1,1,2,3,33.33
July 31 2021,Goochland,VA,Passenger,3,0,3,104,107,2.80
July 31 2021,Harnett,NC,Passenger,0,1,1,139,140,0.71
July 31 2021,Caddo,LA,Passenger,1,0,1,8,9,11.11
July 31 2021,Hidalgo,TX,Passenger,0,1,1,54,55,1.82
July 31 2021,Jefferson,WA,Passenger,349,188,537,25077,25614,2.10
July 31 2021,Kent,DE,Passenger,0,1,1,55,56,1.79
July 31 2021,Kitsap,WA,Passenger,1987,874,2861,182208,185069,1.55
July 31 2021,Kittitas,WA,Truck,2,0,2,14880,14882,0.01
July 31 2021,Liberty,GA,Passenger,1,0,1,95,96,1.04
July 31 2021,Ferry,WA,Passenger,9,3,12,4418,4430,0.27
July 31 2021,Franklin,WA,Truck,3,0,3,20922,20925,0.01
July 31 2021,Frederick,MD,Passenger,2,1,3,66,69,4.35
July 31 2021,Manassas City,VA,Passenger,0,1,1,5,6,16.67
July 31 2021,Garfield,WA,Passenger,0,3,3,1375,1378,0.22
July 31 2021,Mecklenburg,NC,Passenger,1,0,1,64,65,1.54
July 31 2021,Harrison,MS,Passenger,2,0,2,51,53,3.77
July 31 2021,Okanogan,NULL,Truck,2,0,2,12953,12955,0.02
July 31 2021,Okanogan,WA,Passenger,13,6,19,5866,5885,0.32
July 31 2021,Ozaukee,WI,Passenger,0,1,1,3,4,25.00
July 31 2021,Palm Beach,FL,Passenger,1,0,1,45,46,2.17
July 31 2021,Saint Louis,MO,Passenger,1,0,1,43,44,2.27
July 31 2021,Saint Louis City,MO,Passenger,1,0,1,18,19,5.26
July 31 2021,Maricopa,AZ,Passenger,2,1,3,755,758,0.40
July 31 2021,Mason,WA,Passenger,244,149,393,48397,48790,0.81
July 31 2021,Mason,WA,Truck,4,0,4,21454,21458,0.02
July 31 2021,Sarpy,NE,Passenger,1,0,1,52,53,1.89
July 31 2021,Milwaukee,WI,Passenger,1,0,1,32,33,3.03
July 31 2021,Stevens,WA,Truck,1,0,1,19062,19063,0.01
July 31 2021,Missoula,MT,Passenger,1,0,1,37,38,2.63
July 31 2021,Tipton,TN,Passenger,1,0,1,10,11,9.09
July 31 2021,Montgomery,AL,Passenger,0,1,1,29,30,3.33
July 31 2021,Travis,TX,Passenger,1,0,1,109,110,0.91
July 31 2021,Moore,NC,Passenger,0,1,1,123,124,0.81
July 31 2021,Norfolk City,VA,Passenger,1,1,2,302,304,0.66
July 31 2021,Orange,CA,Passenger,3,2,5,380,385,1.30
July 31 2021,Yakima,WA,Truck,3,0,3,62393,62396,0.00
August 31 2021,NULL,CA,Passenger,1,4,5,205,210,2.38
July 31 2021,Placer,CA,Passenger,1,0,1,63,64,1.56
July 31 2021,Queens,NY,Passenger,1,0,1,40,41,2.44
August 31 2021,Bradley,TN,Passenger,0,1,1,0,1,100.00
August 31 2021,Bryan,GA,Passenger,1,0,1,53,54,1.85
August 31 2021,Carson City,NV,Passenger,1,0,1,10,11,9.09
July 31 2021,San Diego,CA,Passenger,14,9,23,2400,2423,0.95
July 31 2021,Sarasota,FL,Passenger,1,0,1,20,21,4.76
August 31 2021,Chelan,WA,Truck,6,0,6,23129,23135,0.03
August 31 2021,Clackamas,OR,Passenger,1,0,1,116,117,0.85
August 31 2021,Clark,WA,Truck,35,0,35,84495,84530,0.04
July 31 2021,Stafford,VA,Passenger,2,0,2,84,86,2.33
July 31 2021,Suffolk City,VA,Passenger,1,0,1,114,115,0.87
August 31 2021,Cowlitz,WA,Passenger,253,163,416,72508,72924,0.57
August 31 2021,Cumberland,NC,Passenger,0,2,2,385,387,0.52
August 31 2021,Denver,CO,Passenger,1,0,1,82,83,1.20
August 31 2021,Garfield,WA,Truck,0,0,0,1009,1009,0.00
August 31 2021,Goochland,VA,Passenger,3,0,3,99,102,2.94
August 31 2021,Calvert,MD,Passenger,0,2,2,82,84,2.38
August 31 2021,Grant,WA,Passenger,124,103,227,67248,67475,0.34
August 31 2021,Grays Harbor,WA,Passenger,187,149,336,49635,49971,0.67
August 31 2021,Chesapeake City,VA,Passenger,0,3,3,342,345,0.87
August 31 2021,Harnett,NC,Passenger,0,1,1,136,137,0.73
August 31 2021,Clark,WA,Passenger,3192,1489,4681,323549,328230,1.43
August 31 2021,Hillsborough,FL,Passenger,0,1,1,119,120,0.83
August 31 2021,Kern,CA,Passenger,1,1,2,185,187,1.07
August 31 2021,Douglas,WA,Passenger,105,53,158,28711,28869,0.55
August 31 2021,Dupage,IL,Passenger,1,0,1,33,34,2.94
August 31 2021,King,WA,Passenger,32711,9509,42220,1370606,1412826,2.99
August 31 2021,Fairfax,VA,Passenger,5,6,11,602,613,1.79
August 31 2021,Kitsap,WA,Passenger,2027,889,2916,181738,184654,1.58
August 31 2021,Klickitat,WA,Truck,1,0,1,8377,8378,0.01
August 31 2021,Leavenworth,KS,Passenger,0,1,1,107,108,0.93
August 31 2021,Lewis,WA,Passenger,194,158,352,59841,60193,0.58
August 31 2021,Howard,IN,Passenger,0,1,1,3,4,25.00
August 31 2021,Howard,MD,Passenger,0,1,1,66,67,1.49
August 31 2021,Island,WA,Passenger,658,330,988,63741,64729,1.53
August 31 2021,Jefferson,WA,Passenger,358,187,545,24980,25525,2.14
August 31 2021,Kitsap,WA,Truck,19,0,19,54710,54729,0.03
August 31 2021,Klickitat,WA,Passenger,83,49,132,15469,15601,0.85
August 31 2021,Lincoln,WA,Truck,0,0,0,4785,4785,0.00
August 31 2021,Mecklenburg,NC,Passenger,1,0,1,63,64,1.56
August 31 2021,Philadelphia,PA,Passenger,1,0,1,39,40,2.50
August 31 2021,Placer,CA,Passenger,1,0,1,58,59,1.69
August 31 2021,Powhatan,VA,Passenger,1,0,1,1,2,50.00
August 31 2021,Platte,MO,Passenger,1,0,1,14,15,6.67
August 31 2021,Saint Louis,MO,Passenger,1,0,1,42,43,2.33
August 31 2021,Rutherford,TN,Passenger,0,1,1,16,17,5.88
August 31 2021,San Francisco,CA,Passenger,0,1,1,70,71,1.41
August 31 2021,Sarasota,FL,Passenger,1,0,1,20,21,4.76
August 31 2021,Shelby,OH,Passenger,0,1,1,0,1,100.00
August 31 2021,Skamania,WA,Truck,0,0,0,4070,4070,0.00
August 31 2021,Snohomish,WA,Truck,57,0,57,126653,126710,0.04
August 31 2021,Spokane,WA,Passenger,1195,716,1911,327324,329235,0.58
August 31 2021,Stevens,WA,Truck,2,0,2,18980,18982,0.01
August 31 2021,Suffolk City,VA,Passenger,1,0,1,112,113,0.88
August 31 2021,Walla Walla,WA,Passenger,120,84,204,36666,36870,0.55
August 31 2021,Ventura,CA,Passenger,1,2,3,235,238,1.26
August 31 2021,Washoe,NV,Passenger,1,0,1,52,53,1.89
August 31 2021,Whitman,WA,Passenger,66,55,121,22029,22150,0.55
August 31 2021,Whitman,WA,Truck,2,0,2,8613,8615,0.02
August 31 2021,Whatcom,WA,Truck,15,0,15,44048,44063,0.03
August 31 2021,Williamson,TX,Passenger,1,0,1,69,70,1.43
August 31 2021,Yakima,WA,Truck,5,0,5,62210,62215,0.01
September 30 2021,NULL,WA,Passenger,0,0,0,4,4,0.00
September 30 2021,NULL,NULL,Passenger,6,6,12,1395,1407,0.85
September 30 2021,Alexandria City,VA,Passenger,4,0,4,120,124,3.23
September 30 2021,Anchorage,AK,Passenger,1,0,1,118,119,0.84
September 30 2021,Benton,WA,Passenger,588,417,1005,136673,137678,0.73
September 30 2021,Bartow,GA,Passenger,0,1,1,2,3,33.33
September 30 2021,Bryan,GA,Passenger,1,0,1,51,52,1.92
September 30 2021,Clackamas,OR,Passenger,1,0,1,110,111,0.90
September 30 2021,Clallam,WA,Passenger,369,230,599,50676,51275,1.17
September 30 2021,Camden,GA,Passenger,1,0,1,111,112,0.89
September 30 2021,Columbia,GA,Passenger,1,0,1,105,106,0.94
September 30 2021,Duval,FL,Passenger,0,1,1,260,261,0.38
September 30 2021,Columbia,WA,Passenger,7,2,9,2464,2473,0.36
September 30 2021,Contra Costa,CA,Passenger,1,0,1,132,133,0.75
September 30 2021,Cumberland,NC,Truck,1,0,1,86,87,1.15
September 30 2021,Ferry,WA,Truck,0,0,0,3584,3584,0.00
September 30 2021,Flathead,MT,Passenger,1,0,1,30,31,3.23
September 30 2021,Danville City,VA,Passenger,1,0,1,0,1,100.00
September 30 2021,Garfield,WA,Truck,0,0,0,1008,1008,0.00
September 30 2021,Douglas,NE,Passenger,1,1,2,32,34,5.88
September 30 2021,Douglas,OR,Passenger,1,0,1,23,24,4.17
September 30 2021,Goochland,VA,Passenger,2,0,2,93,95,2.11
September 30 2021,Dupage,IL,Passenger,1,0,1,34,35,2.86
September 30 2021,Howard,MD,Passenger,0,1,1,64,65,1.54
September 30 2021,Guadalupe,TX,Passenger,1,0,1,31,32,3.12
September 30 2021,Harris,TX,Passenger,1,0,1,131,132,0.76
September 30 2021,Kitsap,WA,Passenger,2068,906,2974,181428,184402,1.61
September 30 2021,Honolulu,HI,Passenger,4,1,5,272,277,1.81
September 30 2021,Lincoln,WA,Passenger,9,16,25,7717,7742,0.32
September 30 2021,Jefferson,WA,Truck,1,0,1,9652,9653,0.01
September 30 2021,Kings,NY,Passenger,1,0,1,47,48,2.08
September 30 2021,Kitsap,WA,Truck,24,0,24,54509,54533,0.04
September 30 2021,Klamath,OR,Passenger,1,0,1,16,17,5.88
September 30 2021,Mason,WA,Truck,6,0,6,21276,21282,0.03
September 30 2021,Orange,CA,Passenger,3,1,4,369,373,1.07
September 30 2021,Montgomery,MD,Passenger,3,5,8,186,194,4.12
September 30 2021,Muscogee,GA,Passenger,0,1,1,136,137,0.73
September 30 2021,Norfolk City,VA,Passenger,1,1,2,294,296,0.68
September 30 2021,Riley,KS,Passenger,1,0,1,44,45,2.22
September 30 2021,Okanogan,WA,Truck,0,0,0,3869,3869,0.00
September 30 2021,Orange,FL,Passenger,1,0,1,84,85,1.18
September 30 2021,Pacific,WA,Passenger,58,60,118,16095,16213,0.73
September 30 2021,Santa Barbara,CA,Passenger,1,0,1,67,68,1.47
September 30 2021,Pennington,SD,Passenger,1,0,1,24,25,4.00
September 30 2021,Platte,MO,Passenger,1,0,1,14,15,6.67
September 30 2021,Suffolk City,VA,Passenger,1,0,1,112,113,0.88
September 30 2021,Saint Marys,MD,Passenger,1,1,2,155,157,1.27
September 30 2021,San Diego,CA,Passenger,13,10,23,2311,2334,0.99
September 30 2021,Santa Clara,CA,Passenger,5,1,6,175,181,3.31
September 30 2021,Skagit,WA,Passenger,664,305,969,91784,92753,1.04
September 30 2021,Williams,ND,Passenger,0,1,1,8,9,11.11
September 30 2021,Virginia Beach City,VA,Passenger,2,0,2,509,511,0.39
October 31 2021,Baltimore,MD,Passenger,1,0,1,34,35,2.86
September 30 2021,Whitman,WA,Passenger,67,59,126,21926,22052,0.57
October 31 2021,Bay,FL,Passenger,1,0,1,23,24,4.17
October 31 2021,Bexar,TX,Passenger,2,4,6,387,393,1.53
October 31 2021,Boone,MO,Passenger,0,1,1,6,7,14.29
October 31 2021,Alameda,CA,Passenger,2,0,2,170,172,1.16
October 31 2021,Anne Arundel,MD,Passenger,3,4,7,333,340,2.06
October 31 2021,Asotin,WA,Passenger,22,18,40,12693,12733,0.31
October 31 2021,Chelan,WA,Passenger,390,109,499,54603,55102,0.91
October 31 2021,Camden,GA,Passenger,1,0,1,108,109,0.92
October 31 2021,Clark,WA,Truck,41,0,41,83828,83869,0.05
October 31 2021,Cowlitz,WA,Passenger,270,165,435,71861,72296,0.60
October 31 2021,Dekalb,GA,Passenger,1,0,1,43,44,2.27
October 31 2021,Coryell,TX,Passenger,1,0,1,89,90,1.11
October 31 2021,Cowlitz,WA,Truck,8,0,8,29003,29011,0.03
October 31 2021,Cumberland,NC,Truck,1,0,1,85,86,1.16
October 31 2021,Danville City,VA,Passenger,1,0,1,0,1,100.00
October 31 2021,Douglas,WA,Truck,3,0,3,12635,12638,0.02
October 31 2021,Dupage,IL,Passenger,1,0,1,32,33,3.03
October 31 2021,District Of Columbia,DC,Passenger,3,1,4,184,188,2.13
October 31 2021,Erie,NY,Passenger,1,0,1,24,25,4.00
October 31 2021,El Paso,TX,Passenger,2,0,2,314,316,0.63
October 31 2021,Fairfax,VA,Passenger,5,6,11,589,600,1.83
October 31 2021,Fairbanks North Star,AK,Passenger,0,1,1,71,72,1.39
October 31 2021,Flathead,MT,Passenger,1,0,1,30,31,3.23
October 31 2021,Grant,WA,Passenger,134,101,235,66751,66986,0.35
October 31 2021,Grays Harbor,WA,Passenger,197,155,352,49352,49704,0.71
October 31 2021,Franklin,WA,Passenger,150,107,257,62041,62298,0.41
October 31 2021,Hennepin,MN,Passenger,1,0,1,52,53,1.89
October 31 2021,Grant,WA,Truck,4,0,4,27996,28000,0.01
October 31 2021,Hillsborough,FL,Passenger,0,1,1,112,113,0.88
October 31 2021,Howard,IN,Passenger,0,1,1,4,5,20.00
October 31 2021,Grays Harbor,WA,Truck,8,0,8,21317,21325,0.04
October 31 2021,Island,WA,Truck,9,0,9,21520,21529,0.04
October 31 2021,Jefferson,WA,Truck,1,0,1,9614,9615,0.01
October 31 2021,Klickitat,WA,Truck,1,0,1,8286,8287,0.01
October 31 2021,King,WA,Truck,157,1,158,182990,183148,0.09
October 31 2021,Kitsap,WA,Truck,25,0,25,54309,54334,0.05
October 31 2021,Klamath,OR,Passenger,1,0,1,16,17,5.88
October 31 2021,Los Angeles,CA,Passenger,4,5,9,671,680,1.32
October 31 2021,Lewis,WA,Truck,5,0,5,26662,26667,0.02
October 31 2021,Montgomery,MD,Passenger,3,5,8,186,194,4.12
October 31 2021,Montgomery,PA,Passenger,2,0,2,12,14,14.29
October 31 2021,Pacific,WA,Truck,0,0,0,7959,7959,0.00
October 31 2021,New Castle,DE,Passenger,1,0,1,13,14,7.14
October 31 2021,Pima,AZ,Passenger,0,1,1,181,182,0.55
October 31 2021,Pinellas,FL,Passenger,0,1,1,55,56,1.79
October 31 2021,Polk,FL,Passenger,1,0,1,43,44,2.27
October 31 2021,Powhatan,VA,Passenger,1,0,1,1,2,50.00
October 31 2021,Pennington,SD,Passenger,1,0,1,24,25,4.00
October 31 2021,Platte,MO,Passenger,1,0,1,14,15,6.67
October 31 2021,San Bernardino,CA,Passenger,0,1,1,329,330,0.30
October 31 2021,San Francisco,CA,Passenger,0,1,1,64,65,1.54
October 31 2021,Santa Cruz,CA,Passenger,1,0,1,24,25,4.00
October 31 2021,Skagit,WA,Passenger,667,310,977,91302,92279,1.06
October 31 2021,Snohomish,WA,Passenger,6760,2226,8986,537944,546930,1.64
October 31 2021,Spokane,WA,Truck,37,0,37,102219,102256,0.04
October 31 2021,Spokane,WA,Passenger,1245,755,2000,325826,327826,0.61
October 31 2021,Stevens,WA,Passenger,56,43,99,30162,30261,0.33
October 31 2021,Thurston,WA,Passenger,1869,943,2812,197070,199882,1.41
October 31 2021,Ventura,CA,Passenger,1,1,2,224,226,0.88
October 31 2021,Vigo,IN,Passenger,1,0,1,3,4,25.00
October 31 2021,Walla Walla,WA,Truck,3,0,3,14065,14068,0.02
October 31 2021,Whitman,WA,Passenger,65,60,125,21843,21968,0.57
October 31 2021,Wichita,TX,Passenger,1,0,1,35,36,2.78
November 30 2021,NULL,NULL,Truck,2,0,2,251,253,0.79
November 30 2021,NULL,CA,Passenger,1,4,5,211,216,2.31
November 30 2021,NULL,WA,Passenger,0,0,0,4,4,0.00
November 30 2021,Allegheny,PA,Passenger,1,0,1,42,43,2.33
November 30 2021,Albemarle,VA,Passenger,2,0,2,21,23,8.70
November 30 2021,Bell,TX,Passenger,0,1,1,277,278,0.36
November 30 2021,Baltimore,MD,Passenger,1,0,1,31,32,3.12
November 30 2021,Benton,WA,Truck,23,0,23,43439,43462,0.05
November 30 2021,Benton,WA,Passenger,625,433,1058,135448,136506,0.78
November 30 2021,Boone,MO,Passenger,0,1,1,6,7,14.29
November 30 2021,Bradley,TN,Passenger,0,1,1,0,1,100.00
November 30 2021,Calvert,MD,Passenger,0,2,2,79,81,2.47
November 30 2021,Clallam,WA,Passenger,379,238,617,50302,50919,1.21
November 30 2021,Charles,MD,Passenger,1,1,2,55,57,3.51
November 30 2021,Columbia,WA,Truck,2,0,2,1543,1545,0.13
November 30 2021,Clallam,WA,Truck,3,0,3,22035,22038,0.01
November 30 2021,Dekalb,GA,Passenger,1,0,1,42,43,2.33
November 30 2021,Davidson,TN,Passenger,1,0,1,31,32,3.12
November 30 2021,Douglas,WA,Passenger,106,56,162,28467,28629,0.57
November 30 2021,Erie,NY,Passenger,1,0,1,23,24,4.17
November 30 2021,Fairfax,VA,Passenger,4,6,10,582,592,1.69
November 30 2021,Greene,MO,Passenger,0,1,1,14,15,6.67
November 30 2021,Flathead,MT,Passenger,1,0,1,28,29,3.45
November 30 2021,Howard,MD,Passenger,0,1,1,61,62,1.61
November 30 2021,Island,WA,Passenger,704,348,1052,62890,63942,1.65
November 30 2021,Kent,DE,Passenger,0,1,1,47,48,2.08
November 30 2021,Kings,CA,Passenger,1,0,1,297,298,0.34
November 30 2021,Kitsap,WA,Truck,33,0,33,54227,54260,0.06
November 30 2021,Kittitas,WA,Truck,4,0,4,14644,14648,0.03
November 30 2021,Lincoln,WA,Truck,0,0,0,4779,4779,0.00
November 30 2021,Los Angeles,CA,Passenger,4,4,8,658,666,1.20
November 30 2021,Marin,CA,Passenger,0,1,1,27,28,3.57
November 30 2021,Mason,WA,Passenger,272,159,431,47475,47906,0.90
November 30 2021,Montgomery,AL,Passenger,0,1,1,31,32,3.12
November 30 2021,Multnomah,OR,Passenger,2,5,7,471,478,1.46
November 30 2021,Otero,NM,Passenger,0,1,1,30,31,3.23
November 30 2021,Pacific,WA,Truck,1,0,1,7957,7958,0.01
November 30 2021,Okanogan,NULL,Passenger,54,37,91,20578,20669,0.44
November 30 2021,Palm Beach,FL,Passenger,1,0,1,36,37,2.70
November 30 2021,Platte,MO,Passenger,1,0,1,14,15,6.67
November 30 2021,Saint Louis City,MO,Passenger,1,0,1,18,19,5.26
November 30 2021,Riverside,CA,Passenger,3,0,3,406,409,0.73
November 30 2021,Sevier,AR,Passenger,0,1,1,0,1,100.00
November 30 2021,Saint Marys,MD,Truck,1,0,1,41,42,2.38
November 30 2021,Skamania,WA,Passenger,60,42,102,8294,8396,1.21
November 30 2021,San Bernardino,CA,Passenger,0,2,2,323,325,0.62
November 30 2021,Santa Cruz,CA,Passenger,1,0,1,21,22,4.55
November 30 2021,Travis,TX,Passenger,1,0,1,88,89,1.12
November 30 2021,Skagit,WA,Truck,18,0,18,32604,32622,0.06
November 30 2021,Vigo,IN,Passenger,1,0,1,3,4,25.00
November 30 2021,Stafford,VA,Passenger,2,0,2,78,80,2.50
November 30 2021,Wahkiakum,WA,Passenger,17,10,27,3063,3090,0.87
November 30 2021,Wake,NC,Passenger,1,0,1,82,83,1.20
November 30 2021,Walla Walla,WA,Passenger,136,87,223,36215,36438,0.61
November 30 2021,Whatcom,WA,Passenger,1657,671,2328,149280,151608,1.54
November 30 2021,Williamson,TX,Passenger,1,0,1,62,63,1.59
November 30 2021,Washoe,NV,Passenger,1,0,1,48,49,2.04
November 30 2021,Wichita,TX,Passenger,1,0,1,34,35,2.86
December 31 2021,Alameda,CA,Passenger,2,0,2,168,170,1.18
November 30 2021,Williams,ND,Passenger,0,1,1,8,9,11.11
December 31 2021,Bexar,TX,Passenger,2,3,5,372,377,1.33
December 31 2021,Allegheny,PA,Passenger,1,0,1,39,40,2.50
December 31 2021,Asotin,WA,Truck,2,0,2,6696,6698,0.03
December 31 2021,Boulder,CO,Passenger,0,1,1,16,17,5.88
December 31 2021,Baltimore,MD,Passenger,1,0,1,31,32,3.12
December 31 2021,Boone,MO,Passenger,0,1,1,6,7,14.29
December 31 2021,Chelan,WA,Truck,10,0,10,22780,22790,0.04
December 31 2021,Caddo,LA,Passenger,1,0,1,6,7,14.29
December 31 2021,Clark,NV,Passenger,4,1,5,438,443,1.13
December 31 2021,Chaves,NM,Passenger,1,0,1,4,5,20.00
December 31 2021,Cowlitz,WA,Truck,10,0,10,28728,28738,0.03
December 31 2021,Davidson,TN,Passenger,1,0,1,29,30,3.33
December 31 2021,Dekalb,GA,Passenger,1,0,1,41,42,2.38
December 31 2021,Denton,TX,Passenger,1,0,1,40,41,2.44
December 31 2021,El Paso,TX,Passenger,1,0,1,297,298,0.34
December 31 2021,Franklin,WA,Truck,8,0,8,20661,20669,0.04
December 31 2021,Fresno,CA,Passenger,1,0,1,134,135,0.74
December 31 2021,Grant,WA,Truck,7,0,7,27694,27701,0.03
December 31 2021,Jefferson,WA,Passenger,385,194,579,24521,25100,2.31
December 31 2021,Kent,DE,Passenger,0,1,1,45,46,2.17
December 31 2021,Kern,CA,Passenger,1,1,2,163,165,1.21
December 31 2021,King,WA,Passenger,35336,9989,45325,1347820,1393145,3.25
December 31 2021,Leavenworth,KS,Passenger,0,1,1,99,100,1.00
December 31 2021,Lewis,WA,Passenger,216,171,387,58973,59360,0.65
December 31 2021,Los Angeles,CA,Passenger,2,4,6,640,646,0.93
December 31 2021,Marin,CA,Passenger,0,1,1,26,27,3.70
December 31 2021,Manassas City,VA,Passenger,0,1,1,5,6,16.67
December 31 2021,Mecklenburg,NC,Passenger,1,0,1,57,58,1.72
December 31 2021,Monterey,CA,Passenger,1,0,1,132,133,0.75
December 31 2021,Moore,NC,Passenger,0,1,1,109,110,0.91
December 31 2021,Nueces,TX,Passenger,1,0,1,56,57,1.75
December 31 2021,Okanogan,WA,Passenger,13,6,19,5748,5767,0.33
December 31 2021,Oldham,KY,Passenger,0,1,1,4,5,20.00
December 31 2021,Okanogan,NULL,Passenger,56,37,93,20471,20564,0.45
December 31 2021,Palm Beach,FL,Passenger,1,0,1,33,34,2.94
December 31 2021,Pierce,WA,Passenger,4402,2150,6552,551597,558149,1.17
December 31 2021,Saint Louis City,MO,Passenger,1,0,1,17,18,5.56
December 31 2021,San Bernardino,CA,Passenger,1,2,3,315,318,0.94
December 31 2021,San Juan,WA,Passenger,467,145,612,14024,14636,4.18
December 31 2021,San Juan,WA,Truck,0,0,0,5919,5919,0.00
December 31 2021,Santa Cruz,CA,Passenger,1,0,1,21,22,4.55
December 31 2021,Skagit,WA,Truck,22,0,22,32336,32358,0.07
December 31 2021,Snohomish,WA,Truck,93,0,93,124190,124283,0.07
December 31 2021,Spokane,WA,Truck,51,0,51,101627,101678,0.05
December 31 2021,Stevens,WA,Truck,2,0,2,18642,18644,0.01
December 31 2021,Thurston,WA,Passenger,1920,979,2899,195294,198193,1.46
December 31 2021,Thurston,WA,Truck,44,0,44,55475,55519,0.08
December 31 2021,Washoe,NV,Passenger,1,0,1,45,46,2.17
January 31 2022,NULL,WA,Passenger,0,0,0,3,3,0.00
December 31 2021,Wichita,TX,Passenger,1,0,1,34,35,2.86
December 31 2021,Yakima,WA,Passenger,296,181,477,167515,167992,0.28
January 31 2022,Benton,WA,Passenger,648,451,1099,133890,134989,0.81
December 31 2021,Yamhill,OR,Passenger,1,0,1,26,27,3.70
January 31 2022,Carroll,MD,Passenger,0,1,1,9,10,10.00
January 31 2022,Benton,WA,Truck,32,0,32,42918,42950,0.07
January 31 2022,Chaves,NM,Passenger,1,0,1,3,4,25.00
January 31 2022,Clallam,WA,Passenger,396,237,633,49569,50202,1.26
January 31 2022,Cumberland,NC,Passenger,0,2,2,343,345,0.58
January 31 2022,Charles,MD,Passenger,1,1,2,52,54,3.70
January 31 2022,Chelan,WA,Truck,11,0,11,22548,22559,0.05
January 31 2022,Chesapeake City,VA,Passenger,1,2,3,312,315,0.95
January 31 2022,Denton,TX,Passenger,1,0,1,36,37,2.70
January 31 2022,Clallam,WA,Truck,5,0,5,21793,21798,0.02
January 31 2022,Clark,WA,Passenger,3560,1559,5119,314069,319188,1.60
January 31 2022,Duval,FL,Passenger,0,1,1,227,228,0.44
January 31 2022,Ferry,WA,Truck,0,0,0,3479,3479,0.00
January 31 2022,Greene,MO,Passenger,0,1,1,13,14,7.14
January 31 2022,Honolulu,HI,Passenger,3,1,4,231,235,1.70
January 31 2022,Fresno,CA,Passenger,1,0,1,130,131,0.76
January 31 2022,Glacier,MT,Passenger,0,1,1,4,5,20.00
January 31 2022,Kings,NY,Passenger,1,0,1,44,45,2.22
January 31 2022,Kern,CA,Passenger,1,1,2,159,161,1.24
January 31 2022,Nueces,TX,Passenger,1,0,1,53,54,1.85
January 31 2022,Leavenworth,KS,Passenger,0,1,1,96,97,1.03
January 31 2022,Lincoln,WA,Passenger,8,17,25,7629,7654,0.33
January 31 2022,Monterey,CA,Passenger,1,0,1,129,130,0.77
January 31 2022,Otero,NM,Passenger,0,1,1,29,30,3.33
January 31 2022,Pacific,WA,Truck,2,0,2,7884,7886,0.03
January 31 2022,Pend Oreille,WA,Passenger,16,9,25,8921,8946,0.28
January 31 2022,Plaquemines,LA,Passenger,0,1,1,18,19,5.26
January 31 2022,Williams,ND,Passenger,0,1,1,8,9,11.11
January 31 2022,Prince William,VA,Truck,1,0,1,22,23,4.35
January 31 2022,Yakima,WA,Passenger,304,185,489,165939,166428,0.29
January 31 2022,Riley,KS,Passenger,1,0,1,39,40,2.50
February 28 2022,Adams,WA,Passenger,17,16,33,12601,12634,0.26
January 31 2022,San Juan,WA,Passenger,468,146,614,13888,14502,4.23
January 31 2022,Shelby,OH,Passenger,0,1,1,0,1,100.00
January 31 2022,Skamania,WA,Passenger,64,44,108,8147,8255,1.31
February 28 2022,Chelan,WA,Truck,12,0,12,22339,22351,0.05
January 31 2022,Thurston,WA,Truck,47,0,47,55004,55051,0.09
February 28 2022,Columbia,WA,Truck,1,0,1,1532,1533,0.07
January 31 2022,Wahkiakum,WA,Passenger,17,11,28,3001,3029,0.92
January 31 2022,Wake,NC,Passenger,1,0,1,77,78,1.28
January 31 2022,Whatcom,WA,Passenger,1696,672,2368,146825,149193,1.59
January 31 2022,Whitman,WA,Truck,5,0,5,8414,8419,0.06
January 31 2022,Yamhill,OR,Passenger,1,0,1,25,26,3.85
February 28 2022,NULL,NULL,Passenger,5,6,11,1212,1223,0.90
February 28 2022,Alexandria City,VA,Passenger,4,0,4,112,116,3.45
February 28 2022,Franklin,WA,Passenger,180,107,287,60438,60725,0.47
February 28 2022,Bartow,GA,Passenger,0,1,1,2,3,33.33
February 28 2022,Calvert,MD,Passenger,0,2,2,74,76,2.63
February 28 2022,Charles,MD,Truck,1,0,1,12,13,7.69
February 28 2022,Kern,CA,Passenger,1,1,2,155,157,1.27
February 28 2022,King,WA,Truck,239,1,240,177614,177854,0.13
February 28 2022,Lake,IL,Passenger,1,0,1,137,138,0.72
February 28 2022,Clark,WA,Truck,75,0,75,81276,81351,0.09
February 28 2022,Leavenworth,KS,Passenger,0,1,1,93,94,1.06
February 28 2022,Columbia,GA,Passenger,1,0,1,88,89,1.12
February 28 2022,Lewis,WA,Passenger,226,167,393,57714,58107,0.68
February 28 2022,Lewis,WA,Truck,9,0,9,25804,25813,0.03
February 28 2022,Cowlitz,WA,Passenger,285,170,455,69516,69971,0.65
February 28 2022,Manassas City,VA,Passenger,0,1,1,5,6,16.67
February 28 2022,Douglas,WA,Passenger,116,58,174,27880,28054,0.62
February 28 2022,Fairfax,VA,Passenger,4,5,9,542,551,1.63
February 28 2022,Montgomery,PA,Passenger,2,0,2,10,12,16.67
February 28 2022,Grant,WA,Passenger,140,99,239,64802,65041,0.37
February 28 2022,Multnomah,OR,Passenger,1,3,4,413,417,0.96
February 28 2022,Harris,TX,Passenger,1,0,1,103,104,0.96
February 28 2022,Hillsborough,FL,Passenger,0,1,1,98,99,1.01
February 28 2022,Okanogan,WA,Passenger,13,6,19,5609,5628,0.34
February 28 2022,Oldham,KY,Passenger,0,1,1,4,5,20.00
February 28 2022,Honolulu,HI,Passenger,3,1,4,222,226,1.77
February 28 2022,Howard,IN,Passenger,0,1,1,4,5,20.00
February 28 2022,Island,WA,Passenger,730,350,1080,61183,62263,1.73
February 28 2022,Pierce,WA,Passenger,4615,2162,6777,539732,546509,1.24
February 28 2022,Pierce,WA,Truck,94,0,94,140141,140235,0.07
February 28 2022,King,WA,Passenger,36798,10108,46906,1325200,1372106,3.42
February 28 2022,Kings,NY,Passenger,1,0,1,44,45,2.22
February 28 2022,Kittitas,WA,Passenger,219,66,285,28805,29090,0.98
February 28 2022,Riverside,CA,Passenger,3,0,3,366,369,0.81
February 28 2022,Lincoln,WA,Truck,0,0,0,4702,4702,0.00
February 28 2022,Saint Clair,IL,Passenger,1,0,1,110,111,0.90
February 28 2022,Santa Clara,CA,Passenger,3,0,3,147,150,2.00
February 28 2022,Thurston,WA,Truck,47,0,47,54351,54398,0.09
February 28 2022,Norfolk City,VA,Passenger,1,1,2,268,270,0.74
February 28 2022,Okanogan,WA,Truck,0,0,0,3719,3719,0.00
February 28 2022,Pend Oreille,WA,Truck,1,0,1,5497,5498,0.02
February 28 2022,Philadelphia,PA,Passenger,1,0,1,30,31,3.23
February 28 2022,Powhatan,VA,Passenger,1,0,1,1,2,50.00
February 28 2022,Saint Marys,MD,Passenger,1,1,2,137,139,1.44
February 28 2022,San Diego,CA,Passenger,12,10,22,2033,2055,1.07
February 28 2022,San Francisco,CA,Passenger,0,1,1,55,56,1.79
February 28 2022,Skamania,WA,Truck,0,0,0,3856,3856,0.00
February 28 2022,Spokane,WA,Passenger,1392,790,2182,317909,320091,0.68
February 28 2022,Wahkiakum,WA,Truck,0,0,0,1764,1764,0.00
February 28 2022,Walla Walla,WA,Passenger,149,93,242,35324,35566,0.68
February 28 2022,Whatcom,WA,Truck,30,0,30,42312,42342,0.07
